1	1
2	1
3	2
4	2
5	3
6	3
7	3
8	4
9	4
10	5
11	5
12	5
13	6
14	6
15	7
16	7
17	7
18	8
19	8
20	8
21	9
22	9
23	10
24	10
25	10
26	11
27	11
28	12
29	12
30	12
31	13
32	13
33	14
34	14
35	14
36	15
37	15
38	16
39	16
40	16
41	17
42	17
43	18
44	18
45	18
46	19
47	19
48	20
49	20
50	20
51	21
52	21
53	22
54	22
55	22
56	23
57	23
58	24
59	24
60	24
61	25
62	25
63	26
64	26
65	26
66	27
67	27
68	28
69	28
70	28
71	29
72	29
73	30
74	30
75	30
76	31
77	31
78	32
79	32
80	32
81	33
82	33
83	34
84	34
85	34
86	35
87	35
88	36
89	36
90	36
91	37
92	37
93	38
94	38
95	39
96	39
97	39
98	40
99	40
100	41
101	41
102	41
103	42
104	42
105	43
106	43
107	43
108	44
109	44
110	45
111	45
112	45
113	46
114	46
115	47
116	47
117	48
118	48
119	48
120	49
121	49
122	50
123	50
124	50
125	51
126	51
127	52
128	52
129	53
130	53
131	53
132	54
133	54
134	55
135	55
136	55
137	56
138	56
139	57
140	57
141	57
142	58
143	58
144	59
145	59
146	59
147	60
148	60
149	61
150	61
151	61
152	62
153	62
154	63
155	63
156	64
157	64
158	64
159	65
160	65
161	66
162	66
163	66
164	67
165	67
166	68
167	68
168	68
169	69
170	69
171	70
172	70
173	71
174	71
175	71
176	72
177	72
178	73
179	73
180	73
181	74
182	74
183	75
184	75
185	76
186	76
187	76
188	77
189	77
190	78
191	78
192	78
193	79
194	79
195	80
196	80
197	80
198	81
199	81
200	82
201	82
202	83
203	83
204	83
205	84
206	84
207	85
208	85
209	85
210	86
211	86
212	87
213	87
214	87
215	88
216	88
217	89
218	89
219	90
220	90
221	90
222	91
223	91
224	92
225	92
226	92
227	93
228	93
229	94
230	94
231	95
232	95
233	95
234	96
235	96
236	97
237	97
238	97
239	98
240	98
241	99
242	99
243	99
244	100
245	100
246	101
247	101
248	102
249	102
250	102
251	103
252	103
253	104
254	104
255	104
256	105
257	105
258	106
259	106
260	106
261	107
262	107
263	108
264	108
265	109
266	109
267	109
268	110
269	110
270	111
271	111
272	111
273	112
274	112
275	113
276	113
277	113
278	114
279	114
280	115
281	115
282	116
283	116
284	116
285	117
286	117
287	118
288	118
289	118
290	119
291	119
292	120
293	120
294	120
295	121
296	121
297	122
298	122
299	123
300	123
301	123
302	124
303	124
304	125
305	125
306	125
307	126
308	126
309	127
310	127
311	128
312	128
313	128
314	129
315	129
316	130
317	130
318	130
319	131
320	131
321	132
322	132
323	133
324	133
325	133
326	134
327	134
328	135
329	135
330	136
331	136
332	136
333	137
334	137
335	138
336	138
337	139
338	139
339	139
340	140
341	140
342	141
343	141
344	141
345	142
346	142
347	143
348	143
349	144
350	144
351	144
352	145
353	145
354	146
355	146
356	146
357	147
358	147
359	148
360	148
361	148
362	149
363	149
364	150
365	150
366	151
367	151
368	151
369	152
370	152
371	153
372	153
373	153
374	154
375	154
376	155
377	155
378	156
379	156
380	156
381	157
382	157
383	158
384	158
385	159
386	159
387	159
388	160
389	160
390	161
391	161
392	161
393	162
394	162
395	163
396	163
397	164
398	164
399	164
400	165
401	165
402	166
403	166
404	166
405	167
406	167
407	168
408	168
409	169
410	169
411	169
412	170
413	170
414	171
415	171
416	172
417	172
418	172
419	173
420	173
421	174
422	174
423	174
424	175
425	175
426	176
427	176
428	176
429	177
430	177
431	178
432	178
433	179
434	179
435	179
436	180
437	180
438	181
439	181
440	181
441	182
442	182
443	183
444	183
445	183
446	184
447	184
448	185
449	185
450	186
451	186
452	186
453	187
454	187
455	188
456	188
457	188
458	189
459	189
460	190
461	190
462	190
463	191
464	191
465	192
466	192
467	193
468	193
469	193
470	194
471	194
472	195
473	195
474	195
475	196
476	196
477	197
478	197
479	198
480	198
481	198
482	199
483	199
484	200
485	200
486	200
487	201
488	201
489	202
490	202
491	202
492	203
493	203
494	204
495	204
496	205
497	205
498	205
499	206
500	206
501	207
502	207
503	208
504	208
505	209
506	209
507	209
508	210
509	210
510	211
511	211
512	211
513	212
514	212
515	213
516	213
517	213
518	214
519	214
520	215
521	215
522	216
523	216
524	216
525	217
526	217
527	218
528	218
529	218
530	219
531	219
532	220
533	220
534	221
535	221
536	221
537	222
538	222
539	223
540	223
541	223
542	224
543	224
544	225
545	225
546	225
547	226
548	226
549	227
550	227
551	228
552	228
553	228
554	229
555	229
556	230
557	230
558	230
559	231
560	231
561	232
562	232
563	232
564	233
565	233
566	234
567	234
568	235
569	235
570	235
571	236
572	236
573	237
574	237
575	237
576	238
577	238
578	239
579	239
580	239
581	240
582	240
583	241
584	241
585	241
586	242
587	242
588	243
589	243
590	244
591	244
592	244
593	245
594	245
595	246
596	246
597	246
598	247
599	247
600	248
601	248
602	248
603	249
604	249
605	250
606	250
607	250
608	251
609	251
610	252
611	252
612	253
613	253
614	253
615	254
616	254
617	255
618	255
619	255
620	256
621	256
622	257
623	257
624	257
625	258
626	258
627	259
628	259
629	259
630	260
631	260
632	261
633	261
634	261
635	262
636	262
637	263
638	263
639	263
640	264
641	264
642	265
643	265
644	265
645	266
646	266
647	267
648	267
649	267
650	268
651	268
652	269
653	269
654	269
655	270
656	270
657	271
658	271
659	272
660	272
661	272
662	273
663	273
664	274
665	274
666	274
667	275
668	275
669	276
670	276
671	276
672	277
673	277
674	278
675	278
676	278
677	279
678	279
679	280
680	280
681	280
682	281
683	281
684	282
685	282
686	282
687	283
688	283
689	284
690	284
691	284
692	285
693	285
694	286
695	286
696	286
697	287
698	287
699	288
700	288
701	289
702	289
703	289
704	290
705	290
706	291
707	291
708	291
709	292
710	292
711	293
712	293
713	293
714	294
715	294
716	295
717	295
718	295
719	296
720	296
721	297
722	297
723	297
724	298
725	298
726	299
727	299
728	299
729	300
730	300
731	301
732	301
733	301
734	302
735	302
736	303
737	303
738	304
739	304
740	304
741	305
742	305
743	306
744	306
745	306
746	307
747	307
748	308
749	308
750	308
751	309
752	309
753	310
754	310
755	310
756	311
757	311
758	312
759	312
760	312
761	313
762	313
763	314
764	314
765	314
766	315
767	315
768	316
769	316
770	316
771	317
772	317
773	318
774	318
775	318
776	319
777	319
778	320
779	320
780	320
781	321
782	321
783	322
784	322
785	322
786	323
787	323
788	324
789	324
790	324
791	325
792	325
793	326
794	326
795	326
796	327
797	327
798	328
799	328
800	328
801	329
802	329
803	330
804	330
805	330
806	331
807	331
808	332
809	332
810	332
811	333
812	333
813	334
814	334
815	334
816	335
817	335
818	336
819	336
820	336
821	337
822	337
823	338
824	338
825	338
826	339
827	339
828	340
829	340
830	340
831	341
832	341
833	342
834	342
835	342
836	343
837	343
838	344
839	344
840	344
841	345
842	345
843	346
844	346
845	346
846	347
847	347
848	348
849	348
850	348
851	349
852	349
853	350
854	350
855	350
856	351
857	351
858	352
859	352
860	352
861	353
862	353
863	353
864	354
865	354
866	355
867	355
868	355
869	356
870	356
871	357
872	357
873	357
874	358
875	358
876	359
877	359
878	359
879	360
880	360
881	360
882	361
883	361
884	362
885	362
886	362
887	363
888	363
889	364
890	364
891	364
892	365
893	365
894	366
895	366
896	366
897	367
898	367
899	368
900	368
901	368
902	369
903	369
904	370
905	370
906	370
907	371
908	371
909	372
910	372
911	372
912	373
913	373
914	373
915	374
916	374
917	375
918	375
919	375
920	376
921	376
922	376
923	377
924	377
925	378
926	378
927	378
928	379
929	379
930	380
931	380
932	380
933	381
934	381
935	381
936	382
937	382
938	383
939	383
940	383
941	384
942	384
943	385
944	385
945	385
946	386
947	386
948	386
949	387
950	387
951	388
952	388
953	388
954	389
955	389
956	389
957	390
958	390
959	391
960	391
961	391
962	392
963	392
964	393
965	393
966	393
967	394
968	394
969	395
970	395
971	395
972	396
973	396
974	396
975	397
976	397
977	398
978	398
979	398
980	399
981	399
982	400
983	400
984	400
985	401
986	401
987	401
988	402
989	402
990	403
991	403
992	403
993	404
994	404
995	405
996	405
997	405
998	406
999	406
1000	407
1001	407
1002	407
1003	408
1004	408
1005	409
1006	409
1007	409
1008	410
1009	410
1010	411
1011	411
1012	411
1013	412
1014	412
1015	412
1016	413
1017	413
1018	414
1019	414
1020	414
1021	415
1022	415
1023	416
1024	416
1025	416
1026	417
1027	417
1028	417
1029	418
1030	418
1031	419
1032	419
1033	419
1034	420
1035	420
1036	421
1037	421
1038	421
1039	422
1040	422
1041	422
1042	423
1043	423
1044	424
1045	424
1046	424
1047	425
1048	425
1049	426
1050	426
1051	426
1052	427
1053	427
1054	427
1055	428
1056	428
1057	429
1058	429
1059	429
1060	430
1061	430
1062	431
1063	431
1064	431
1065	432
1066	432
1067	433
1068	433
1069	433
1070	434
1071	434
1072	434
1073	435
1074	435
1075	436
1076	436
1077	436
1078	437
1079	437
1080	437
1081	438
1082	438
1083	439
1084	439
1085	439
1086	440
1087	440
1088	441
1089	441
1090	441
1091	442
1092	442
1093	442
1094	443
1095	443
1096	444
1097	444
1098	444
1099	445
1100	445
1101	446
1102	446
1103	446
1104	447
1105	447
1106	448
1107	448
1108	448
1109	449
1110	449
1111	449
1112	450
1113	450
1114	451
1115	451
1116	451
1117	452
1118	452
1119	453
1120	453
1121	453
1122	454
1123	454
1124	454
1125	455
1126	455
1127	456
1128	456
1129	456
1130	457
1131	457
1132	457
1133	458
1134	458
1135	459
1136	459
1137	459
1138	460
1139	460
1140	461
1141	461
1142	461
1143	462
1144	462
1145	462
1146	463
1147	463
1148	464
1149	464
1150	464
1151	465
1152	465
1153	466
1154	466
1155	466
1156	467
1157	467
1158	467
1159	468
1160	468
1161	469
1162	469
1163	469
1164	470
1165	470
1166	471
1167	471
1168	471
1169	472
1170	472
1171	472
1172	473
1173	473
1174	474
1175	474
1176	474
1177	475
1178	475
1179	476
1180	476
1181	477
1182	477
1183	477
1184	478
1185	478
1186	478
1187	479
1188	479
1189	480
1190	480
1191	480
1192	481
1193	481
1194	482
1195	482
1196	482
1197	483
1198	483
1199	484
1200	484
1201	484
1202	485
1203	485
1204	485
1205	486
1206	486
1207	487
1208	487
1209	487
1210	488
1211	488
1212	489
1213	489
1214	489
1215	490
1216	490
1217	490
1218	491
1219	491
1220	492
1221	492
1222	492
1223	493
1224	493
1225	494
1226	494
1227	494
1228	495
1229	495
1230	495
1231	496
1232	496
1233	497
1234	497
1235	497
1236	498
1237	498
1238	498
1239	499
1240	499
1241	500
1242	500
1243	500
1244	501
1245	501
1246	502
1247	502
1248	502
1249	503
1250	503
1251	503
1252	504
1253	504
1254	505
1255	505
1256	505
1257	506
1258	506
1259	506
1260	507
1261	507
1262	508
1263	508
1264	508
1265	509
1266	509
1267	510
1268	510
1269	510
1270	511
1271	511
1272	512
1273	512
1274	512
1275	513
1276	513
1277	513
1278	514
1279	514
1280	515
1281	515
1282	515
1283	516
1284	516
1285	516
1286	517
1287	517
1288	518
1289	518
1290	518
1291	519
1292	519
1293	519
1294	520
1295	520
1296	521
1297	521
1298	521
1299	522
1300	522
1301	522
1302	523
1303	523
1304	524
1305	524
1306	524
1307	525
1308	525
1309	525
1310	526
1311	526
1312	527
1313	527
1314	527
1315	528
1316	528
1317	528
1318	529
1319	529
1320	530
1321	530
1322	530
1323	531
1324	531
1325	531
1326	532
1327	532
1328	533
1329	533
1330	533
1331	534
1332	534
1333	534
1334	535
1335	535
1336	536
1337	536
1338	536
1339	537
1340	537
1341	537
1342	538
1343	538
1344	539
1345	539
1346	539
1347	540
1348	540
1349	540
1350	541
1351	541
1352	542
1353	542
1354	542
1355	543
1356	543
1357	543
1358	544
1359	544
1360	545
1361	545
1362	545
1363	546
1364	546
1365	546
1366	547
1367	547
1368	548
1369	548
1370	548
1371	549
1372	549
1373	549
1374	550
1375	550
1376	551
1377	551
1378	551
1379	552
1380	552
1381	552
1382	553
1383	553
1384	554
1385	554
1386	554
1387	555
1388	555
1389	555
1390	556
1391	556
1392	557
1393	557
1394	557
1395	558
1396	558
1397	559
1398	559
1399	559
1400	560
1401	560
1402	560
1403	561
1404	561
1405	562
1406	562
1407	562
1408	563
1409	563
1410	563
1411	564
1412	564
1413	565
1414	565
1415	565
1416	566
1417	566
1418	566
1419	567
1420	567
1421	568
1422	568
1423	568
1424	569
1425	569
1426	569
1427	570
1428	570
1429	570
1430	571
1431	571
1432	572
1433	572
1434	572
1435	573
1436	573
1437	573
1438	574
1439	574
1440	575
1441	575
1442	575
1443	576
1444	576
1445	576
1446	577
1447	577
1448	578
1449	578
1450	578
1451	579
1452	579
1453	579
1454	580
1455	580
1456	581
1457	581
1458	581
1459	582
1460	582
1461	582
1462	583
1463	583
1464	584
1465	585
1466	585
1467	585
1468	586
1469	586
1470	586
1471	587
1472	587
1473	588
1474	588
1475	588
1476	589
1477	589
1478	589
1479	590
1480	590
1481	590
1482	591
1483	591
1484	592
1485	592
1486	592
1487	593
1488	593
1489	593
1490	594
1491	594
1492	595
1493	595
1494	595
1495	596
1496	596
1497	596
1498	597
1499	597
1500	598
1501	598
1502	598
1503	599
1504	599
1505	599
1506	600
1507	600
1508	601
1509	601
1510	601
1511	602
1512	602
1513	603
1514	603
1515	603
1516	604
1517	604
1518	604
1519	605
1520	605
1521	606
1522	606
1523	606
1524	607
1525	607
1526	607
1527	608
1528	608
1529	609
1530	609
1531	609
1532	610
1533	610
1534	610
1535	611
1536	611
1537	612
1538	612
1539	612
1540	613
1541	613
1542	613
1543	614
1544	614
1545	614
1546	615
1547	615
1548	616
1549	616
1550	616
1551	617
1552	617
1553	618
1554	618
1555	618
1556	619
1557	619
1558	619
1559	620
1560	620
1561	620
1562	621
1563	621
1564	622
1565	622
1566	622
1567	623
1568	623
1569	624
1570	624
1571	624
1572	625
1573	625
1574	625
1575	626
1576	626
1577	627
1578	627
1579	627
1580	628
1581	628
1582	629
1583	629
1584	629
1585	630
1586	630
1587	630
1588	631
1589	631
1590	631
1591	632
1592	632
1593	633
1594	633
1595	633
1596	634
1597	634
1598	634
1599	635
1600	635
1601	636
1602	636
1603	636
1604	637
1605	637
1606	637
1607	638
1608	638
1609	639
1610	639
1611	639
1612	640
1613	640
1614	640
1615	641
1616	641
1617	642
1618	642
1619	642
1620	643
1621	643
1622	643
1623	644
1624	644
1625	645
1626	645
1627	645
1628	646
1629	646
1630	646
1631	647
1632	647
1633	648
1634	648
1635	648
1636	649
1637	649
1638	649
1639	650
1640	650
1641	650
1642	651
1643	651
1644	652
1645	652
1646	652
1647	653
1648	653
1649	653
1650	654
1651	654
1652	655
1653	655
1654	655
1655	656
1656	656
1657	656
1658	657
1659	657
1660	657
1661	658
1662	658
1663	659
1664	659
1665	659
1666	660
1667	660
1668	660
1669	661
1670	661
1671	661
1672	662
1673	662
1674	663
1675	663
1676	663
1677	664
1678	664
1679	664
1680	665
1681	665
1682	665
1683	666
1684	666
1685	667
1686	667
1687	667
1688	668
1689	668
1690	668
1691	669
1692	669
1693	669
1694	670
1695	670
1696	671
1697	671
1698	671
1699	672
1700	672
1701	672
1702	673
1703	673
1704	673
1705	674
1706	674
1707	675
1708	675
1709	675
1710	676
1711	676
1712	676
1713	677
1714	677
1715	677
1716	678
1717	678
1718	679
1719	679
1720	679
1721	680
1722	680
1723	680
1724	681
1725	681
1726	682
1727	682
1728	682
1729	683
1730	683
1731	683
1732	684
1733	684
1734	685
1735	685
1736	685
1737	686
1738	686
1739	686
1740	687
1741	687
1742	688
1743	688
1744	688
1745	689
1746	689
1747	689
1748	690
1749	690
1750	690
1751	691
1752	691
1753	692
1754	692
1755	692
1756	693
1757	693
1758	694
1759	694
1760	694
1761	695
1762	695
1763	695
1764	696
1765	696
1766	697
1767	697
1768	697
1769	698
1770	698
1771	698
1772	699
1773	699
1774	700
1775	700
1776	700
1777	701
1778	701
1779	701
1780	702
1781	702
1782	702
1783	703
1784	703
1785	704
1786	704
1787	704
1788	705
1789	705
1790	705
1791	706
1792	706
1793	706
1794	707
1795	707
1796	708
1797	708
1798	708
1799	709
1800	709
1801	709
1802	710
1803	710
1804	710
1805	711
1806	711
1807	712
1808	712
1809	712
1810	713
1811	713
1812	713
1813	714
1814	714
1815	714
1816	715
1817	715
1818	716
1819	716
1820	716
1821	717
1822	717
1823	717
1824	718
1825	718
1826	718
1827	719
1828	719
1829	720
1830	720
1831	720
1832	721
1833	721
1834	721
1835	722
1836	722
1837	722
1838	723
1839	723
1840	724
1841	724
1842	724
1843	725
1844	725
1845	725
1846	726
1847	726
1848	727
1849	727
1850	727
1851	728
1852	728
1853	728
1854	729
1855	729
1856	729
1857	730
1858	730
1859	731
1860	731
1861	731
1862	732
1863	732
1864	732
1865	733
1866	733
1867	733
1868	734
1869	734
1870	734
1871	735
1872	735
1873	736
1874	736
1875	736
1876	737
1877	737
1878	737
1879	738
1880	738
1881	738
1882	739
1883	739
1884	740
1885	740
1886	740
1887	741
1888	741
1889	741
1890	742
1891	742
1892	743
1893	743
1894	743
1895	744
1896	744
1897	744
1898	745
1899	745
1900	745
1901	746
1902	746
1903	746
1904	747
1905	747
1906	748
1907	748
1908	748
1909	749
1910	749
1911	749
1912	750
1913	750
1914	750
1915	751
1916	751
1917	752
1918	752
1919	752
1920	753
1921	753
1922	753
1923	754
1924	754
1925	754
1926	755
1927	755
1928	756
1929	756
1930	756
1931	757
1932	757
1933	757
1934	758
1935	758
1936	758
1937	759
1938	759
1939	760
1940	760
1941	760
1942	761
1943	761
1944	761
1945	762
1946	762
1947	762
1948	763
1949	763
1950	763
1951	764
1952	764
1953	765
1954	765
1955	765
1956	766
1957	766
1958	766
1959	767
1960	767
1961	767
1962	768
1963	768
1964	769
1965	769
1966	769
1967	770
1968	770
1969	770
1970	771
1971	771
1972	772
1973	772
1974	772
1975	773
1976	773
1977	773
1978	774
1979	774
1980	774
1981	775
1982	775
1983	776
1984	776
1985	776
1986	777
1987	777
1988	777
1989	778
1990	778
1991	778
1992	779
1993	779
1994	780
1995	780
1996	780
1997	781
1998	781
1999	781
2000	782
2001	782
2002	783
2003	783
2004	783
2005	784
2006	784
2007	785
2008	785
2009	785
2010	786
2011	786
2012	786
2013	787
2014	787
2015	787
2016	788
2017	788
2018	788
2019	789
2020	789
2021	790
2022	790
2023	790
2024	791
2025	791
2026	791
2027	792
2028	792
2029	792
2030	793
2031	793
2032	793
2033	794
2034	794
2035	795
2036	795
2037	795
2038	796
2039	796
2040	796
2041	797
2042	797
2043	797
2044	798
2045	798
2046	798
2047	799
2048	799
2049	799
2050	800
2051	800
2052	801
2053	801
2054	801
2055	802
2056	802
2057	802
2058	803
2059	803
2060	803
2061	804
2062	804
2063	805
2064	805
2065	805
2066	806
2067	806
2068	806
2069	807
2070	807
2071	807
2072	808
2073	808
2074	809
2075	809
2076	809
2077	810
2078	810
2079	810
2080	811
2081	811
2082	811
2083	812
2084	812
2085	812
2086	813
2087	813
2088	814
2089	814
2090	814
2091	815
2092	815
2093	815
2094	816
2095	816
2096	816
2097	817
2098	817
2099	818
2100	818
2101	818
2102	819
2103	819
2104	819
2105	820
2106	820
2107	820
2108	821
2109	821
2110	822
2111	822
2112	822
2113	823
2114	823
2115	823
2116	824
2117	824
2118	824
2119	825
2120	825
2121	826
2122	826
2123	826
2124	827
2125	827
2126	827
2127	828
2128	828
2129	828
2130	829
2131	829
2132	829
2133	830
2134	830
2135	831
2136	831
2137	831
2138	832
2139	832
2140	832
2141	833
2142	833
2143	833
2144	834
2145	834
2146	835
2147	835
2148	835
2149	836
2150	836
2151	836
2152	837
2153	837
2154	837
2155	838
2156	838
2157	838
2158	839
2159	839
2160	840
2161	840
2162	840
2163	841
2164	841
2165	841
2166	842
2167	842
2168	842
2169	843
2170	843
2171	844
2172	844
2173	844
2174	845
2175	845
2176	845
2177	846
2178	846
2179	846
2180	847
2181	847
2182	848
2183	848
2184	848
2185	849
2186	849
2187	849
2188	850
2189	850
2190	850
2191	851
2192	851
2193	851
2194	852
2195	852
2196	853
2197	853
2198	853
2199	854
2200	854
2201	854
2202	855
2203	855
2204	855
2205	856
2206	856
2207	857
2208	857
2209	857
2210	858
2211	858
2212	858
2213	859
2214	859
2215	859
2216	860
2217	860
2218	860
2219	861
2220	861
2221	862
2222	862
2223	862
2224	863
2225	863
2226	863
2227	864
2228	864
2229	864
2230	865
2231	865
2232	865
2233	866
2234	866
2235	866
2236	867
2237	867
2238	868
2239	868
2240	868
2241	869
2242	869
2243	869
2244	870
2245	870
2246	870
2247	871
2248	871
2249	871
2250	872
2251	872
2252	873
2253	873
2254	873
2255	874
2256	874
2257	874
2258	875
2259	875
2260	875
2261	876
2262	876
2263	876
2264	877
2265	877
2266	877
2267	878
2268	878
2269	879
2270	879
2271	879
2272	880
2273	880
2274	880
2275	881
2276	881
2277	881
2278	882
2279	882
2280	883
2281	883
2282	883
2283	884
2284	884
2285	884
2286	885
2287	885
2288	885
2289	886
2290	886
2291	886
2292	887
2293	887
2294	887
2295	888
2296	888
2297	889
2298	889
2299	889
2300	890
2301	890
2302	890
2303	891
2304	891
2305	891
2306	892
2307	892
2308	892
2309	893
2310	893
2311	893
2312	894
2313	894
2314	895
2315	895
2316	895
2317	896
2318	896
2319	896
2320	897
2321	897
2322	897
2323	898
2324	898
2325	898
2326	899
2327	899
2328	899
2329	900
2330	900
2331	901
2332	901
2333	901
2334	902
2335	902
2336	902
2337	903
2338	903
2339	903
2340	904
2341	904
2342	904
2343	905
2344	905
2345	906
2346	906
2347	906
2348	907
2349	907
2350	907
2351	908
2352	908
2353	908
2354	909
2355	909
2356	909
2357	910
2358	910
2359	911
2360	911
2361	911
2362	912
2363	912
2364	912
2365	913
2366	913
2367	913
2368	914
2369	914
2370	914
2371	915
2372	915
2373	915
2374	916
2375	916
2376	917
2377	917
2378	917
2379	918
2380	918
2381	918
2382	919
2383	919
2384	919
2385	920
2386	920
2387	920
2388	921
2389	921
2390	921
2391	922
2392	922
2393	923
2394	923
2395	923
2396	924
2397	924
2398	924
2399	925
2400	925
2401	925
2402	926
2403	926
2404	926
2405	927
2406	927
2407	928
2408	928
2409	928
2410	929
2411	929
2412	929
2413	930
2414	930
2415	930
2416	931
2417	931
2418	932
2419	932
2420	932
2421	933
2422	933
2423	933
2424	934
2425	934
2426	934
2427	935
2428	935
2429	936
2430	936
2431	936
2432	937
2433	937
2434	937
2435	938
2436	938
2437	938
2438	939
2439	939
2440	939
2441	940
2442	940
2443	941
2444	941
2445	941
2446	942
2447	942
2448	942
2449	943
2450	943
2451	943
2452	944
2453	944
2454	944
2455	945
2456	945
2457	945
2458	946
2459	946
2460	947
2461	947
2462	947
2463	948
2464	948
2465	948
2466	949
2467	949
2468	949
2469	950
2470	950
2471	950
2472	951
2473	951
2474	951
2475	952
2476	952
2477	953
2478	953
2479	953
2480	954
2481	954
2482	954
2483	955
2484	955
2485	955
2486	956
2487	956
2488	957
2489	957
2490	957
2491	958
2492	958
2493	958
2494	959
2495	959
2496	959
2497	960
2498	960
2499	960
2500	961
2501	961
2502	962
2503	962
2504	962
2505	963
2506	963
2507	963
2508	964
2509	964
2510	965
2511	965
2512	965
2513	966
2514	966
2515	966
2516	967
2517	967
2518	967
2519	968
2520	968
2521	969
2522	969
2523	969
2524	970
2525	970
2526	970
2527	971
2528	971
2529	971
2530	972
2531	972
2532	973
2533	973
2534	973
2535	974
2536	974
2537	974
2538	975
2539	975
2540	975
2541	976
2542	976
2543	976
2544	977
2545	977
2546	978
2547	978
2548	978
2549	979
2550	979
2551	979
2552	980
2553	980
2554	980
2555	981
2556	981
2557	981
2558	982
2559	982
2560	983
2561	983
2562	983
2563	984
2564	984
2565	984
2566	985
2567	985
2568	985
2569	986
2570	986
2571	986
2572	987
2573	987
2574	988
2575	988
2576	988
2577	989
2578	989
2579	989
2580	990
2581	990
2582	990
2583	991
2584	991
2585	991
2586	992
2587	992
2588	992
2589	993
2590	993
2591	994
2592	994
2593	994
2594	995
2595	995
2596	995
2597	996
2598	996
2599	996
2600	997
2601	997
2602	997
2603	998
2604	998
2605	998
2606	999
2607	999
2608	1000
2609	1000
2610	1000
2611	1001
2612	1001
2613	1001
2614	1002
2615	1002
2616	1002
2617	1003
2618	1003
2619	1003
2620	1004
2621	1004
2622	1005
2623	1005
2624	1005
2625	1006
2626	1006
2627	1006
2628	1007
2629	1007
2630	1007
2631	1008
2632	1008
2633	1008
2634	1009
2635	1009
2636	1009
2637	1010
2638	1010
2639	1011
2640	1011
2641	1011
2642	1012
2643	1012
2644	1012
2645	1013
2646	1013
2647	1013
2648	1014
2649	1014
2650	1014
2651	1015
2652	1015
2653	1016
2654	1016
2655	1016
2656	1017
2657	1017
2658	1017
2659	1018
2660	1018
2661	1018
2662	1019
2663	1019
2664	1019
2665	1020
2666	1020
2667	1021
2668	1021
2669	1021
2670	1022
2671	1022
2672	1022
2673	1023
2674	1023
2675	1023
2676	1024
2677	1024
2678	1024
2679	1025
2680	1025
2681	1025
2682	1026
2683	1026
2684	1026
2685	1027
2686	1027
2687	1028
2688	1028
2689	1028
2690	1029
2691	1029
2692	1029
2693	1030
2694	1030
2695	1030
2696	1031
2697	1031
2698	1031
2699	1032
2700	1032
2701	1032
2702	1033
2703	1033
2704	1033
2705	1034
2706	1034
2707	1035
2708	1035
2709	1035
2710	1036
2711	1036
2712	1036
2713	1037
2714	1037
2715	1037
2716	1038
2717	1038
2718	1038
2719	1039
2720	1039
2721	1039
2722	1040
2723	1040
2724	1041
2725	1041
2726	1041
2727	1042
2728	1042
2729	1042
2730	1043
2731	1043
2732	1043
2733	1044
2734	1044
2735	1044
2736	1045
2737	1045
2738	1045
2739	1046
2740	1046
2741	1046
2742	1047
2743	1047
2744	1047
2745	1048
2746	1048
2747	1048
2748	1049
2749	1049
2750	1049
2751	1050
2752	1050
2753	1050
2754	1051
2755	1051
2756	1051
2757	1052
2758	1052
2759	1052
2760	1053
2761	1053
2762	1053
2763	1054
2764	1054
2765	1055
2766	1055
2767	1055
2768	1056
2769	1056
2770	1056
2771	1057
2772	1057
2773	1057
2774	1058
2775	1058
2776	1058
2777	1059
2778	1059
2779	1059
2780	1060
2781	1060
2782	1060
2783	1061
2784	1061
2785	1061
2786	1062
2787	1062
2788	1062
2789	1063
2790	1063
2791	1063
2792	1064
2793	1064
2794	1064
2795	1065
2796	1065
2797	1065
2798	1066
2799	1066
2800	1066
2801	1067
2802	1067
2803	1067
2804	1068
2805	1068
2806	1068
2807	1069
2808	1069
2809	1069
2810	1070
2811	1070
2812	1070
2813	1071
2814	1071
2815	1071
2816	1072
2817	1072
2818	1072
2819	1073
2820	1073
2821	1073
2822	1074
2823	1074
2824	1074
2825	1075
2826	1075
2827	1075
2828	1076
2829	1076
2830	1077
2831	1077
2832	1077
2833	1078
2834	1078
2835	1078
2836	1079
2837	1079
2838	1079
2839	1080
2840	1080
2841	1080
2842	1081
2843	1081
2844	1081
2845	1082
2846	1082
2847	1082
2848	1083
2849	1083
2850	1083
2851	1084
2852	1084
2853	1085
2854	1085
2855	1085
2856	1086
2857	1086
2858	1086
2859	1087
2860	1087
2861	1087
2862	1088
2863	1088
2864	1088
2865	1089
2866	1089
2867	1089
2868	1090
2869	1090
2870	1090
2871	1091
2872	1091
2873	1091
2874	1092
2875	1092
2876	1092
2877	1093
2878	1093
2879	1093
2880	1094
2881	1094
2882	1095
2883	1095
2884	1095
2885	1096
2886	1096
2887	1096
2888	1097
2889	1097
2890	1097
2891	1098
2892	1098
2893	1098
2894	1099
2895	1099
2896	1099
2897	1100
2898	1100
2899	1100
2900	1101
2901	1101
2902	1101
2903	1102
2904	1102
2905	1102
2906	1103
2907	1103
2908	1104
2909	1104
2910	1104
2911	1105
2912	1105
2913	1105
2914	1106
2915	1106
2916	1106
2917	1107
2918	1107
2919	1107
2920	1108
2921	1108
2922	1108
2923	1109
2924	1109
2925	1109
2926	1110
2927	1110
2928	1110
2929	1111
2930	1111
2931	1111
2932	1112
2933	1112
2934	1112
2935	1113
2936	1113
2937	1113
2938	1114
2939	1114
2940	1114
2941	1115
2942	1115
2943	1115
2944	1116
2945	1116
2946	1117
2947	1117
2948	1117
2949	1118
2950	1118
2951	1118
2952	1119
2953	1119
2954	1119
2955	1120
2956	1120
2957	1120
2958	1121
2959	1121
2960	1121
2961	1122
2962	1122
2963	1122
2964	1123
2965	1123
2966	1123
2967	1124
2968	1124
2969	1124
2970	1125
2971	1125
2972	1125
2973	1126
2974	1126
2975	1126
2976	1127
2977	1127
2978	1127
2979	1128
2980	1128
2981	1128
2982	1129
2983	1129
2984	1129
2985	1130
2986	1130
2987	1130
2988	1131
2989	1131
2990	1131
2991	1132
2992	1132
2993	1132
2994	1133
2995	1133
2996	1133
2997	1134
2998	1134
2999	1134
3000	1135
3001	1135
3002	1136
3003	1136
3004	1136
3005	1137
3006	1137
3007	1137
3008	1138
3009	1138
3010	1138
3011	1139
3012	1139
3013	1139
3014	1140
3015	1140
3016	1140
3017	1141
3018	1141
3019	1141
3020	1142
3021	1142
3022	1142
3023	1143
3024	1143
3025	1143
3026	1144
3027	1144
3028	1144
3029	1145
3030	1145
3031	1145
3032	1146
3033	1146
3034	1146
3035	1147
3036	1147
3037	1147
3038	1148
3039	1148
3040	1148
3041	1149
3042	1149
3043	1149
3044	1150
3045	1150
3046	1150
3047	1151
3048	1151
3049	1151
3050	1152
3051	1152
3052	1152
3053	1153
3054	1153
3055	1154
3056	1154
3057	1154
3058	1155
3059	1155
3060	1155
3061	1156
3062	1156
3063	1156
3064	1157
3065	1157
3066	1157
3067	1158
3068	1158
3069	1158
3070	1159
3071	1159
3072	1159
3073	1160
3074	1160
3075	1160
3076	1161
3077	1161
3078	1161
3079	1162
3080	1162
3081	1162
3082	1163
3083	1163
3084	1163
3085	1164
3086	1164
3087	1164
3088	1165
3089	1165
3090	1165
3091	1166
3092	1166
3093	1167
3094	1167
3095	1167
3096	1168
3097	1168
3098	1168
3099	1169
3100	1169
3101	1169
3102	1170
3103	1170
3104	1170
3105	1171
3106	1171
3107	1171
3108	1172
3109	1172
3110	1172
3111	1173
3112	1173
3113	1173
3114	1174
3115	1174
3116	1174
3117	1175
3118	1175
3119	1175
3120	1176
3121	1176
3122	1176
3123	1177
3124	1177
3125	1178
3126	1178
3127	1178
3128	1179
3129	1179
3130	1179
3131	1180
3132	1180
3133	1180
3134	1181
3135	1181
3136	1181
3137	1182
3138	1182
3139	1182
3140	1183
3141	1183
3142	1183
3143	1184
3144	1185
3145	1185
3146	1185
3147	1186
3148	1186
3149	1186
3150	1187
3151	1187
3152	1187
3153	1188
3154	1188
3155	1188
3156	1189
3157	1189
3158	1189
3159	1190
3160	1190
3161	1190
3162	1191
3163	1191
3164	1191
3165	1192
3166	1192
3167	1192
3168	1193
3169	1193
3170	1194
3171	1194
3172	1194
3173	1195
3174	1195
3175	1195
3176	1196
3177	1196
3178	1196
3179	1197
3180	1197
3181	1197
3182	1198
3183	1198
3184	1198
3185	1199
3186	1199
3187	1199
3188	1200
3189	1200
3190	1200
3191	1201
3192	1201
3193	1201
3194	1202
3195	1202
3196	1202
3197	1203
3198	1203
3199	1203
3200	1204
3201	1204
3202	1204
3203	1205
3204	1205
3205	1205
3206	1206
3207	1206
3208	1206
3209	1207
3210	1207
3211	1207
3212	1208
3213	1208
3214	1208
3215	1209
3216	1209
3217	1209
3218	1210
3219	1210
3220	1210
3221	1211
3222	1211
3223	1211
3224	1212
3225	1212
3226	1212
3227	1213
3228	1213
3229	1213
3230	1214
3231	1214
3232	1215
3233	1215
3234	1215
3235	1216
3236	1216
3237	1216
3238	1217
3239	1217
3240	1217
3241	1218
3242	1218
3243	1218
3244	1219
3245	1219
3246	1219
3247	1220
3248	1220
3249	1220
3250	1221
3251	1221
3252	1221
3253	1222
3254	1222
3255	1222
3256	1223
3257	1223
3258	1223
3259	1224
3260	1224
3261	1224
3262	1225
3263	1225
3264	1225
3265	1226
3266	1226
3267	1226
3268	1227
3269	1227
3270	1227
3271	1228
3272	1228
3273	1228
3274	1229
3275	1229
3276	1229
3277	1230
3278	1230
3279	1230
3280	1231
3281	1231
3282	1231
3283	1232
3284	1232
3285	1232
3286	1233
3287	1233
3288	1233
3289	1234
3290	1234
3291	1234
3292	1235
3293	1235
3294	1235
3295	1236
3296	1236
3297	1236
3298	1237
3299	1237
3300	1237
3301	1238
3302	1238
3303	1239
3304	1239
3305	1239
3306	1240
3307	1240
3308	1240
3309	1241
3310	1241
3311	1241
3312	1242
3313	1242
3314	1242
3315	1243
3316	1243
3317	1243
3318	1244
3319	1244
3320	1244
3321	1245
3322	1245
3323	1245
3324	1246
3325	1246
3326	1246
3327	1247
3328	1247
3329	1247
3330	1248
3331	1248
3332	1248
3333	1249
3334	1249
3335	1249
3336	1250
3337	1250
3338	1250
3339	1251
3340	1251
3341	1251
3342	1252
3343	1252
3344	1252
3345	1253
3346	1253
3347	1253
3348	1254
3349	1254
3350	1254
3351	1255
3352	1255
3353	1255
3354	1256
3355	1256
3356	1256
3357	1257
3358	1257
3359	1257
3360	1258
3361	1258
3362	1258
3363	1259
3364	1259
3365	1259
3366	1260
3367	1260
3368	1260
3369	1261
3370	1261
3371	1261
3372	1262
3373	1262
3374	1262
3375	1263
3376	1263
3377	1263
3378	1264
3379	1264
3380	1264
3381	1265
3382	1265
3383	1265
3384	1266
3385	1266
3386	1266
3387	1267
3388	1267
3389	1267
3390	1268
3391	1268
3392	1268
3393	1269
3394	1269
3395	1269
3396	1270
3397	1270
3398	1270
3399	1271
3400	1271
3401	1271
3402	1272
3403	1272
3404	1272
3405	1273
3406	1273
3407	1273
3408	1274
3409	1274
3410	1274
3411	1275
3412	1275
3413	1275
3414	1276
3415	1276
3416	1276
3417	1277
3418	1277
3419	1277
3420	1278
3421	1278
3422	1278
3423	1279
3424	1279
3425	1279
3426	1280
3427	1280
3428	1280
3429	1281
3430	1281
3431	1281
3432	1282
3433	1282
3434	1282
3435	1283
3436	1283
3437	1283
3438	1284
3439	1284
3440	1284
3441	1285
3442	1285
3443	1285
3444	1286
3445	1286
3446	1286
3447	1287
3448	1287
3449	1287
3450	1288
3451	1288
3452	1288
3453	1289
3454	1289
3455	1289
3456	1290
3457	1290
3458	1290
3459	1291
3460	1291
3461	1291
3462	1292
3463	1292
3464	1292
3465	1293
3466	1293
3467	1293
3468	1293
3469	1294
3470	1294
3471	1295
3472	1295
3473	1295
3474	1296
3475	1296
3476	1296
3477	1297
3478	1297
3479	1297
3480	1298
3481	1298
3482	1298
3483	1299
3484	1299
3485	1299
3486	1300
3487	1300
3488	1300
3489	1301
3490	1301
3491	1301
3492	1302
3493	1302
3494	1302
3495	1303
3496	1303
3497	1303
3498	1304
3499	1304
3500	1304
3501	1305
3502	1305
3503	1305
3504	1306
3505	1306
3506	1306
3507	1307
3508	1307
3509	1307
3510	1308
3511	1308
3512	1308
3513	1309
3514	1309
3515	1309
3516	1310
3517	1310
3518	1310
3519	1311
3520	1311
3521	1311
3522	1312
3523	1312
3524	1312
3525	1313
3526	1313
3527	1313
3528	1314
3529	1314
3530	1314
3531	1315
3532	1315
3533	1315
3534	1316
3535	1316
3536	1316
3537	1317
3538	1317
3539	1317
3540	1318
3541	1318
3542	1318
3543	1319
3544	1319
3545	1319
3546	1320
3547	1320
3548	1320
3549	1321
3550	1321
3551	1321
3552	1322
3553	1322
3554	1322
3555	1323
3556	1323
3557	1323
3558	1324
3559	1324
3560	1324
3561	1325
3562	1325
3563	1325
3564	1326
3565	1326
3566	1326
3567	1327
3568	1327
3569	1327
3570	1328
3571	1328
3572	1328
3573	1329
3574	1329
3575	1329
3576	1329
3577	1330
3578	1330
3579	1330
3580	1331
3581	1331
3582	1331
3583	1332
3584	1332
3585	1332
3586	1333
3587	1333
3588	1333
3589	1334
3590	1334
3591	1334
3592	1335
3593	1335
3594	1335
3595	1336
3596	1336
3597	1336
3598	1337
3599	1337
3600	1337
3601	1338
3602	1338
3603	1338
3604	1339
3605	1339
3606	1339
3607	1340
3608	1340
3609	1341
3610	1341
3611	1341
3612	1342
3613	1342
3614	1342
3615	1343
3616	1343
3617	1343
3618	1344
3619	1344
3620	1344
3621	1345
3622	1345
3623	1345
3624	1346
3625	1346
3626	1346
3627	1346
3628	1347
3629	1347
3630	1347
3631	1348
3632	1348
3633	1348
3634	1349
3635	1349
3636	1350
3637	1350
3638	1350
3639	1351
3640	1351
3641	1351
3642	1352
3643	1352
3644	1352
3645	1353
3646	1353
3647	1353
3648	1354
3649	1354
3650	1354
3651	1355
3652	1355
3653	1355
3654	1356
3655	1356
3656	1356
3657	1357
3658	1357
3659	1357
3660	1358
3661	1358
3662	1358
3663	1359
3664	1359
3665	1359
3666	1360
3667	1360
3668	1360
3669	1361
3670	1361
3671	1361
3672	1362
3673	1362
3674	1362
3675	1363
3676	1363
3677	1363
3678	1364
3679	1364
3680	1364
3681	1365
3682	1365
3683	1365
3684	1366
3685	1366
3686	1366
3687	1367
3688	1367
3689	1367
3690	1368
3691	1368
3692	1368
3693	1369
3694	1369
3695	1369
3696	1370
3697	1370
3698	1370
3699	1371
3700	1371
3701	1371
3702	1372
3703	1372
3704	1372
3705	1373
3706	1373
3707	1373
3708	1374
3709	1374
3710	1374
3711	1375
3712	1375
3713	1375
3714	1376
3715	1376
3716	1376
3717	1377
3718	1377
3719	1377
3720	1378
3721	1378
3722	1378
3723	1379
3724	1379
3725	1379
3726	1380
3727	1380
3728	1380
3729	1381
3730	1381
3731	1381
3732	1381
3733	1382
3734	1382
3735	1382
3736	1383
3737	1383
3738	1383
3739	1384
3740	1384
3741	1384
3742	1385
3743	1385
3744	1385
3745	1386
3746	1386
3747	1386
3748	1387
3749	1387
3750	1387
3751	1388
3752	1388
3753	1388
3754	1389
3755	1389
3756	1389
3757	1390
3758	1390
3759	1390
3760	1391
3761	1391
3762	1391
3763	1392
3764	1392
3765	1392
3766	1393
3767	1393
3768	1393
3769	1394
3770	1394
3771	1394
3772	1395
3773	1395
3774	1395
3775	1396
3776	1396
3777	1396
3778	1397
3779	1397
3780	1397
3781	1397
3782	1398
3783	1398
3784	1398
3785	1399
3786	1399
3787	1399
3788	1400
3789	1400
3790	1400
3791	1401
3792	1401
3793	1401
3794	1402
3795	1402
3796	1402
3797	1403
3798	1403
3799	1403
3800	1404
3801	1404
3802	1404
3803	1405
3804	1405
3805	1405
3806	1405
3807	1406
3808	1406
3809	1406
3810	1407
3811	1407
3812	1407
3813	1408
3814	1408
3815	1408
3816	1409
3817	1409
3818	1409
3819	1410
3820	1410
3821	1410
3822	1411
3823	1411
3824	1411
3825	1412
3826	1412
3827	1412
3828	1413
3829	1413
3830	1413
3831	1414
3832	1414
3833	1414
3834	1415
3835	1415
3836	1415
3837	1416
3838	1416
3839	1416
3840	1417
3841	1417
3842	1417
3843	1418
3844	1418
3845	1418
3846	1418
3847	1419
3848	1419
3849	1420
3850	1420
3851	1420
3852	1421
3853	1421
3854	1421
3855	1421
3856	1422
3857	1422
3858	1422
3859	1423
3860	1423
3861	1423
3862	1424
3863	1424
3864	1424
3865	1425
3866	1425
3867	1425
3868	1426
3869	1426
3870	1426
3871	1427
3872	1427
3873	1427
3874	1428
3875	1428
3876	1428
3877	1429
3878	1429
3879	1429
3880	1430
3881	1430
3882	1430
3883	1431
3884	1431
3885	1431
3886	1432
3887	1432
3888	1432
3889	1433
3890	1433
3891	1433
3892	1434
3893	1434
3894	1434
3895	1435
3896	1435
3897	1435
3898	1436
3899	1436
3900	1436
3901	1436
3902	1437
3903	1437
3904	1437
3905	1438
3906	1438
3907	1438
3908	1439
3909	1439
3910	1439
3911	1440
3912	1440
3913	1440
3914	1441
3915	1441
3916	1441
3917	1442
3918	1442
3919	1442
3920	1443
3921	1443
3922	1443
3923	1444
3924	1444
3925	1444
3926	1444
3927	1445
3928	1445
3929	1445
3930	1446
3931	1446
3932	1446
3933	1447
3934	1447
3935	1447
3936	1448
3937	1448
3938	1448
3939	1449
3940	1449
3941	1449
3942	1450
3943	1450
3944	1450
3945	1451
3946	1451
3947	1451
3948	1452
3949	1452
3950	1452
3951	1452
3952	1453
3953	1453
3954	1453
3955	1454
3956	1454
3957	1454
3958	1455
3959	1455
3960	1455
3961	1456
3962	1456
3963	1456
3964	1457
3965	1457
3966	1457
3967	1458
3968	1458
3969	1458
3970	1459
3971	1459
3972	1459
3973	1460
3974	1460
3975	1460
3976	1461
3977	1461
3978	1461
3979	1462
3980	1462
3981	1462
3982	1462
3983	1463
3984	1463
3985	1463
3986	1464
3987	1464
3988	1464
3989	1465
3990	1465
3991	1465
3992	1466
3993	1466
3994	1466
3995	1467
3996	1467
3997	1467
3998	1468
3999	1468
4000	1468
4001	1469
4002	1469
4003	1469
4004	1470
4005	1470
4006	1470
4007	1471
4008	1471
4009	1471
4010	1472
4011	1472
4012	1472
4013	1473
4014	1473
4015	1473
4016	1474
4017	1474
4018	1474
4019	1475
4020	1475
4021	1475
4022	1475
4023	1476
4024	1476
4025	1476
4026	1477
4027	1477
4028	1477
4029	1478
4030	1478
4031	1478
4032	1479
4033	1479
4034	1479
4035	1480
4036	1480
4037	1480
4038	1481
4039	1481
4040	1481
4041	1482
4042	1482
4043	1482
4044	1482
4045	1483
4046	1483
4047	1484
4048	1484
4049	1484
4050	1484
4051	1485
4052	1485
4053	1485
4054	1486
4055	1486
4056	1486
4057	1487
4058	1487
4059	1487
4060	1488
4061	1488
4062	1488
4063	1489
4064	1489
4065	1489
4066	1490
4067	1490
4068	1490
4069	1491
4070	1491
4071	1491
4072	1491
4073	1492
4074	1492
4075	1492
4076	1493
4077	1493
4078	1493
4079	1494
4080	1494
4081	1494
4082	1495
4083	1495
4084	1495
4085	1496
4086	1496
4087	1496
4088	1497
4089	1497
4090	1497
4091	1498
4092	1498
4093	1498
4094	1499
4095	1499
4096	1499
4097	1499
4098	1500
4099	1500
4100	1500
4101	1501
4102	1501
4103	1501
4104	1502
4105	1502
4106	1502
4107	1503
4108	1503
4109	1503
4110	1504
4111	1504
4112	1504
4113	1505
4114	1505
4115	1505
4116	1506
4117	1506
4118	1506
4119	1506
4120	1507
4121	1507
4122	1507
4123	1508
4124	1508
4125	1508
4126	1509
4127	1509
4128	1509
4129	1510
4130	1510
4131	1510
4132	1511
4133	1511
4134	1511
4135	1511
4136	1512
4137	1512
4138	1512
4139	1513
4140	1513
4141	1513
4142	1514
4143	1514
4144	1514
4145	1515
4146	1515
4147	1515
4148	1516
4149	1516
4150	1516
4151	1517
4152	1517
4153	1517
4154	1518
4155	1518
4156	1518
4157	1519
4158	1519
4159	1519
4160	1519
4161	1520
4162	1520
4163	1520
4164	1521
4165	1521
4166	1521
4167	1522
4168	1522
4169	1522
4170	1523
4171	1523
4172	1523
4173	1524
4174	1524
4175	1524
4176	1525
4177	1525
4178	1525
4179	1526
4180	1526
4181	1526
4182	1526
4183	1527
4184	1527
4185	1527
4186	1528
4187	1528
4188	1528
4189	1529
4190	1529
4191	1529
4192	1530
4193	1530
4194	1530
4195	1531
4196	1531
4197	1531
4198	1532
4199	1532
4200	1532
4201	1533
4202	1533
4203	1533
4204	1534
4205	1534
4206	1534
4207	1534
4208	1535
4209	1535
4210	1535
4211	1536
4212	1536
4213	1536
4214	1537
4215	1537
4216	1537
4217	1538
4218	1538
4219	1538
4220	1539
4221	1539
4222	1539
4223	1540
4224	1540
4225	1540
4226	1541
4227	1541
4228	1541
4229	1541
4230	1542
4231	1542
4232	1542
4233	1543
4234	1543
4235	1543
4236	1544
4237	1544
4238	1544
4239	1545
4240	1545
4241	1545
4242	1546
4243	1546
4244	1546
4245	1547
4246	1547
4247	1547
4248	1547
4249	1548
4250	1548
4251	1548
4252	1549
4253	1549
4254	1549
4255	1550
4256	1550
4257	1550
4258	1551
4259	1551
4260	1551
4261	1552
4262	1552
4263	1552
4264	1553
4265	1553
4266	1553
4267	1553
4268	1554
4269	1554
4270	1554
4271	1555
4272	1555
4273	1555
4274	1556
4275	1556
4276	1556
4277	1557
4278	1557
4279	1557
4280	1558
4281	1558
4282	1558
4283	1559
4284	1559
4285	1559
4286	1559
4287	1560
4288	1560
4289	1560
4290	1561
4291	1561
4292	1561
4293	1562
4294	1562
4295	1562
4296	1563
4297	1563
4298	1563
4299	1564
4300	1564
4301	1564
4302	1565
4303	1565
4304	1565
4305	1565
4306	1566
4307	1566
4308	1566
4309	1567
4310	1567
4311	1567
4312	1568
4313	1568
4314	1568
4315	1569
4316	1569
4317	1569
4318	1570
4319	1570
4320	1570
4321	1570
4322	1571
4323	1571
4324	1571
4325	1572
4326	1572
4327	1572
4328	1573
4329	1573
4330	1573
4331	1574
4332	1574
4333	1574
4334	1575
4335	1575
4336	1575
4337	1576
4338	1576
4339	1576
4340	1576
4341	1577
4342	1577
4343	1577
4344	1578
4345	1578
4346	1578
4347	1579
4348	1579
4349	1579
4350	1580
4351	1580
4352	1580
4353	1581
4354	1581
4355	1581
4356	1582
4357	1582
4358	1582
4359	1582
4360	1583
4361	1583
4362	1583
4363	1584
4364	1584
4365	1584
4366	1585
4367	1585
4368	1585
4369	1586
4370	1586
4371	1586
4372	1587
4373	1587
4374	1587
4375	1587
4376	1588
4377	1588
4378	1588
4379	1589
4380	1589
4381	1589
4382	1590
4383	1590
4384	1590
4385	1591
4386	1591
4387	1591
4388	1592
4389	1592
4390	1592
4391	1592
4392	1593
4393	1593
4394	1593
4395	1594
4396	1594
4397	1594
4398	1595
4399	1595
4400	1595
4401	1596
4402	1596
4403	1596
4404	1597
4405	1597
4406	1597
4407	1597
4408	1598
4409	1598
4410	1598
4411	1599
4412	1599
4413	1599
4414	1600
4415	1600
4416	1600
4417	1601
4418	1601
4419	1601
4420	1602
4421	1602
4422	1602
4423	1602
4424	1603
4425	1603
4426	1603
4427	1604
4428	1604
4429	1604
4430	1605
4431	1605
4432	1605
4433	1606
4434	1606
4435	1606
4436	1606
4437	1607
4438	1607
4439	1607
4440	1608
4441	1608
4442	1608
4443	1609
4444	1609
4445	1609
4446	1610
4447	1610
4448	1610
4449	1611
4450	1611
4451	1611
4452	1611
4453	1612
4454	1612
4455	1612
4456	1613
4457	1613
4458	1613
4459	1614
4460	1614
4461	1614
4462	1615
4463	1615
4464	1615
4465	1616
4466	1616
4467	1616
4468	1616
4469	1617
4470	1617
4471	1617
4472	1618
4473	1618
4474	1618
4475	1619
4476	1619
4477	1619
4478	1620
4479	1620
4480	1620
4481	1621
4482	1621
4483	1621
4484	1621
4485	1622
4486	1622
4487	1622
4488	1623
4489	1623
4490	1623
4491	1624
4492	1624
4493	1624
4494	1625
4495	1625
4496	1625
4497	1626
4498	1626
4499	1626
4500	1627
4501	1627
4502	1627
4503	1628
4504	1628
4505	1628
4506	1628
4507	1629
4508	1629
4509	1629
4510	1630
4511	1630
4512	1630
4513	1631
4514	1631
4515	1631
4516	1632
4517	1632
4518	1632
4519	1633
4520	1633
4521	1633
4522	1634
4523	1634
4524	1634
4525	1634
4526	1635
4527	1635
4528	1635
4529	1636
4530	1636
4531	1636
4532	1637
4533	1637
4534	1637
4535	1638
4536	1638
4537	1638
4538	1639
4539	1639
4540	1639
4541	1639
4542	1640
4543	1640
4544	1640
4545	1641
4546	1641
4547	1641
4548	1642
4549	1642
4550	1642
4551	1643
4552	1643
4553	1643
4554	1644
4555	1644
4556	1644
4557	1645
4558	1645
4559	1645
4560	1645
4561	1646
4562	1646
4563	1646
4564	1647
4565	1647
4566	1647
4567	1648
4568	1648
4569	1648
4570	1649
4571	1649
4572	1649
4573	1650
4574	1650
4575	1650
4576	1651
4577	1651
4578	1651
4579	1651
4580	1652
4581	1652
4582	1652
4583	1653
4584	1653
4585	1653
4586	1654
4587	1654
4588	1654
4589	1655
4590	1655
4591	1655
4592	1655
4593	1656
4594	1656
4595	1656
4596	1657
4597	1657
4598	1657
4599	1658
4600	1658
4601	1658
4602	1659
4603	1659
4604	1659
4605	1660
4606	1660
4607	1660
4608	1660
4609	1661
4610	1661
4611	1661
4612	1662
4613	1662
4614	1662
4615	1663
4616	1663
4617	1663
4618	1664
4619	1664
4620	1664
4621	1664
4622	1665
4623	1665
4624	1665
4625	1666
4626	1666
4627	1666
4628	1666
4629	1667
4630	1667
4631	1667
4632	1667
4633	1668
4634	1668
4635	1668
4636	1669
4637	1669
4638	1669
4639	1669
4640	1670
4641	1670
4642	1670
4643	1670
4644	1671
4645	1671
4646	1671
4647	1672
4648	1672
4649	1672
4650	1672
4651	1673
4652	1673
4653	1673
4654	1673
4655	1674
4656	1674
4657	1674
4658	1675
4659	1675
4660	1675
4661	1675
4662	1676
4663	1676
4664	1676
4665	1676
4666	1677
4667	1677
4668	1677
4669	1678
4670	1678
4671	1678
4672	1678
4673	1679
4674	1679
4675	1679
4676	1679
4677	1680
4678	1680
4679	1680
4680	1681
4681	1681
4682	1681
4683	1681
4684	1682
4685	1682
4686	1682
4687	1682
4688	1683
4689	1683
4690	1683
4691	1684
4692	1684
4693	1684
4694	1684
4695	1685
4696	1685
4697	1685
4698	1685
4699	1686
4700	1686
4701	1686
4702	1686
4703	1687
4704	1687
4705	1687
4706	1688
4707	1688
4708	1688
4709	1688
4710	1689
4711	1689
4712	1689
4713	1689
4714	1690
4715	1690
4716	1690
4717	1690
4718	1691
4719	1691
4720	1691
4721	1691
4722	1692
4723	1692
4724	1692
4725	1692
4726	1693
4727	1693
4728	1693
4729	1693
4730	1693
4731	1694
4732	1694
4733	1694
4734	1694
4735	1695
4736	1695
4737	1695
4738	1695
4739	1696
4740	1696
4741	1696
4742	1696
4743	1697
4744	1697
4745	1697
4746	1697
4747	1697
4748	1698
4749	1698
4750	1698
4751	1698
4752	1698
4753	1699
4754	1699
4755	1699
4756	1699
4757	1700
4758	1700
4759	1700
4760	1700
4761	1701
4762	1701
4763	1701
4764	1701
4765	1702
4766	1702
4767	1702
4768	1702
4769	1702
4770	1703
4771	1703
4772	1703
4773	1703
4774	1703
4775	1704
4776	1704
4777	1704
4778	1704
4779	1705
4780	1705
4781	1705
4782	1705
4783	1705
4784	1706
4785	1706
4786	1706
4787	1706
4788	1706
4789	1707
4790	1707
4791	1707
4792	1707
4793	1708
4794	1708
4795	1708
4796	1708
4797	1708
4798	1709
4799	1709
4800	1709
4801	1709
4802	1709
4803	1710
4804	1710
4805	1710
4806	1710
4807	1711
4808	1711
4809	1711
4810	1711
4811	1711
4812	1712
4813	1712
4814	1712
4815	1712
4816	1712
4817	1713
4818	1713
4819	1713
4820	1713
4821	1713
4822	1714
4823	1714
4824	1714
4825	1714
4826	1714
4827	1715
4828	1715
4829	1715
4830	1715
4831	1715
4832	1716
4833	1716
4834	1716
4835	1716
4836	1716
4837	1717
4838	1717
4839	1717
4840	1717
4841	1717
4842	1718
4843	1718
4844	1718
4845	1718
4846	1718
4847	1719
4848	1719
4849	1719
4850	1719
4851	1719
4852	1720
4853	1720
4854	1720
4855	1720
4856	1720
4857	1721
4858	1721
4859	1721
4860	1721
4861	1721
4862	1722
4863	1722
4864	1722
4865	1722
4866	1722
4867	1723
4868	1723
4869	1723
4870	1723
4871	1723
4872	1723
4873	1724
4874	1724
4875	1724
4876	1724
4877	1724
4878	1725
4879	1725
4880	1725
4881	1725
4882	1725
4883	1726
4884	1726
4885	1726
4886	1726
4887	1726
4888	1726
4889	1727
4890	1727
4891	1727
4892	1727
4893	1727
4894	1727
4895	1728
4896	1728
4897	1728
4898	1728
4899	1728
4900	1729
4901	1729
4902	1729
4903	1729
4904	1729
4905	1729
4906	1730
4907	1730
4908	1730
4909	1730
4910	1730
4911	1730
4912	1731
4913	1731
4914	1731
4915	1731
4916	1731
4917	1732
4918	1732
4919	1732
4920	1732
4921	1732
4922	1732
4923	1732
4924	1733
4925	1733
4926	1733
4927	1733
4928	1733
4929	1733
4930	1734
4931	1734
4932	1734
4933	1734
4934	1734
4935	1734
4936	1735
4937	1735
4938	1735
4939	1735
4940	1735
4941	1736
4942	1736
4943	1736
4944	1736
4945	1736
4946	1736
4947	1737
4948	1737
4949	1737
4950	1737
4951	1737
4952	1737
4953	1737
4954	1738
4955	1738
4956	1738
4957	1738
4958	1738
4959	1738
4960	1739
4961	1739
4962	1739
4963	1739
4964	1739
4965	1739
4966	1739
4967	1740
4968	1740
4969	1740
4970	1740
4971	1740
4972	1740
4973	1741
4974	1741
4975	1741
4976	1741
4977	1741
4978	1741
4979	1741
4980	1742
4981	1742
4982	1742
4983	1742
4984	1742
4985	1742
4986	1742
4987	1743
4988	1743
4989	1743
4990	1743
4991	1743
4992	1743
4993	1744
4994	1744
4995	1744
4996	1744
4997	1744
4998	1744
4999	1745
5000	1745
5001	1745
5002	1745
5003	1745
5004	1746
5005	1746
5006	1746
5007	1746
5008	1746
5009	1746
5010	1746
5011	1747
5012	1747
5013	1747
5014	1747
5015	1747
5016	1747
5017	1748
5018	1748
5019	1748
5020	1748
5021	1748
5022	1748
5023	1748
5024	1749
5025	1749
5026	1749
5027	1749
5028	1749
5029	1749
5030	1750
5031	1750
5032	1750
5033	1750
5034	1750
5035	1750
5036	1751
5037	1751
5038	1751
5039	1751
5040	1751
5041	1751
5042	1751
5043	1752
5044	1752
5045	1752
5046	1752
5047	1752
5048	1752
5049	1753
5050	1753
5051	1753
5052	1753
5053	1753
5054	1753
5055	1753
5056	1753
5057	1754
5058	1754
5059	1754
5060	1754
5061	1754
5062	1754
5063	1754
5064	1755
5065	1755
5066	1755
5067	1755
5068	1755
5069	1755
5070	1756
5071	1756
5072	1756
5073	1756
5074	1756
5075	1756
5076	1756
5077	1756
5078	1757
5079	1757
5080	1757
5081	1757
5082	1757
5083	1757
5084	1758
5085	1758
5086	1758
5087	1758
5088	1758
5089	1758
5090	1758
5091	1759
5092	1759
5093	1759
5094	1759
5095	1759
5096	1759
5097	1759
5098	1760
5099	1760
5100	1760
5101	1760
5102	1760
5103	1760
5104	1760
5105	1761
5106	1761
5107	1761
5108	1761
5109	1761
5110	1761
5111	1761
5112	1762
5113	1762
5114	1762
5115	1762
5116	1762
5117	1762
5118	1762
5119	1762
5120	1763
5121	1763
5122	1763
5123	1763
5124	1763
5125	1763
5126	1764
5127	1764
5128	1764
5129	1764
5130	1764
5131	1764
5132	1764
5133	1765
5134	1765
5135	1765
5136	1765
5137	1765
5138	1765
5139	1765
5140	1765
5141	1766
5142	1766
5143	1766
5144	1766
5145	1766
5146	1766
5147	1767
5148	1767
5149	1767
5150	1767
5151	1767
5152	1767
5153	1767
5154	1768
5155	1768
5156	1768
5157	1768
5158	1768
5159	1768
5160	1768
5161	1769
5162	1769
5163	1769
5164	1769
5165	1769
5166	1769
5167	1769
5168	1770
5169	1770
5170	1770
5171	1770
5172	1770
5173	1770
5174	1770
5175	1770
5176	1771
5177	1771
5178	1771
5179	1771
5180	1771
5181	1771
5182	1771
5183	1772
5184	1772
5185	1772
5186	1772
5187	1772
5188	1772
5189	1772
5190	1773
5191	1773
5192	1773
5193	1773
5194	1773
5195	1773
5196	1773
5197	1774
5198	1774
5199	1774
5200	1774
5201	1774
5202	1774
5203	1774
5204	1775
5205	1775
5206	1775
5207	1775
5208	1775
5209	1775
5210	1775
5211	1775
5212	1776
5213	1776
5214	1776
5215	1776
5216	1776
5217	1776
5218	1776
5219	1777
5220	1777
5221	1777
5222	1777
5223	1777
5224	1777
5225	1777
5226	1777
5227	1778
5228	1778
5229	1778
5230	1778
5231	1778
5232	1778
5233	1778
5234	1779
5235	1779
5236	1779
5237	1779
5238	1779
5239	1779
5240	1779
5241	1779
5242	1780
5243	1780
5244	1780
5245	1780
5246	1780
5247	1780
5248	1780
5249	1780
5250	1781
5251	1781
5252	1781
5253	1781
5254	1781
5255	1781
5256	1781
5257	1781
5258	1782
5259	1782
5260	1782
5261	1782
5262	1782
5263	1782
5264	1782
5265	1783
5266	1783
5267	1783
5268	1783
5269	1783
5270	1783
5271	1783
5272	1784
5273	1784
5274	1784
5275	1785
5276	1785
5277	1785
5278	1785
5279	1785
5280	1785
5281	1785
5282	1786
5283	1786
5284	1786
5285	1786
5286	1786
5287	1786
5288	1786
5289	1786
5290	1787
5291	1787
5292	1787
5293	1787
5294	1787
5295	1787
5296	1787
5297	1787
5298	1788
5299	1788
5300	1788
5301	1788
5302	1788
5303	1788
5304	1789
5305	1789
5306	1789
5307	1789
5308	1789
5309	1789
5310	1789
5311	1789
5312	1790
5313	1790
5314	1790
5315	1790
5316	1790
5317	1790
5318	1790
5319	1791
5320	1791
5321	1791
5322	1791
5323	1791
5324	1791
5325	1791
5326	1791
5327	1792
5328	1792
5329	1792
5330	1792
5331	1792
5332	1792
5333	1792
5334	1793
5335	1793
5336	1793
5337	1793
5338	1793
5339	1793
5340	1793
5341	1793
5342	1794
5343	1794
5344	1794
5345	1794
5346	1794
5347	1794
5348	1794
5349	1794
5350	1795
5351	1795
5352	1795
5353	1795
5354	1795
5355	1795
5356	1796
5357	1796
5358	1796
5359	1796
5360	1796
5361	1796
5362	1796
5363	1796
5364	1797
5365	1797
5366	1797
5367	1797
5368	1797
5369	1797
5370	1797
5371	1798
5372	1798
5373	1798
5374	1798
5375	1798
5376	1798
5377	1798
5378	1799
5379	1799
5380	1799
5381	1799
5382	1799
5383	1799
5384	1799
5385	1799
5386	1800
5387	1800
5388	1800
5389	1800
5390	1800
5391	1800
5392	1800
5393	1801
5394	1801
5395	1801
5396	1801
5397	1801
5398	1801
5399	1801
5400	1802
5401	1802
5402	1802
5403	1802
5404	1802
5405	1802
5406	1802
5407	1802
5408	1803
5409	1803
5410	1803
5411	1803
5412	1803
5413	1803
5414	1803
5415	1803
5416	1804
5417	1804
5418	1804
5419	1804
5420	1804
5421	1804
5422	1804
5423	1805
5424	1805
5425	1805
5426	1805
5427	1805
5428	1805
5429	1805
5430	1805
5431	1806
5432	1806
5433	1806
5434	1806
5435	1806
5436	1806
5437	1807
5438	1807
5439	1807
5440	1807
5441	1807
5442	1807
5443	1807
5444	1807
5445	1808
5446	1808
5447	1808
5448	1808
5449	1808
5450	1808
5451	1808
5452	1808
5453	1809
5454	1809
5455	1809
5456	1809
5457	1809
5458	1809
5459	1809
5460	1810
5461	1810
5462	1810
5463	1810
5464	1810
5465	1810
5466	1810
5467	1811
5468	1811
5469	1811
5470	1811
5471	1811
5472	1811
5473	1811
5474	1811
5475	1812
5476	1812
5477	1812
5478	1812
5479	1812
5480	1812
5481	1812
5482	1813
5483	1813
5484	1813
5485	1813
5486	1813
5487	1813
5488	1813
5489	1813
5490	1814
5491	1814
5492	1814
5493	1814
5494	1814
5495	1814
5496	1814
5497	1814
5498	1815
5499	1815
5500	1815
5501	1815
5502	1815
5503	1815
5504	1816
5505	1816
5506	1816
5507	1816
5508	1816
5509	1816
5510	1816
5511	1816
5512	1817
5513	1817
5514	1817
5515	1817
5516	1817
5517	1817
5518	1817
5519	1817
5520	1818
5521	1818
5522	1818
5523	1818
5524	1818
5525	1818
5526	1818
5527	1819
5528	1819
5529	1819
5530	1819
5531	1819
5532	1819
5533	1819
5534	1819
5535	1820
5536	1820
5537	1820
5538	1820
5539	1820
5540	1820
5541	1820
5542	1821
5543	1821
5544	1821
5545	1821
5546	1821
5547	1821
5548	1821
5549	1821
5550	1822
5551	1822
5552	1822
5553	1822
5554	1822
5555	1822
5556	1822
5557	1822
5558	1823
5559	1823
5560	1823
5561	1823
5562	1823
5563	1823
5564	1823
5565	1824
5566	1824
5567	1824
5568	1824
5569	1824
5570	1824
5571	1824
5572	1824
5573	1824
5574	1825
5575	1825
5576	1825
5577	1825
5578	1825
5579	1825
5580	1825
5581	1826
5582	1826
5583	1826
5584	1826
5585	1826
5586	1826
5587	1826
5588	1827
5589	1827
5590	1827
5591	1827
5592	1827
5593	1827
5594	1827
5595	1827
5596	1828
5597	1828
5598	1828
5599	1828
5600	1828
5601	1828
5602	1828
5603	1828
5604	1829
5605	1829
5606	1829
5607	1829
5608	1829
5609	1829
5610	1829
5611	1830
5612	1830
5613	1830
5614	1830
5615	1830
5616	1830
5617	1830
5618	1830
5619	1831
5620	1831
5621	1831
5622	1831
5623	1831
5624	1831
5625	1831
5626	1831
5627	1832
5628	1832
5629	1832
5630	1832
5631	1832
5632	1832
5633	1832
5634	1833
5635	1833
5636	1833
5637	1833
5638	1833
5639	1833
5640	1833
5641	1833
5642	1834
5643	1834
5644	1834
5645	1834
5646	1834
5647	1834
5648	1834
5649	1834
5650	1835
5651	1835
5652	1835
5653	1835
5654	1835
5655	1835
5656	1835
5657	1835
5658	1835
5659	1836
5660	1836
5661	1836
5662	1836
5663	1836
5664	1836
5665	1836
5666	1836
5667	1837
5668	1837
5669	1837
5670	1837
5671	1837
5672	1837
5673	1837
5674	1837
5675	1837
5676	1838
5677	1838
5678	1838
5679	1838
5680	1838
5681	1838
5682	1838
5683	1838
5684	1839
5685	1839
5686	1839
5687	1839
5688	1839
5689	1839
5690	1839
5691	1839
5692	1840
5693	1840
5694	1840
5695	1840
5696	1840
5697	1840
5698	1840
5699	1840
5700	1840
5701	1841
5702	1841
5703	1841
5704	1841
5705	1841
5706	1841
5707	1841
5708	1841
5709	1842
5710	1842
5711	1842
5712	1842
5713	1842
5714	1842
5715	1842
5716	1842
5717	1842
5718	1843
5719	1843
5720	1843
5721	1843
5722	1843
5723	1843
5724	1843
5725	1843
5726	1844
5727	1844
5728	1844
5729	1844
5730	1844
5731	1844
5732	1844
5733	1844
5734	1844
5735	1845
5736	1845
5737	1845
5738	1845
5739	1845
5740	1845
5741	1845
5742	1845
5743	1846
5744	1846
5745	1846
5746	1846
5747	1846
5748	1846
5749	1846
5750	1846
5751	1847
5752	1847
5753	1847
5754	1847
5755	1847
5756	1847
5757	1847
5758	1847
5759	1847
5760	1847
5761	1848
5762	1848
5763	1848
5764	1848
5765	1848
5766	1848
5767	1848
5768	1849
5769	1849
5770	1849
5771	1849
5772	1849
5773	1849
5774	1849
5775	1849
5776	1849
5777	1850
5778	1850
5779	1850
5780	1850
5781	1850
5782	1850
5783	1850
5784	1850
5785	1850
5786	1851
5787	1851
5788	1851
5789	1851
5790	1851
5791	1851
5792	1851
5793	1851
5794	1852
5795	1852
5796	1852
5797	1852
5798	1852
5799	1852
5800	1852
5801	1852
5802	1852
5803	1853
5804	1853
5805	1853
5806	1853
5807	1853
5808	1853
5809	1853
5810	1853
5811	1854
5812	1854
5813	1854
5814	1854
5815	1854
5816	1854
5817	1854
5818	1854
5819	1854
5820	1855
5821	1855
5822	1855
5823	1855
5824	1855
5825	1855
5826	1855
5827	1855
5828	1855
5829	1855
5830	1856
5831	1856
5832	1856
5833	1856
5834	1856
5835	1856
5836	1856
5837	1856
5838	1856
5839	1857
5840	1857
5841	1857
5842	1857
5843	1857
5844	1857
5845	1857
5846	1857
5847	1858
5848	1858
5849	1858
5850	1858
5851	1858
5852	1858
5853	1858
5854	1858
5855	1858
5856	1859
5857	1859
5858	1859
5859	1859
5860	1859
5861	1859
5862	1859
5863	1859
5864	1859
5865	1860
5866	1860
5867	1860
5868	1860
5869	1860
5870	1860
5871	1860
5872	1860
5873	1861
5874	1861
5875	1861
5876	1861
5877	1861
5878	1861
5879	1861
5880	1861
5881	1861
5882	1862
5883	1862
5884	1862
5885	1862
5886	1862
5887	1862
5888	1862
5889	1862
5890	1862
5891	1863
5892	1863
5893	1863
5894	1863
5895	1863
5896	1863
5897	1863
5898	1864
5899	1864
5900	1864
5901	1864
5902	1864
5903	1864
5904	1864
5905	1864
5906	1864
5907	1864
5908	1865
5909	1865
5910	1865
5911	1865
5912	1865
5913	1865
5914	1865
5915	1866
5916	1866
5917	1866
5918	1866
5919	1866
5920	1866
5921	1866
5922	1866
5923	1866
5924	1867
5925	1867
5926	1867
5927	1867
5928	1867
5929	1867
5930	1867
5931	1867
5932	1867
5933	1868
5934	1868
5935	1868
5936	1868
5937	1868
5938	1868
5939	1868
5940	1868
5941	1869
5942	1869
5943	1869
5944	1869
5945	1869
5946	1869
5947	1869
5948	1869
5949	1869
5950	1869
5951	1870
5952	1870
5953	1870
5954	1870
5955	1870
5956	1870
5957	1870
5958	1870
5959	1871
5960	1871
5961	1871
5962	1871
5963	1871
5964	1871
5965	1871
5966	1871
5967	1871
5968	1872
5969	1872
5970	1872
5971	1872
5972	1872
5973	1872
5974	1872
5975	1872
5976	1872
5977	1873
5978	1873
5979	1873
5980	1873
5981	1873
5982	1873
5983	1873
5984	1873
5985	1874
5986	1874
5987	1874
5988	1874
5989	1874
5990	1874
5991	1874
5992	1874
5993	1874
5994	1875
5995	1875
5996	1875
5997	1875
5998	1875
5999	1875
6000	1875
6001	1875
6002	1875
6003	1876
6004	1876
6005	1876
6006	1876
6007	1876
6008	1876
6009	1876
6010	1876
6011	1876
6012	1877
6013	1877
6014	1877
6015	1877
6016	1877
6017	1877
6018	1877
6019	1877
6020	1877
6021	1878
6022	1878
6023	1878
6024	1878
6025	1878
6026	1878
6027	1878
6028	1878
6029	1878
6030	1878
6031	1879
6032	1879
6033	1879
6034	1879
6035	1879
6036	1879
6037	1879
6038	1879
6039	1879
6040	1880
6041	1880
6042	1880
6043	1880
6044	1880
6045	1880
6046	1880
6047	1880
6048	1880
6049	1881
6050	1881
6051	1881
6052	1881
6053	1881
6054	1881
6055	1881
6056	1882
6057	1882
6058	1882
6059	1882
6060	1882
6061	1882
6062	1882
6063	1882
6064	1883
6065	1883
6066	1883
6067	1883
6068	1883
6069	1883
6070	1883
6071	1883
6072	1884
6073	1884
6074	1884
6075	1884
6076	1884
6077	1884
6078	1884
6079	1884
6080	1884
6081	1885
6082	1885
6083	1885
6084	1885
6085	1885
6086	1885
6087	1885
6088	1885
6089	1885
6090	1885
6091	1886
6092	1886
6093	1886
6094	1886
6095	1886
6096	1886
6097	1886
6098	1886
6099	1886
6100	1886
6101	1887
6102	1887
6103	1887
6104	1887
6105	1887
6106	1887
6107	1887
6108	1887
6109	1887
6110	1887
6111	1888
6112	1888
6113	1888
6114	1888
6115	1888
6116	1888
6117	1888
6118	1888
6119	1888
6120	1888
6121	1889
6122	1889
6123	1889
6124	1889
6125	1889
6126	1889
6127	1889
6128	1889
6129	1889
6130	1889
6131	1890
6132	1890
6133	1890
6134	1890
6135	1890
6136	1890
6137	1890
6138	1890
6139	1890
6140	1891
6141	1891
6142	1891
6143	1891
6144	1891
6145	1891
6146	1891
6147	1891
6148	1891
6149	1892
6150	1892
6151	1892
6152	1892
6153	1892
6154	1892
6155	1892
6156	1892
6157	1892
6158	1892
6159	1892
6160	1893
6161	1893
6162	1893
6163	1893
6164	1893
6165	1893
6166	1893
6167	1894
6168	1894
6169	1894
6170	1894
6171	1894
6172	1894
6173	1894
6174	1894
6175	1894
6176	1894
6177	1895
6178	1895
6179	1895
6180	1895
6181	1895
6182	1895
6183	1895
6184	1896
6185	1896
6186	1896
6187	1896
6188	1896
6189	1896
6190	1896
6191	1896
6192	1896
6193	1897
6194	1897
6195	1897
6196	1897
6197	1897
6198	1897
6199	1897
6200	1897
6201	1897
6202	1897
6203	1898
6204	1898
6205	1898
6206	1898
6207	1898
6208	1898
6209	1898
6210	1898
6211	1898
6212	1898
6213	1899
6214	1899
6215	1899
6216	1899
6217	1899
6218	1899
6219	1899
6220	1899
6221	1900
6222	1900
6223	1900
6224	1900
6225	1900
6226	1900
6227	1900
6228	1900
6229	1900
6230	1901
6231	1901
6232	1901
6233	1901
6234	1901
6235	1901
6236	1901
6237	1901
6238	1901
6239	1901
6240	1901
6241	1901
6242	1902
6243	1902
6244	1902
6245	1902
6246	1902
6247	1902
6248	1902
6249	1902
6250	1903
6251	1903
6252	1903
6253	1903
6254	1903
6255	1903
6256	1903
6257	1903
6258	1903
6259	1904
6260	1904
6261	1904
6262	1904
6263	1904
6264	1904
6265	1904
6266	1904
6267	1904
6268	1904
6269	1904
6270	1905
6271	1905
6272	1905
6273	1905
6274	1905
6275	1905
6276	1905
6277	1905
6278	1905
6279	1905
6280	1906
6281	1906
6282	1906
6283	1906
6284	1906
6285	1906
6286	1906
6287	1906
6288	1906
6289	1906
6290	1906
6291	1906
6292	1907
6293	1907
6294	1907
6295	1907
6296	1907
6297	1907
6298	1907
6299	1907
6300	1907
6301	1908
6302	1908
6303	1908
6304	1908
6305	1908
6306	1908
6307	1908
6308	1908
6309	1908
6310	1909
6311	1909
6312	1909
6313	1909
6314	1909
6315	1909
6316	1909
6317	1909
6318	1909
6319	1909
6320	1909
6321	1910
6322	1910
6323	1910
6324	1910
6325	1910
6326	1910
6327	1910
6328	1910
6329	1910
6330	1910
6331	1910
6332	1911
6333	1911
6334	1911
6335	1911
6336	1911
6337	1911
6338	1911
6339	1911
6340	1911
6341	1912
6342	1912
6343	1912
6344	1912
6345	1912
6346	1912
6347	1912
6348	1912
6349	1912
6350	1913
6351	1913
6352	1913
6353	1913
6354	1913
6355	1913
6356	1913
6357	1914
6358	1914
6359	1914
6360	1914
6361	1914
6362	1914
6363	1914
6364	1914
6365	1914
6366	1914
6367	1914
6368	1915
6369	1915
6370	1915
6371	1915
6372	1915
6373	1915
6374	1915
6375	1915
6376	1915
6377	1915
6378	1915
6379	1915
6380	1916
6381	1916
6382	1916
6383	1916
6384	1916
6385	1916
6386	1916
6387	1916
6388	1916
6389	1917
6390	1917
6391	1917
6392	1917
6393	1917
6394	1917
6395	1917
6396	1917
6397	1918
6398	1918
6399	1918
6400	1918
6401	1918
6402	1918
6403	1918
6404	1918
6405	1918
6406	1919
6407	1919
6408	1919
6409	1919
6410	1919
6411	1919
6412	1919
6413	1919
6414	1919
6415	1920
6416	1920
6417	1920
6418	1920
6419	1920
6420	1920
6421	1920
6422	1920
6423	1920
6424	1920
6425	1920
6426	1920
6427	1920
6428	1921
6429	1921
6430	1921
6431	1921
6432	1921
6433	1921
6434	1921
6435	1921
6436	1922
6437	1922
6438	1922
6439	1922
6440	1922
6441	1922
6442	1922
6443	1922
6444	1922
6445	1923
6446	1923
6447	1923
6448	1923
6449	1923
6450	1923
6451	1923
6452	1923
6453	1924
6454	1924
6455	1924
6456	1924
6457	1924
6458	1924
6459	1924
6460	1924
6461	1924
6462	1924
6463	1924
6464	1924
6465	1925
6466	1925
6467	1925
6468	1925
6469	1925
6470	1925
6471	1925
6472	1925
6473	1925
6474	1925
6475	1926
6476	1926
6477	1926
6478	1926
6479	1926
6480	1926
6481	1926
6482	1926
6483	1927
6484	1927
6485	1927
6486	1927
6487	1927
6488	1927
6489	1927
6490	1927
6491	1928
6492	1928
6493	1928
6494	1928
6495	1928
6496	1928
6497	1928
6498	1928
6499	1928
6500	1928
6501	1929
6502	1929
6503	1929
6504	1929
6505	1929
6506	1929
6507	1929
6508	1929
6509	1929
6510	1929
6511	1930
6512	1930
6513	1930
6514	1930
6515	1930
6516	1930
6517	1930
6518	1930
6519	1931
6520	1931
6521	1931
6522	1931
6523	1931
6524	1931
6525	1931
6526	1931
6527	1932
6528	1932
6529	1932
6530	1932
6531	1932
6532	1932
6533	1932
6534	1932
6535	1932
6536	1933
6537	1933
6538	1933
6539	1933
6540	1933
6541	1933
6542	1933
6543	1933
6544	1933
6545	1933
6546	1933
6547	1934
6548	1934
6549	1934
6550	1934
6551	1934
6552	1934
6553	1934
6554	1934
6555	1934
6556	1935
6557	1935
6558	1935
6559	1935
6560	1935
6561	1935
6562	1935
6563	1935
6564	1936
6565	1936
6566	1936
6567	1936
6568	1936
6569	1936
6570	1936
6571	1936
6572	1936
6573	1936
6574	1936
6575	1937
6576	1937
6577	1937
6578	1937
6579	1937
6580	1937
6581	1937
6582	1937
6583	1937
6584	1937
6585	1938
6586	1938
6587	1938
6588	1938
6589	1938
6590	1938
6591	1938
6592	1938
6593	1938
6594	1938
6595	1938
6596	1939
6597	1939
6598	1939
6599	1939
6600	1939
6601	1939
6602	1939
6603	1939
6604	1939
6605	1939
6606	1939
6607	1940
6608	1940
6609	1940
6610	1940
6611	1940
6612	1940
6613	1940
6614	1940
6615	1940
6616	1940
6617	1940
6618	1940
6619	1941
6620	1941
6621	1941
6622	1941
6623	1941
6624	1941
6625	1941
6626	1941
6627	1941
6628	1941
6629	1941
6630	1941
6631	1942
6632	1942
6633	1942
6634	1942
6635	1942
6636	1942
6637	1942
6638	1942
6639	1942
6640	1942
6641	1942
6642	1942
6643	1943
6644	1943
6645	1943
6646	1943
6647	1943
6648	1943
6649	1943
6650	1943
6651	1943
6652	1943
6653	1943
6654	1943
6655	1943
6656	1944
6657	1944
6658	1944
6659	1944
6660	1944
6661	1944
6662	1944
6663	1944
6664	1944
6665	1944
6666	1944
6667	1944
6668	1944
6669	1945
6670	1945
6671	1945
6672	1945
6673	1945
6674	1945
6675	1945
6676	1945
6677	1945
6678	1945
6679	1945
6680	1945
6681	1945
6682	1945
6683	1946
6684	1946
6685	1946
6686	1946
6687	1946
6688	1946
6689	1946
6690	1946
6691	1946
6692	1946
6693	1946
6694	1946
6695	1946
6696	1947
6697	1947
6698	1947
6699	1947
6700	1947
6701	1947
6702	1947
6703	1947
6704	1947
6705	1947
6706	1947
6707	1947
6708	1947
6709	1947
6710	1948
6711	1948
6712	1948
6713	1948
6714	1948
6715	1948
6716	1948
6717	1948
6718	1948
6719	1948
6720	1948
6721	1948
6722	1948
6723	1949
6724	1949
6725	1949
6726	1949
6727	1949
6728	1949
6729	1949
6730	1949
6731	1949
6732	1949
6733	1949
6734	1949
6735	1949
6736	1949
6737	1950
6738	1950
6739	1950
6740	1950
6741	1950
6742	1950
6743	1950
6744	1950
6745	1950
6746	1950
6747	1950
6748	1950
6749	1950
6750	1951
6751	1951
6752	1951
6753	1951
6754	1951
6755	1951
6756	1951
6757	1951
6758	1951
6759	1951
6760	1951
6761	1951
6762	1952
6763	1952
6764	1952
6765	1952
6766	1952
6767	1952
6768	1952
6769	1952
6770	1952
6771	1952
6772	1952
6773	1952
6774	1952
6775	1952
6776	1953
6777	1953
6778	1953
6779	1953
6780	1953
6781	1953
6782	1953
6783	1953
6784	1953
6785	1953
6786	1953
6787	1953
6788	1953
6789	1954
6790	1954
6791	1954
6792	1954
6793	1954
6794	1954
6795	1954
6796	1954
6797	1954
6798	1954
6799	1954
6800	1954
6801	1955
6802	1955
6803	1955
6804	1955
6805	1955
6806	1955
6807	1955
6808	1955
6809	1955
6810	1956
6811	1956
6812	1956
6813	1956
6814	1956
6815	1956
6816	1956
6817	1956
6818	1956
6819	1957
6820	1957
6821	1957
6822	1957
6823	1957
6824	1957
6825	1957
6826	1957
6827	1957
6828	1957
6829	1958
6830	1958
6831	1958
6832	1958
6833	1958
6834	1958
6835	1958
6836	1958
6837	1958
6838	1958
6839	1958
6840	1959
6841	1959
6842	1959
6843	1959
6844	1959
6845	1959
6846	1959
6847	1959
6848	1959
6849	1959
6850	1959
6851	1959
6852	1960
6853	1960
6854	1960
6855	1960
6856	1960
6857	1960
6858	1960
6859	1960
6860	1960
6861	1960
6862	1960
6863	1961
6864	1961
6865	1961
6866	1961
6867	1961
6868	1961
6869	1961
6870	1961
6871	1961
6872	1961
6873	1961
6874	1961
6875	1961
6876	1961
6877	1962
6878	1962
6879	1962
6880	1962
6881	1962
6882	1962
6883	1962
6884	1962
6885	1962
6886	1962
6887	1962
6888	1962
6889	1962
6890	1962
6891	1962
6892	1963
6893	1963
6894	1963
6895	1963
6896	1963
6897	1963
6898	1963
6899	1963
6900	1963
6901	1963
6902	1963
6903	1963
6904	1963
6905	1963
6906	1964
6907	1964
6908	1964
6909	1964
6910	1964
6911	1964
6912	1964
6913	1964
6914	1964
6915	1964
6916	1964
6917	1964
6918	1964
6919	1964
6920	1965
6921	1965
6922	1965
6923	1965
6924	1965
6925	1965
6926	1965
6927	1965
6928	1965
6929	1965
6930	1965
6931	1965
6932	1965
6933	1965
6934	1966
6935	1966
6936	1966
6937	1966
6938	1966
6939	1966
6940	1966
6941	1966
6942	1966
6943	1966
6944	1966
6945	1966
6946	1966
6947	1966
6948	1967
6949	1967
6950	1967
6951	1967
6952	1967
6953	1967
6954	1967
6955	1967
6956	1967
6957	1967
6958	1967
6959	1967
6960	1967
6961	1968
6962	1968
6963	1968
6964	1968
6965	1968
6966	1968
6967	1968
6968	1968
6969	1968
6970	1968
6971	1968
6972	1968
6973	1968
6974	1968
6975	1968
6976	1969
6977	1969
6978	1969
6979	1969
6980	1969
6981	1969
6982	1969
6983	1969
6984	1969
6985	1969
6986	1969
6987	1969
6988	1969
6989	1970
6990	1970
6991	1970
6992	1970
6993	1970
6994	1970
6995	1970
6996	1970
6997	1970
6998	1970
6999	1970
7000	1970
7001	1971
7002	1971
7003	1971
7004	1971
7005	1971
7006	1971
7007	1971
7008	1971
7009	1971
7010	1971
7011	1971
7012	1971
7013	1971
7014	1972
7015	1972
7016	1972
7017	1972
7018	1972
7019	1972
7020	1972
7021	1972
7022	1972
7023	1972
7024	1972
7025	1972
7026	1972
7027	1972
7028	1973
7029	1973
7030	1973
7031	1973
7032	1973
7033	1973
7034	1973
7035	1973
7036	1973
7037	1973
7038	1973
7039	1973
7040	1973
7041	1973
7042	1974
7043	1974
7044	1974
7045	1974
7046	1974
7047	1974
7048	1974
7049	1974
7050	1974
7051	1974
7052	1974
7053	1974
7054	1974
7055	1974
7056	1975
7057	1975
7058	1975
7059	1975
7060	1975
7061	1975
7062	1975
7063	1975
7064	1975
7065	1975
7066	1975
7067	1975
7068	1975
7069	1975
7070	1976
7071	1976
7072	1976
7073	1976
7074	1976
7075	1976
7076	1976
7077	1976
7078	1976
7079	1976
7080	1976
7081	1976
7082	1976
7083	1976
7084	1977
7085	1977
7086	1977
7087	1977
7088	1977
7089	1977
7090	1977
7091	1977
7092	1977
7093	1977
7094	1977
7095	1977
7096	1977
7097	1978
7098	1978
7099	1978
7100	1978
7101	1978
7102	1978
7103	1978
7104	1978
7105	1978
7106	1978
7107	1978
7108	1978
7109	1978
7110	1978
7111	1979
7112	1979
7113	1979
7114	1979
7115	1979
7116	1979
7117	1979
7118	1979
7119	1979
7120	1979
7121	1979
7122	1979
7123	1979
7124	1980
7125	1980
7126	1980
7127	1980
7128	1980
7129	1980
7130	1980
7131	1980
7132	1980
7133	1980
7134	1980
7135	1980
7136	1980
7137	1981
7138	1981
7139	1981
7140	1981
7141	1981
7142	1981
7143	1981
7144	1981
7145	1981
7146	1981
7147	1981
7148	1981
7149	1981
7150	1981
7151	1982
7152	1982
7153	1982
7154	1982
7155	1982
7156	1982
7157	1982
7158	1982
7159	1982
7160	1982
7161	1982
7162	1982
7163	1982
7164	1982
7165	1983
7166	1983
7167	1983
7168	1983
7169	1983
7170	1983
7171	1983
7172	1983
7173	1983
7174	1983
7175	1983
7176	1983
7177	1983
7178	1984
7179	1984
7180	1984
7181	1984
7182	1984
7183	1984
7184	1984
7185	1984
7186	1984
7187	1984
7188	1984
7189	1984
7190	1984
7191	1984
7192	1985
7193	1985
7194	1985
7195	1985
7196	1985
7197	1985
7198	1985
7199	1985
7200	1985
7201	1985
7202	1985
7203	1985
7204	1985
7205	1986
7206	1986
7207	1986
7208	1986
7209	1986
7210	1986
7211	1986
7212	1986
7213	1986
7214	1986
7215	1986
7216	1986
7217	1986
7218	1986
7219	1987
7220	1987
7221	1987
7222	1987
7223	1987
7224	1987
7225	1987
7226	1987
7227	1987
7228	1987
7229	1987
7230	1987
7231	1987
7232	1987
7233	1987
7234	1988
7235	1988
7236	1988
7237	1988
7238	1988
7239	1988
7240	1988
7241	1988
7242	1988
7243	1988
7244	1988
7245	1988
7246	1988
7247	1988
7248	1988
7249	1989
7250	1989
7251	1989
7252	1989
7253	1989
7254	1989
7255	1989
7256	1989
7257	1989
7258	1989
7259	1989
7260	1989
7261	1989
7262	1990
7263	1990
7264	1990
7265	1990
7266	1990
7267	1990
7268	1990
7269	1990
7270	1990
7271	1990
7272	1990
7273	1990
7274	1990
7275	1990
7276	1991
7277	1991
7278	1991
7279	1991
7280	1991
7281	1991
7282	1991
7283	1991
7284	1991
7285	1991
7286	1991
7287	1991
7288	1991
7289	1992
7290	1992
7291	1992
7292	1992
7293	1992
7294	1992
7295	1992
7296	1992
7297	1992
7298	1992
7299	1992
7300	1992
7301	1992
7302	1992
7303	1993
7304	1993
7305	1993
7306	1993
7307	1993
7308	1993
7309	1993
7310	1993
7311	1993
7312	1993
7313	1993
7314	1993
7315	1993
7316	1994
7317	1994
7318	1994
7319	1994
7320	1994
7321	1994
7322	1994
7323	1994
7324	1994
7325	1994
7326	1994
7327	1994
7328	1994
7329	1994
7330	1995
7331	1995
7332	1995
7333	1995
7334	1995
7335	1995
7336	1995
7337	1995
7338	1995
7339	1995
7340	1995
7341	1995
7342	1995
7343	1995
7344	1996
7345	1996
7346	1996
7347	1996
7348	1996
7349	1996
7350	1996
7351	1996
7352	1996
7353	1996
7354	1996
7355	1996
7356	1996
7357	1997
7358	1997
7359	1997
7360	1997
7361	1997
7362	1997
7363	1997
7364	1997
7365	1997
7366	1997
7367	1997
7368	1997
7369	1997
7370	1998
7371	1998
7372	1998
7373	1998
7374	1998
7375	1998
7376	1998
7377	1998
7378	1998
