1	0.9
2	1.29
3	1.69
4	2.1
5	2.49
6	2.89
7	3.3
8	3.69
9	4.09
10	4.49
11	4.89
12	5.28
13	5.67
14	6.06
15	6.48
16	6.88
17	7.27
18	7.64
19	8.03
20	8.41
21	8.8
22	9.18
23	9.56
24	9.95
25	10.34
26	10.72
27	11.1
28	11.49
29	11.88
30	12.39
31	12.77
32	13.17
33	13.56
34	13.96
35	14.36
36	14.75
37	15.14
38	15.54
39	15.93
40	16.33
41	16.84
42	17.22
43	17.62
44	18.01
45	18.41
46	18.81
47	19.2
48	19.6
49	19.99
50	20.39
51	20.79
52	21.18
53	21.58
54	21.97
55	22.38
56	22.78
57	23.17
58	23.57
59	23.97
60	24.37
61	24.77
62	25.17
63	25.57
64	25.96
65	26.36
66	26.76
67	27.15
68	27.56
69	27.95
70	28.35
71	28.76
72	29.15
73	29.55
74	29.94
75	30.35
76	30.74
77	31.14
78	31.55
79	31.94
80	32.34
81	32.74
82	33.13
83	33.54
84	33.93
85	34.33
86	34.72
87	35.13
88	35.53
89	35.93
90	36.34
91	36.74
92	37.14
93	37.54
94	37.95
95	38.45
96	38.86
97	39.25
98	39.67
99	40.06
100	40.47
101	40.88
102	41.3
103	41.72
104	42.14
105	42.54
106	42.95
107	43.36
108	43.76
109	44.17
110	44.59
111	45
112	45.42
113	45.84
114	46.26
115	46.68
116	47.11
117	47.52
118	47.94
119	48.36
120	48.77
121	49.2
122	49.6
123	50
124	50.41
125	50.82
126	51.22
127	51.62
128	52.03
129	52.43
130	52.84
131	53.24
132	53.65
133	54.05
134	54.46
135	54.87
136	55.27
137	55.68
138	56.09
139	56.48
140	56.89
141	57.3
142	57.7
143	58.11
144	58.53
145	58.94
146	59.35
147	59.75
148	60.16
149	60.57
150	60.98
151	61.39
152	61.79
153	62.21
154	62.62
155	63.03
156	63.44
157	63.84
158	64.26
159	64.67
160	65.08
161	65.49
162	65.89
163	66.3
164	66.72
165	67.12
166	67.53
167	67.94
168	68.35
169	68.78
170	69.19
171	69.59
172	70.01
173	70.52
174	70.92
175	71.34
176	71.75
177	72.16
178	72.57
179	72.98
180	73.39
181	73.82
182	74.22
183	74.63
184	75.03
185	75.45
186	75.86
187	76.27
188	76.69
189	77.09
190	77.5
191	77.93
192	78.33
193	78.75
194	79.16
195	79.56
196	79.99
197	80.39
198	80.8
199	81.22
200	81.63
201	82.05
202	82.46
203	82.86
204	83.28
205	83.68
206	84.11
207	84.52
208	84.93
209	85.35
210	85.75
211	86.17
212	86.58
213	87
214	87.41
215	87.83
216	88.23
217	88.65
218	89.07
219	89.47
220	89.89
221	90.29
222	90.71
223	91.13
224	91.53
225	91.95
226	92.35
227	92.78
228	93.2
229	93.61
230	94.02
231	94.43
232	94.85
233	95.27
234	95.68
235	96.09
236	96.49
237	96.91
238	97.33
239	97.74
240	98.15
241	98.56
242	98.98
243	99.4
244	99.81
245	100.23
246	100.64
247	101.05
248	101.46
249	101.87
250	102.27
251	102.69
252	103.1
253	103.5
254	103.92
255	104.32
256	104.74
257	105.15
258	105.56
259	105.98
260	106.39
261	106.8
262	107.22
263	107.62
264	108.04
265	108.45
266	108.87
267	109.27
268	109.69
269	110.11
270	110.52
271	110.93
272	111.34
273	111.76
274	112.18
275	112.58
276	113
277	113.41
278	113.82
279	114.23
280	114.64
281	115.05
282	115.46
283	115.87
284	116.28
285	116.69
286	117.09
287	117.5
288	117.91
289	118.32
290	118.74
291	119.15
292	119.57
293	119.97
294	120.39
295	120.81
296	121.21
297	121.62
298	122.04
299	122.44
300	122.86
301	123.28
302	123.69
303	124.1
304	124.52
305	124.93
306	125.35
307	125.76
308	126.18
309	126.6
310	127
311	127.42
312	127.84
313	128.24
314	128.66
315	129.07
316	129.49
317	129.9
318	130.32
319	130.74
320	131.19
321	131.61
322	132.03
323	132.46
324	132.89
325	133.32
326	133.75
327	134.19
328	134.6
329	135.03
330	135.46
331	135.88
332	136.31
333	136.74
334	137.16
335	137.59
336	138.01
337	138.43
338	138.84
339	139.25
340	139.66
341	140.07
342	140.49
343	140.89
344	141.31
345	141.71
346	142.12
347	142.53
348	142.94
349	143.35
350	143.75
351	144.17
352	144.58
353	144.99
354	145.4
355	145.82
356	146.23
357	146.65
358	147.05
359	147.47
360	147.88
361	148.28
362	148.7
363	149.1
364	149.52
365	149.93
366	150.34
367	150.76
368	151.17
369	151.59
370	152.02
371	152.44
372	152.85
373	153.27
374	153.67
375	154.09
376	154.62
377	155.03
378	155.45
379	155.88
380	156.29
381	156.71
382	157.12
383	157.54
384	157.96
385	158.37
386	158.78
387	159.2
388	159.61
389	160.03
390	160.44
391	160.86
392	161.27
393	161.68
394	162.11
395	162.52
396	162.93
397	163.35
398	163.76
399	164.18
400	164.59
401	165.01
402	165.43
403	165.87
404	166.3
405	166.72
406	167.13
407	167.55
408	167.96
409	168.37
410	168.78
411	169.2
412	169.63
413	170.06
414	170.49
415	170.92
416	171.34
417	171.75
418	172.16
419	172.57
420	172.98
421	173.39
422	173.81
423	174.21
424	174.63
425	175.03
426	175.44
427	175.85
428	176.27
429	176.68
430	177.09
431	177.52
432	177.93
433	178.35
434	178.77
435	179.18
436	179.6
437	180.01
438	180.43
439	180.84
440	181.25
441	181.67
442	182.08
443	182.49
444	182.9
445	183.31
446	183.72
447	184.13
448	184.54
449	184.95
450	185.36
451	185.77
452	186.17
453	186.58
454	187
455	187.41
456	187.81
457	188.22
458	188.64
459	189.05
460	189.47
461	189.87
462	190.29
463	190.71
464	191.13
465	191.54
466	191.96
467	192.38
468	192.79
469	193.21
470	193.62
471	194.04
472	194.45
473	194.87
474	195.28
475	195.7
476	196.11
477	196.53
478	196.95
479	197.36
480	197.78
481	198.2
482	198.61
483	199.03
484	199.43
485	199.84
486	200.25
487	200.65
488	201.07
489	201.47
490	201.88
491	202.3
492	202.7
493	203.12
494	203.53
495	203.94
496	204.35
497	204.75
498	205.16
499	205.57
500	206.07
501	206.75
502	207.16
503	207.56
504	207.97
505	208.38
506	208.79
507	209.2
508	209.61
509	210.02
510	210.43
511	210.84
512	211.25
513	211.65
514	212.06
515	212.46
516	212.87
517	213.27
518	213.68
519	214.08
520	214.5
521	214.91
522	215.31
523	215.72
524	216.12
525	216.63
526	217.04
527	217.44
528	217.87
529	218.27
530	218.68
531	219.09
532	219.49
533	219.91
534	220.31
535	220.72
536	221.14
537	221.54
538	221.96
539	222.36
540	222.78
541	223.19
542	223.59
543	224.02
544	224.43
545	224.83
546	225.24
547	225.65
548	226.07
549	226.48
550	226.89
551	227.3
552	227.71
553	228.13
554	228.54
555	228.94
556	229.36
557	229.76
558	230.18
559	230.59
560	230.99
561	231.41
562	231.82
563	232.24
564	232.65
565	233.06
566	233.46
567	233.88
568	234.29
569	234.7
570	235.11
571	235.52
572	235.93
573	236.35
574	236.76
575	237.16
576	237.57
577	237.99
578	238.4
579	238.81
580	239.21
581	239.63
582	240.04
583	240.45
584	240.86
585	241.27
586	241.68
587	242.09
588	242.5
589	242.91
590	243.32
591	243.73
592	244.14
593	244.55
594	244.96
595	245.36
596	245.78
597	246.19
598	246.59
599	247
600	247.41
601	247.81
602	248.22
603	248.62
604	249.04
605	249.44
606	249.84
607	250.24
608	250.66
609	251.06
610	251.47
611	251.88
612	252.28
613	252.69
614	253.09
615	253.5
616	253.9
617	254.31
618	254.72
619	255.13
620	255.53
621	255.94
622	256.34
623	256.75
624	257.14
625	257.55
626	257.95
627	258.36
628	258.76
629	259.17
630	259.57
631	259.97
632	260.38
633	260.78
634	261.19
635	261.58
636	261.99
637	262.39
638	262.8
639	263.2
640	263.61
641	264.01
642	264.42
643	264.82
644	265.23
645	265.63
646	266.04
647	266.45
648	266.84
649	267.25
650	267.65
651	268.06
652	268.46
653	268.86
654	269.26
655	269.67
656	270.07
657	270.48
658	270.87
659	271.28
660	271.68
661	272.09
662	272.48
663	272.9
664	273.29
665	273.7
666	274.1
667	274.51
668	274.92
669	275.32
670	275.73
671	276.12
672	276.53
673	276.93
674	277.34
675	277.74
676	278.15
677	278.55
678	278.96
679	279.36
680	279.78
681	280.18
682	280.58
683	280.99
684	281.4
685	281.79
686	282.2
687	282.61
688	283.01
689	283.42
690	283.82
691	284.23
692	284.63
693	285.03
694	285.44
695	285.84
696	286.25
697	286.66
698	287.06
699	287.46
700	287.87
701	288.27
702	288.68
703	289.1
704	289.5
705	289.91
706	290.31
707	290.72
708	291.12
709	291.53
710	291.94
711	292.34
712	292.75
713	293.17
714	293.57
715	293.97
716	294.37
717	294.78
718	295.2
719	295.59
720	296
721	296.4
722	296.81
723	297.23
724	297.63
725	298.04
726	298.45
727	298.85
728	299.26
729	299.65
730	300.06
731	300.47
732	300.87
733	301.27
734	301.67
735	302.08
736	302.48
737	302.88
738	303.29
739	303.7
740	304.1
741	304.5
742	304.9
743	305.31
744	305.7
745	306.12
746	306.52
747	306.92
748	307.33
749	307.72
750	308.13
751	308.53
752	308.93
753	309.33
754	309.73
755	310.14
756	310.55
757	310.94
758	311.34
759	311.74
760	312.15
761	312.55
762	312.95
763	313.35
764	313.75
765	314.15
766	314.55
767	314.95
768	315.35
769	315.76
770	316.15
771	316.55
772	316.96
773	317.35
774	317.75
775	318.15
776	318.55
777	318.96
778	319.35
779	319.76
780	320.16
781	320.55
782	320.96
783	321.35
784	321.75
785	322.16
786	322.55
787	322.96
788	323.37
789	323.76
790	324.16
791	324.55
792	324.97
793	325.36
794	325.77
795	326.19
796	326.58
797	326.99
798	327.39
799	327.78
800	328.18
801	328.58
802	328.97
803	329.38
804	329.77
805	330.17
806	330.57
807	330.97
808	331.37
809	331.78
810	332.17
811	332.58
812	332.97
813	333.37
814	333.77
815	334.18
816	334.58
817	334.97
818	335.37
819	335.79
820	336.18
821	336.58
822	336.97
823	337.37
824	337.78
825	338.18
826	338.58
827	338.97
828	339.37
829	339.79
830	340.18
831	340.58
832	340.97
833	341.37
834	341.77
835	342.17
836	342.57
837	342.96
838	343.36
839	343.77
840	344.15
841	344.55
842	344.95
843	345.35
844	345.75
845	346.16
846	346.55
847	346.95
848	347.35
849	347.75
850	348.15
851	348.55
852	348.94
853	349.33
854	349.72
855	350.11
856	350.51
857	350.89
858	351.29
859	351.68
860	352.07
861	352.46
862	352.85
863	353.24
864	353.64
865	354.02
866	354.42
867	354.8
868	355.19
869	355.58
870	355.97
871	356.36
872	356.75
873	357.14
874	357.53
875	357.92
876	358.3
877	358.7
878	359.08
879	359.47
880	359.85
881	360.24
882	360.62
883	361.02
884	361.4
885	361.79
886	362.18
887	362.56
888	362.95
889	363.34
890	363.73
891	364.11
892	364.49
893	365.1
894	365.49
895	365.87
896	366.26
897	366.64
898	367.03
899	367.41
900	367.8
901	368.18
902	368.57
903	368.95
904	369.34
905	369.73
906	370.11
907	370.5
908	370.88
909	371.27
910	371.65
911	372.04
912	372.42
913	372.81
914	373.19
915	373.58
916	373.95
917	374.34
918	374.72
919	375.11
920	375.48
921	375.87
922	376.25
923	376.64
924	377.02
925	377.4
926	377.78
927	378.17
928	378.56
929	378.94
930	379.33
931	379.71
932	380.1
933	380.48
934	380.86
935	381.24
936	381.63
937	382.01
938	382.4
939	382.77
940	383.15
941	383.53
942	383.92
943	384.29
944	384.68
945	385.06
946	385.44
947	385.82
948	386.2
949	386.58
950	386.97
951	387.34
952	387.73
953	388.1
954	388.49
955	388.87
956	389.25
957	389.64
958	390.02
959	390.4
960	390.78
961	391.26
962	391.65
963	392.02
964	392.42
965	392.79
966	393.17
967	393.55
968	393.93
969	394.33
970	394.7
971	395.09
972	395.47
973	395.85
974	396.25
975	396.62
976	397.01
977	397.39
978	397.77
979	398.17
980	398.54
981	398.93
982	399.32
983	399.7
984	400.09
985	400.47
986	400.86
987	401.25
988	401.62
989	402.02
990	402.4
991	402.79
992	403.17
993	403.55
994	403.95
995	404.34
996	404.72
997	405.1
998	405.49
999	405.88
1000	406.35
1001	406.78
1002	407.17
1003	407.56
1004	407.95
1005	408.32
1006	408.69
1007	409.09
1008	409.49
1009	409.88
1010	410.26
1011	410.64
1012	411.03
1013	411.42
1014	411.81
1015	412.19
1016	412.58
1017	412.97
1018	413.36
1019	413.74
1020	414.13
1021	414.51
1022	414.9
1023	415.29
1024	415.68
1025	416.06
1026	416.45
1027	416.84
1028	417.23
1029	417.61
1030	417.99
1031	418.38
1032	418.77
1033	419.16
1034	419.54
1035	419.92
1036	420.31
1037	420.7
1038	421.09
1039	421.47
1040	421.85
1041	422.24
1042	422.63
1043	423.01
1044	423.39
1045	423.78
1046	424.16
1047	424.55
1048	424.94
1049	425.33
1050	425.7
1051	426.09
1052	426.48
1053	426.86
1054	427.24
1055	427.63
1056	428.01
1057	428.4
1058	428.79
1059	429.17
1060	429.55
1061	429.94
1062	430.32
1063	430.71
1064	431.1
1065	431.49
1066	431.88
1067	432.26
1068	432.65
1069	433.03
1070	433.41
1071	433.8
1072	434.18
1073	434.56
1074	434.95
1075	435.33
1076	435.71
1077	436.09
1078	436.48
1079	436.86
1080	437.24
1081	437.63
1082	438
1083	438.39
1084	438.77
1085	439.15
1086	439.53
1087	439.93
1088	440.31
1089	440.69
1090	441.07
1091	441.46
1092	441.85
1093	442.23
1094	442.61
1095	443
1096	443.47
1097	443.86
1098	444.24
1099	444.62
1100	445
1101	445.38
1102	445.76
1103	446.14
1104	446.53
1105	446.9
1106	447.29
1107	447.66
1108	448.05
1109	448.43
1110	448.81
1111	449.2
1112	449.57
1113	449.96
1114	450.34
1115	450.73
1116	451.11
1117	451.49
1118	451.87
1119	452.27
1120	452.64
1121	453.03
1122	453.4
1123	453.79
1124	454.17
1125	454.56
1126	454.94
1127	455.32
1128	455.7
1129	456.1
1130	456.48
1131	456.86
1132	457.23
1133	457.62
1134	458.01
1135	458.39
1136	458.78
1137	459.15
1138	459.54
1139	459.93
1140	460.31
1141	460.69
1142	461.06
1143	461.45
1144	461.84
1145	462.22
1146	462.61
1147	462.98
1148	463.36
1149	463.76
1150	464.14
1151	464.52
1152	464.9
1153	465.28
1154	465.68
1155	466.05
1156	466.44
1157	466.82
1158	467.2
1159	467.6
1160	467.98
1161	468.36
1162	468.74
1163	469.12
1164	469.52
1165	469.9
1166	470.28
1167	470.65
1168	471.04
1169	471.44
1170	471.81
1171	472.2
1172	472.58
1173	472.96
1174	473.36
1175	473.73
1176	474.12
1177	474.54
1178	474.93
1179	475.33
1180	475.72
1181	476.16
1182	476.54
1183	476.93
1184	477.32
1185	477.71
1186	478.08
1187	478.47
1188	478.86
1189	479.23
1190	479.62
1191	480.01
1192	480.41
1193	480.8
1194	481.18
1195	481.57
1196	481.96
1197	482.34
1198	482.73
1199	483.11
1200	483.5
1201	483.88
1202	484.27
1203	484.66
1204	485.04
1205	485.44
1206	485.82
1207	486.2
1208	486.59
1209	486.98
1210	487.36
1211	487.75
1212	488.12
1213	488.51
1214	488.9
1215	489.28
1216	489.67
1217	490.06
1218	490.44
1219	490.82
1220	491.2
1221	491.57
1222	491.95
1223	492.33
1224	492.73
1225	493.1
1226	493.49
1227	493.87
1228	494.24
1229	494.62
1230	495
1231	495.38
1232	495.76
1233	496.13
1234	496.52
1235	496.89
1236	497.27
1237	497.65
1238	498.03
1239	498.42
1240	498.8
1241	499.19
1242	499.57
1243	499.95
1244	500.33
1245	500.72
1246	501.1
1247	501.49
1248	501.87
1249	502.25
1250	502.63
1251	503.01
1252	503.39
1253	503.78
1254	504.15
1255	504.53
1256	504.92
1257	505.3
1258	505.68
1259	506.07
1260	506.45
1261	506.83
1262	507.22
1263	507.6
1264	507.98
1265	508.36
1266	508.74
1267	509.12
1268	509.59
1269	509.97
1270	510.35
1271	510.74
1272	511.11
1273	511.49
1274	511.87
1275	512.24
1276	512.62
1277	512.99
1278	513.37
1279	513.74
1280	514.12
1281	514.49
1282	514.87
1283	515.24
1284	515.62
1285	515.99
1286	516.38
1287	516.75
1288	517.13
1289	517.5
1290	517.88
1291	518.24
1292	518.62
1293	518.99
1294	519.37
1295	519.74
1296	520.12
1297	520.49
1298	520.87
1299	521.24
1300	521.62
1301	521.99
1302	522.37
1303	522.74
1304	523.12
1305	523.5
1306	523.88
1307	524.25
1308	524.63
1309	525
1310	525.38
1311	525.75
1312	526.13
1313	526.51
1314	526.88
1315	527.27
1316	527.64
1317	528.02
1318	528.4
1319	528.78
1320	529.16
1321	529.53
1322	529.91
1323	530.29
1324	530.65
1325	531.03
1326	531.4
1327	531.78
1328	532.15
1329	532.53
1330	532.9
1331	533.28
1332	533.65
1333	534.03
1334	534.41
1335	534.78
1336	535.16
1337	535.53
1338	535.91
1339	536.27
1340	536.65
1341	537.02
1342	537.4
1343	537.78
1344	538.15
1345	538.53
1346	538.9
1347	539.28
1348	539.65
1349	540.03
1350	540.41
1351	540.79
1352	541.16
1353	541.54
1354	541.91
1355	542.29
1356	542.66
1357	543.04
1358	543.4
1359	543.78
1360	544.15
1361	544.53
1362	544.9
1363	545.28
1364	545.65
1365	546.03
1366	546.4
1367	546.78
1368	547.16
1369	547.53
1370	547.91
1371	548.28
1372	548.66
1373	549.03
1374	549.4
1375	549.78
1376	550.15
1377	550.53
1378	550.91
1379	551.28
1380	551.66
1381	552.04
1382	552.41
1383	552.79
1384	553.16
1385	553.53
1386	553.91
1387	554.29
1388	554.67
1389	555.05
1390	555.42
1391	555.8
1392	556.18
1393	556.56
1394	556.93
1395	557.3
1396	557.68
1397	558.06
1398	558.44
1399	558.82
1400	559.19
1401	559.57
1402	559.95
1403	560.32
1404	560.7
1405	561.07
1406	561.45
1407	561.82
1408	562.2
1409	562.58
1410	562.96
1411	563.33
1412	563.7
1413	564.08
1414	564.46
1415	564.84
1416	565.21
1417	565.59
1418	565.96
1419	566.33
1420	566.71
1421	567.08
1422	567.45
1423	567.82
1424	568.2
1425	568.56
1426	568.94
1427	569.31
1428	569.69
1429	570.06
1430	570.44
1431	570.8
1432	571.18
1433	571.55
1434	571.93
1435	572.28
1436	572.66
1437	573.03
1438	573.41
1439	573.77
1440	574.15
1441	574.51
1442	574.89
1443	575.26
1444	575.63
1445	576
1446	576.38
1447	576.76
1448	577.12
1449	577.5
1450	577.87
1451	578.24
1452	578.62
1453	578.99
1454	579.36
1455	579.74
1456	580.11
1457	580.49
1458	580.85
1459	581.23
1460	581.59
1461	581.97
1462	582.35
1463	582.71
1464	583.14
1465	583.59
1466	583.97
1467	584.35
1468	584.73
1469	585.11
1470	585.49
1471	585.86
1472	586.23
1473	586.61
1474	586.97
1475	587.35
1476	587.72
1477	588.1
1478	588.47
1479	588.84
1480	589.21
1481	589.58
1482	589.95
1483	590.32
1484	590.68
1485	591.06
1486	591.42
1487	591.79
1488	592.15
1489	592.53
1490	592.88
1491	593.25
1492	593.62
1493	593.99
1494	594.36
1495	594.73
1496	595.09
1497	595.47
1498	595.83
1499	596.2
1500	596.66
1501	597.09
1502	597.46
1503	597.83
1504	598.2
1505	598.56
1506	598.93
1507	599.31
1508	599.68
1509	600.04
1510	600.42
1511	600.89
1512	601.25
1513	601.62
1514	601.99
1515	602.36
1516	602.73
1517	603.11
1518	603.47
1519	603.85
1520	604.23
1521	604.6
1522	604.97
1523	605.34
1524	605.71
1525	606.09
1526	606.46
1527	606.82
1528	607.19
1529	607.58
1530	607.97
1531	608.35
1532	608.71
1533	609.09
1534	609.46
1535	609.84
1536	610.2
1537	610.57
1538	610.93
1539	611.3
1540	611.67
1541	612.04
1542	612.4
1543	612.78
1544	613.14
1545	613.51
1546	613.88
1547	614.25
1548	614.61
1549	614.98
1550	615.36
1551	615.71
1552	616.18
1553	616.55
1554	616.91
1555	617.29
1556	617.65
1557	618.03
1558	618.39
1559	618.76
1560	619.14
1561	619.5
1562	619.87
1563	620.25
1564	620.62
1565	620.99
1566	621.36
1567	621.74
1568	622.14
1569	622.53
1570	622.91
1571	623.3
1572	623.67
1573	624.05
1574	624.42
1575	624.8
1576	625.18
1577	625.56
1578	625.94
1579	626.33
1580	626.7
1581	627.08
1582	627.44
1583	627.81
1584	628.19
1585	628.55
1586	628.92
1587	629.29
1588	629.65
1589	630.04
1590	630.41
1591	630.79
1592	631.16
1593	631.54
1594	631.91
1595	632.27
1596	632.65
1597	633.02
1598	633.4
1599	633.78
1600	634.16
1601	634.54
1602	634.91
1603	635.29
1604	635.67
1605	636.04
1606	636.42
1607	636.79
1608	637.15
1609	637.52
1610	637.89
1611	638.27
1612	638.64
1613	639.01
1614	639.38
1615	639.76
1616	640.13
1617	640.5
1618	640.87
1619	641.24
1620	641.61
1621	641.98
1622	642.36
1623	642.73
1624	643.1
1625	643.48
1626	643.84
1627	644.21
1628	644.58
1629	644.96
1630	645.33
1631	645.7
1632	646.06
1633	646.43
1634	646.8
1635	647.17
1636	647.53
1637	647.91
1638	648.28
1639	648.65
1640	649.02
1641	649.39
1642	649.76
1643	650.13
1644	650.5
1645	650.87
1646	651.24
1647	651.59
1648	651.96
1649	652.32
1650	652.69
1651	653.05
1652	653.42
1653	653.77
1654	654.14
1655	654.5
1656	654.87
1657	655.23
1658	655.6
1659	655.96
1660	656.32
1661	656.69
1662	657.05
1663	657.42
1664	657.78
1665	658.14
1666	658.5
1667	658.87
1668	659.24
1669	659.6
1670	659.97
1671	660.32
1672	660.68
1673	661.05
1674	661.41
1675	661.78
1676	662.15
1677	662.53
1678	662.89
1679	663.26
1680	663.63
1681	663.99
1682	664.36
1683	664.72
1684	665.09
1685	665.45
1686	665.82
1687	666.19
1688	666.55
1689	666.92
1690	667.29
1691	667.64
1692	668.01
1693	668.38
1694	668.75
1695	669.11
1696	669.48
1697	669.83
1698	670.2
1699	670.57
1700	670.93
1701	671.3
1702	671.66
1703	672.02
1704	672.39
1705	672.75
1706	673.12
1707	673.48
1708	673.84
1709	674.21
1710	674.58
1711	674.94
1712	675.31
1713	675.67
1714	676.04
1715	676.4
1716	676.77
1717	677.13
1718	677.49
1719	677.86
1720	678.21
1721	678.58
1722	678.95
1723	679.32
1724	679.68
1725	680.04
1726	680.42
1727	680.78
1728	681.14
1729	681.51
1730	681.86
1731	682.23
1732	682.58
1733	683.18
1734	683.54
1735	683.9
1736	684.26
1737	684.62
1738	684.99
1739	685.34
1740	685.71
1741	686.08
1742	686.45
1743	686.82
1744	687.18
1745	687.54
1746	687.91
1747	688.27
1748	688.64
1749	689
1750	689.37
1751	689.73
1752	690.09
1753	690.57
1754	690.92
1755	691.29
1756	691.67
1757	692.04
1758	692.4
1759	692.77
1760	693.13
1761	693.5
1762	693.87
1763	694.24
1764	694.6
1765	695.03
1766	695.45
1767	695.83
1768	696.2
1769	696.58
1770	696.96
1771	697.33
1772	697.7
1773	698.08
1774	698.45
1775	698.82
1776	699.17
1777	699.54
1778	699.9
1779	700.26
1780	700.62
1781	700.98
1782	701.35
1783	701.7
1784	702.07
1785	702.44
1786	702.79
1787	703.16
1788	703.52
1789	703.88
1790	704.25
1791	704.6
1792	704.97
1793	705.33
1794	705.69
1795	706.05
1796	706.41
1797	706.77
1798	707.13
1799	707.49
1800	707.85
1801	708.21
1802	708.56
1803	708.93
1804	709.28
1805	709.65
1806	710.01
1807	710.37
1808	710.73
1809	711.09
1810	711.45
1811	711.8
1812	712.17
1813	712.52
1814	712.89
1815	713.25
1816	713.61
1817	714.08
1818	714.44
1819	714.8
1820	715.17
1821	715.53
1822	715.9
1823	716.25
1824	716.62
1825	716.97
1826	717.33
1827	717.69
1828	718.05
1829	718.41
1830	718.77
1831	719.12
1832	719.49
1833	719.84
1834	720.2
1835	720.57
1836	720.92
1837	721.29
1838	721.64
1839	722.01
1840	722.37
1841	722.72
1842	723.09
1843	723.55
1844	723.92
1845	724.27
1846	724.65
1847	725.01
1848	725.37
1849	725.73
1850	726.09
1851	726.46
1852	726.82
1853	727.19
1854	727.54
1855	727.91
1856	728.27
1857	728.64
1858	729
1859	729.35
1860	729.72
1861	730.08
1862	730.45
1863	730.81
1864	731.17
1865	731.53
1866	731.89
1867	732.26
1868	732.62
1869	732.98
1870	733.34
1871	733.71
1872	734.07
1873	734.43
1874	734.78
1875	735.15
1876	735.51
1877	735.87
1878	736.24
1879	736.59
1880	736.96
1881	737.32
1882	737.68
1883	738.04
1884	738.4
1885	738.76
1886	739.13
1887	739.51
1888	739.88
1889	740.24
1890	740.62
1891	740.98
1892	741.35
1893	741.71
1894	742.07
1895	742.43
1896	742.79
1897	743.15
1898	743.5
1899	743.86
1900	744.22
1901	744.58
1902	744.96
1903	745.32
1904	745.68
1905	746.04
1906	746.4
1907	746.77
1908	747.14
1909	747.49
1910	747.86
1911	748.21
1912	748.59
1913	748.95
1914	749.31
1915	749.67
1916	750.04
1917	750.4
1918	750.77
1919	751.12
1920	751.49
1921	751.85
1922	752.22
1923	752.58
1924	752.95
1925	753.3
1926	753.67
1927	754.03
1928	754.4
1929	754.75
1930	755.12
1931	755.48
1932	755.85
1933	756.21
1934	756.57
1935	756.93
1936	757.29
1937	757.65
1938	758.01
1939	758.37
1940	758.72
1941	759.09
1942	759.44
1943	759.82
1944	760.18
1945	760.54
1946	760.89
1947	761.26
1948	761.61
1949	761.97
1950	762.33
1951	762.69
1952	763.05
1953	763.41
1954	763.76
1955	764.13
1956	764.48
1957	764.85
1958	765.21
1959	765.57
1960	765.93
1961	766.29
1962	766.76
1963	767.11
1964	767.48
1965	767.85
1966	768.21
1967	768.57
1968	768.92
1969	769.29
1970	769.66
1971	770.02
1972	770.38
1973	770.75
1974	771.12
1975	771.49
1976	771.85
1977	772.21
1978	772.58
1979	772.95
1980	773.32
1981	773.69
1982	774.05
1983	774.41
1984	774.78
1985	775.14
1986	775.51
1987	775.88
1988	776.24
1989	776.6
1990	776.97
1991	777.33
1992	777.7
1993	778.06
1994	778.43
1995	778.78
1996	779.15
1997	779.52
1998	779.88
1999	780.24
2000	780.69
2001	781.11
2002	781.57
2003	781.93
2004	782.28
2005	782.66
2006	783.02
2007	783.37
2008	783.73
2009	784.09
2010	784.45
2011	784.8
2012	785.17
2013	785.52
2014	785.88
2015	786.23
2016	786.59
2017	786.94
2018	787.3
2019	787.65
2020	788.01
2021	788.36
2022	788.72
2023	789.07
2024	789.43
2025	789.8
2026	790.16
2027	790.52
2028	790.87
2029	791.24
2030	791.6
2031	791.94
2032	792.3
2033	792.65
2034	793.01
2035	793.36
2036	793.71
2037	794.06
2038	794.42
2039	794.77
2040	795.13
2041	795.47
2042	795.83
2043	796.18
2044	796.53
2045	796.88
2046	797.23
2047	797.58
2048	797.94
2049	798.29
2050	798.67
2051	799.04
2052	799.41
2053	799.77
2054	800.14
2055	800.51
2056	800.87
2057	801.23
2058	801.59
2059	801.95
2060	802.31
2061	802.67
2062	803.03
2063	803.39
2064	803.75
2065	804.12
2066	804.48
2067	804.83
2068	805.19
2069	805.54
2070	805.91
2071	806.27
2072	806.62
2073	806.99
2074	807.36
2075	807.71
2076	808.07
2077	808.42
2078	808.79
2079	809.14
2080	809.51
2081	809.87
2082	810.22
2083	810.59
2084	810.95
2085	811.3
2086	811.67
2087	812.02
2088	812.39
2089	812.75
2090	813.11
2091	813.47
2092	813.83
2093	814.19
2094	814.55
2095	814.91
2096	815.27
2097	815.63
2098	815.99
2099	816.35
2100	816.71
2101	817.07
2102	817.43
2103	817.79
2104	818.16
2105	818.51
2106	818.87
2107	819.23
2108	819.59
2109	819.96
2110	820.32
2111	820.69
2112	821.06
2113	821.41
2114	821.78
2115	822.14
2116	822.51
2117	822.87
2118	823.24
2119	823.6
2120	823.96
2121	824.32
2122	824.69
2123	825.05
2124	825.41
2125	825.77
2126	826.13
2127	826.5
2128	826.86
2129	827.22
2130	827.58
2131	827.94
2132	828.31
2133	828.67
2134	829.03
2135	829.38
2136	829.74
2137	830.11
2138	830.46
2139	830.82
2140	831.17
2141	831.53
2142	831.89
2143	832.24
2144	832.6
2145	832.97
2146	833.32
2147	833.68
2148	834.05
2149	834.41
2150	834.77
2151	835.12
2152	835.48
2153	835.83
2154	836.19
2155	836.54
2156	836.91
2157	837.26
2158	837.62
2159	837.97
2160	838.33
2161	838.68
2162	839.04
2163	839.4
2164	839.76
2165	840.11
2166	840.58
2167	840.94
2168	841.29
2169	841.66
2170	842.01
2171	842.38
2172	842.73
2173	843.09
2174	843.46
2175	843.81
2176	844.17
2177	844.54
2178	844.89
2179	845.26
2180	845.61
2181	845.97
2182	846.32
2183	846.68
2184	847.05
2185	847.4
2186	847.76
2187	848.13
2188	848.48
2189	848.85
2190	849.2
2191	849.56
2192	849.91
2193	850.27
2194	850.64
2195	850.99
2196	851.35
2197	851.71
2198	852.06
2199	852.42
2200	852.79
2201	853.15
2202	853.51
2203	853.87
2204	854.23
2205	854.59
2206	854.95
2207	855.32
2208	855.67
2209	856.03
2210	856.4
2211	856.76
2212	857.12
2213	857.47
2214	857.84
2215	858.2
2216	858.56
2217	858.91
2218	859.27
2219	859.62
2220	859.98
2221	860.33
2222	860.7
2223	861.05
2224	861.41
2225	861.75
2226	862.11
2227	862.47
2228	862.82
2229	863.17
2230	863.53
2231	863.88
2232	864.24
2233	864.6
2234	864.95
2235	865.31
2236	865.66
2237	866.02
2238	866.37
2239	866.73
2240	867.08
2241	867.44
2242	867.79
2243	868.15
2244	868.5
2245	868.86
2246	869.21
2247	869.57
2248	869.91
2249	870.27
2250	870.62
2251	870.98
2252	871.33
2253	871.69
2254	872.04
2255	872.39
2256	872.75
2257	873.1
2258	873.46
2259	873.82
2260	874.17
2261	874.53
2262	874.88
2263	875.24
2264	875.58
2265	875.94
2266	876.29
2267	876.66
2268	877.05
2269	877.39
2270	877.75
2271	878.11
2272	878.46
2273	878.82
2274	879.18
2275	879.54
2276	879.9
2277	880.25
2278	880.6
2279	880.95
2280	881.31
2281	881.66
2282	882.02
2283	882.37
2284	882.73
2285	883.08
2286	883.44
2287	883.79
2288	884.15
2289	884.49
2290	884.85
2291	885.2
2292	885.56
2293	885.9
2294	886.26
2295	886.61
2296	886.97
2297	887.32
2298	887.68
2299	888.02
2300	888.38
2301	888.73
2302	889.09
2303	889.45
2304	889.8
2305	890.15
2306	890.5
2307	890.86
2308	891.21
2309	891.56
2310	891.91
2311	892.27
2312	892.62
2313	892.97
2314	893.32
2315	893.68
2316	894.03
2317	894.39
2318	894.73
2319	895.09
2320	895.44
2321	895.8
2322	896.15
2323	896.51
2324	896.85
2325	897.21
2326	897.56
2327	897.91
2328	898.26
2329	898.62
2330	898.97
2331	899.32
2332	899.67
2333	900.03
2334	900.38
2335	900.73
2336	901.08
2337	901.44
2338	901.8
2339	902.17
2340	902.53
2341	902.9
2342	903.26
2343	903.62
2344	903.98
2345	904.34
2346	904.69
2347	905.06
2348	905.41
2349	905.77
2350	906.12
2351	906.48
2352	906.83
2353	907.19
2354	907.54
2355	907.9
2356	908.25
2357	908.61
2358	908.96
2359	909.31
2360	909.66
2361	910.02
2362	910.37
2363	910.73
2364	911.08
2365	911.43
2366	911.78
2367	912.14
2368	912.49
2369	912.85
2370	913.19
2371	913.55
2372	913.9
2373	914.26
2374	914.61
2375	914.97
2376	915.32
2377	915.68
2378	916.03
2379	916.38
2380	916.73
2381	917.09
2382	917.44
2383	917.8
2384	918.14
2385	918.5
2386	918.86
2387	919.21
2388	919.57
2389	919.92
2390	920.27
2391	920.62
2392	920.98
2393	921.34
2394	921.7
2395	922.05
2396	922.41
2397	922.76
2398	923.12
2399	923.48
2400	923.83
2401	924.19
2402	924.55
2403	924.91
2404	925.27
2405	925.63
2406	926
2407	926.36
2408	926.72
2409	927.08
2410	927.45
2411	927.81
2412	928.17
2413	928.55
2414	928.89
2415	929.25
2416	929.6
2417	929.96
2418	930.32
2419	930.66
2420	931.02
2421	931.49
2422	931.84
2423	932.2
2424	932.55
2425	932.91
2426	933.26
2427	933.62
2428	933.98
2429	934.33
2430	934.69
2431	935.05
2432	935.4
2433	935.76
2434	936.11
2435	936.47
2436	936.82
2437	937.18
2438	937.53
2439	937.9
2440	938.25
2441	938.61
2442	938.95
2443	939.31
2444	939.67
2445	940.03
2446	940.38
2447	940.74
2448	941.08
2449	941.44
2450	941.79
2451	942.14
2452	942.5
2453	942.85
2454	943.21
2455	943.55
2456	943.91
2457	944.28
2458	944.63
2459	944.99
2460	945.33
2461	945.69
2462	946.05
2463	946.4
2464	946.75
2465	947.11
2466	947.46
2467	947.81
2468	948.16
2469	948.52
2470	948.86
2471	949.22
2472	949.58
2473	949.92
2474	950.28
2475	950.64
2476	951.09
2477	951.45
2478	951.8
2479	952.16
2480	952.51
2481	952.86
2482	953.22
2483	953.57
2484	953.94
2485	954.28
2486	954.64
2487	954.99
2488	955.34
2489	955.71
2490	956.05
2491	956.41
2492	956.75
2493	957.11
2494	957.48
2495	957.82
2496	958.18
2497	958.54
2498	958.88
2499	959.25
2500	959.69
2501	960.11
2502	960.47
2503	960.83
2504	961.19
2505	961.54
2506	961.9
2507	962.25
2508	962.61
2509	962.96
2510	963.43
2511	963.79
2512	964.13
2513	964.5
2514	964.84
2515	965.2
2516	965.56
2517	965.91
2518	966.26
2519	966.62
2520	967.07
2521	967.43
2522	967.77
2523	968.14
2524	968.5
2525	968.84
2526	969.2
2527	969.56
2528	969.91
2529	970.28
2530	970.64
2531	970.99
2532	971.35
2533	971.7
2534	972.06
2535	972.42
2536	972.78
2537	973.14
2538	973.5
2539	973.84
2540	974.2
2541	974.56
2542	974.92
2543	975.28
2544	975.63
2545	975.98
2546	976.34
2547	976.7
2548	977.06
2549	977.41
2550	977.77
2551	978.13
2552	978.49
2553	978.85
2554	979.21
2555	979.56
2556	979.92
2557	980.29
2558	980.63
2559	980.99
2560	981.34
2561	981.69
2562	982.05
2563	982.4
2564	982.75
2565	983.11
2566	983.47
2567	983.84
2568	984.19
2569	984.54
2570	984.9
2571	985.25
2572	985.6
2573	985.95
2574	986.3
2575	986.66
2576	987.02
2577	987.36
2578	987.72
2579	988.06
2580	988.42
2581	988.77
2582	989.12
2583	989.47
2584	989.83
2585	990.18
2586	990.53
2587	990.88
2588	991.23
2589	991.59
2590	991.94
2591	992.3
2592	992.64
2593	993
2594	993.34
2595	993.71
2596	994.06
2597	994.41
2598	994.76
2599	995.12
2600	995.48
2601	995.83
2602	996.19
2603	996.53
2604	996.89
2605	997.24
2606	997.59
2607	997.94
2608	998.29
2609	998.65
2610	999.01
2611	999.36
2612	999.72
2613	1000.08
2614	1000.44
2615	1000.8
2616	1001.14
2617	1001.5
2618	1001.86
2619	1002.22
2620	1002.58
2621	1002.93
2622	1003.28
2623	1003.64
2624	1004
2625	1004.36
2626	1004.72
2627	1005.06
2628	1005.42
2629	1005.78
2630	1006.14
2631	1006.5
2632	1006.84
2633	1007.2
2634	1007.56
2635	1007.92
2636	1008.27
2637	1008.62
2638	1008.98
2639	1009.34
2640	1009.69
2641	1010.05
2642	1010.41
2643	1010.77
2644	1011.11
2645	1011.47
2646	1011.83
2647	1012.19
2648	1012.54
2649	1012.89
2650	1013.25
2651	1013.61
2652	1013.97
2653	1014.32
2654	1014.68
2655	1015.03
2656	1015.39
2657	1015.74
2658	1016.1
2659	1016.46
2660	1016.82
2661	1017.16
2662	1017.52
2663	1017.88
2664	1018.23
2665	1018.59
2666	1018.94
2667	1019.29
2668	1019.65
2669	1020.01
2670	1020.36
2671	1020.72
2672	1021.06
2673	1021.42
2674	1021.78
2675	1022.13
2676	1022.47
2677	1022.83
2678	1023.18
2679	1023.52
2680	1023.87
2681	1024.22
2682	1024.57
2683	1024.92
2684	1025.26
2685	1025.62
2686	1025.96
2687	1026.31
2688	1026.65
2689	1027
2690	1027.36
2691	1027.7
2692	1028.06
2693	1028.41
2694	1028.75
2695	1029.1
2696	1029.45
2697	1029.8
2698	1030.16
2699	1030.51
2700	1030.85
2701	1031.2
2702	1031.55
2703	1031.9
2704	1032.25
2705	1032.6
2706	1032.95
2707	1033.3
2708	1033.65
2709	1034
2710	1034.34
2711	1034.69
2712	1035.04
2713	1035.39
2714	1035.74
2715	1036.09
2716	1036.42
2717	1036.77
2718	1037.21
2719	1037.56
2720	1037.9
2721	1038.26
2722	1038.59
2723	1038.94
2724	1039.29
2725	1039.63
2726	1039.98
2727	1040.32
2728	1040.67
2729	1041.01
2730	1041.35
2731	1041.69
2732	1042.04
2733	1042.37
2734	1042.72
2735	1043.06
2736	1043.4
2737	1043.75
2738	1044.09
2739	1044.42
2740	1044.77
2741	1045.11
2742	1045.45
2743	1045.79
2744	1046.13
2745	1046.47
2746	1046.82
2747	1047.16
2748	1047.5
2749	1047.83
2750	1048.18
2751	1048.53
2752	1048.86
2753	1049.2
2754	1049.54
2755	1049.88
2756	1050.23
2757	1050.57
2758	1050.91
2759	1051.24
2760	1051.59
2761	1051.93
2762	1052.27
2763	1052.62
2764	1052.96
2765	1053.29
2766	1053.64
2767	1054.08
2768	1054.42
2769	1054.76
2770	1055.11
2771	1055.45
2772	1055.79
2773	1056.13
2774	1056.47
2775	1056.82
2776	1057.16
2777	1057.51
2778	1057.85
2779	1058.16
2780	1058.5
2781	1058.81
2782	1059.11
2783	1059.42
2784	1059.72
2785	1060.02
2786	1060.37
2787	1060.68
2788	1061.02
2789	1061.37
2790	1061.71
2791	1062.05
2792	1062.4
2793	1062.74
2794	1063.09
2795	1063.43
2796	1063.78
2797	1064.13
2798	1064.47
2799	1064.82
2800	1065.17
2801	1065.51
2802	1065.85
2803	1066.2
2804	1066.54
2805	1066.89
2806	1067.21
2807	1067.52
2808	1067.83
2809	1068.13
2810	1068.45
2811	1068.76
2812	1069.07
2813	1069.39
2814	1069.69
2815	1070.04
2816	1070.4
2817	1070.74
2818	1071.09
2819	1071.43
2820	1071.78
2821	1072.13
2822	1072.48
2823	1072.83
2824	1073.17
2825	1073.51
2826	1073.86
2827	1074.23
2828	1074.58
2829	1074.93
2830	1075.29
2831	1075.64
2832	1075.99
2833	1076.34
2834	1076.68
2835	1077.03
2836	1077.39
2837	1077.74
2838	1078.09
2839	1078.42
2840	1078.77
2841	1079.11
2842	1079.46
2843	1079.8
2844	1080.15
2845	1080.51
2846	1080.86
2847	1081.21
2848	1081.56
2849	1081.91
2850	1082.25
2851	1082.61
2852	1082.96
2853	1083.31
2854	1083.66
2855	1084
2856	1084.35
2857	1084.71
2858	1085.06
2859	1085.41
2860	1085.75
2861	1086.1
2862	1086.45
2863	1086.79
2864	1087.14
2865	1087.48
2866	1087.82
2867	1088.16
2868	1088.51
2869	1088.85
2870	1089.2
2871	1089.54
2872	1089.89
2873	1090.22
2874	1090.57
2875	1090.91
2876	1091.26
2877	1091.57
2878	1091.92
2879	1092.26
2880	1092.61
2881	1092.95
2882	1093.3
2883	1093.64
2884	1093.99
2885	1094.34
2886	1094.68
2887	1095.03
2888	1095.37
2889	1095.73
2890	1096.08
2891	1096.42
2892	1096.77
2893	1097.12
2894	1097.45
2895	1097.8
2896	1098.14
2897	1098.48
2898	1098.83
2899	1099.18
2900	1099.52
2901	1099.86
2902	1100.21
2903	1100.56
2904	1100.9
2905	1101.25
2906	1101.59
2907	1101.94
2908	1102.28
2909	1102.62
2910	1102.96
2911	1103.31
2912	1103.65
2913	1104
2914	1104.34
2915	1104.69
2916	1105.03
2917	1105.38
2918	1105.71
2919	1106.06
2920	1106.4
2921	1106.75
2922	1107.08
2923	1107.43
2924	1107.77
2925	1108.12
2926	1108.45
2927	1108.8
2928	1109.14
2929	1109.49
2930	1109.82
2931	1110.17
2932	1110.51
2933	1110.85
2934	1111.19
2935	1111.54
2936	1111.87
2937	1112.22
2938	1112.56
2939	1112.9
2940	1113.24
2941	1113.58
2942	1113.92
2943	1114.26
2944	1114.6
2945	1114.95
2946	1115.28
2947	1115.63
2948	1115.96
2949	1116.31
2950	1116.65
2951	1116.99
2952	1117.33
2953	1117.67
2954	1118.01
2955	1118.35
2956	1118.69
2957	1119.03
2958	1119.37
2959	1119.71
2960	1120.06
2961	1120.41
2962	1120.75
2963	1121.08
2964	1121.43
2965	1121.78
2966	1122.12
2967	1122.45
2968	1122.8
2969	1123.13
2970	1123.47
2971	1123.79
2972	1124.11
2973	1124.42
2974	1124.77
2975	1125.1
2976	1125.44
2977	1125.77
2978	1126.11
2979	1126.45
2980	1126.79
2981	1127.13
2982	1127.47
2983	1127.81
2984	1128.15
2985	1128.48
2986	1128.82
2987	1129.16
2988	1129.5
2989	1129.84
2990	1130.17
2991	1130.51
2992	1130.85
2993	1131.18
2994	1131.52
2995	1131.86
2996	1132.19
2997	1132.53
2998	1132.87
2999	1133.21
3000	1133.64
3001	1134.04
3002	1134.37
3003	1134.7
3004	1135.03
3005	1135.38
3006	1135.72
3007	1136.06
3008	1136.39
3009	1136.73
3010	1137.06
3011	1137.4
3012	1137.73
3013	1138.07
3014	1138.39
3015	1138.74
3016	1139.07
3017	1139.41
3018	1139.75
3019	1140.09
3020	1140.43
3021	1140.78
3022	1141.13
3023	1141.46
3024	1141.8
3025	1142.14
3026	1142.49
3027	1142.83
3028	1143.17
3029	1143.5
3030	1143.84
3031	1144.18
3032	1144.52
3033	1144.86
3034	1145.19
3035	1145.53
3036	1145.85
3037	1146.19
3038	1146.53
3039	1146.86
3040	1147.2
3041	1147.54
3042	1147.87
3043	1148.21
3044	1148.54
3045	1148.86
3046	1149.19
3047	1149.53
3048	1149.87
3049	1150.21
3050	1150.55
3051	1150.89
3052	1151.24
3053	1151.58
3054	1151.92
3055	1152.27
3056	1152.6
3057	1152.95
3058	1153.29
3059	1153.63
3060	1153.98
3061	1154.31
3062	1154.66
3063	1155.01
3064	1155.36
3065	1155.7
3066	1156.04
3067	1156.38
3068	1156.72
3069	1157.05
3070	1157.39
3071	1157.73
3072	1158.06
3073	1158.41
3074	1158.74
3075	1159.08
3076	1159.43
3077	1159.77
3078	1160.11
3079	1160.45
3080	1160.79
3081	1161.13
3082	1161.48
3083	1161.82
3084	1162.17
3085	1162.51
3086	1162.84
3087	1163.19
3088	1163.53
3089	1163.88
3090	1164.22
3091	1164.57
3092	1164.92
3093	1165.26
3094	1165.6
3095	1165.94
3096	1166.29
3097	1166.63
3098	1166.98
3099	1167.32
3100	1167.67
3101	1168
3102	1168.35
3103	1168.69
3104	1169.04
3105	1169.38
3106	1169.73
3107	1170.07
3108	1170.42
3109	1170.75
3110	1171.1
3111	1171.45
3112	1171.79
3113	1172.13
3114	1172.48
3115	1172.83
3116	1173.18
3117	1173.52
3118	1173.86
3119	1174.2
3120	1174.55
3121	1174.89
3122	1175.24
3123	1175.58
3124	1175.93
3125	1176.26
3126	1176.6
3127	1176.97
3128	1177.31
3129	1177.66
3130	1178
3131	1178.34
3132	1178.69
3133	1179.04
3134	1179.38
3135	1179.72
3136	1180.05
3137	1180.39
3138	1180.72
3139	1181.06
3140	1181.39
3141	1181.73
3142	1182.06
3143	1182.49
3144	1182.88
3145	1183.22
3146	1183.57
3147	1183.92
3148	1184.25
3149	1184.59
3150	1184.94
3151	1185.28
3152	1185.62
3153	1185.97
3154	1186.3
3155	1186.64
3156	1186.98
3157	1187.33
3158	1187.67
3159	1188.01
3160	1188.35
3161	1188.69
3162	1189.03
3163	1189.37
3164	1189.72
3165	1190.05
3166	1190.39
3167	1190.73
3168	1191.08
3169	1191.42
3170	1191.77
3171	1192.11
3172	1192.45
3173	1192.79
3174	1193.13
3175	1193.47
3176	1193.82
3177	1194.16
3178	1194.51
3179	1194.84
3180	1195.18
3181	1195.52
3182	1195.86
3183	1196.21
3184	1196.54
3185	1196.88
3186	1197.22
3187	1197.57
3188	1197.91
3189	1198.25
3190	1198.59
3191	1198.94
3192	1199.28
3193	1199.62
3194	1199.95
3195	1200.3
3196	1200.64
3197	1200.98
3198	1201.32
3199	1201.67
3200	1202.01
3201	1202.35
3202	1202.69
3203	1203.02
3204	1203.36
3205	1203.7
3206	1204.04
3207	1204.37
3208	1204.7
3209	1205.02
3210	1205.34
3211	1205.65
3212	1205.98
3213	1206.29
3214	1206.62
3215	1206.93
3216	1207.26
3217	1207.58
3218	1207.9
3219	1208.22
3220	1208.66
3221	1208.99
3222	1209.33
3223	1209.67
3224	1210.01
3225	1210.35
3226	1210.69
3227	1211.02
3228	1211.37
3229	1211.7
3230	1212.04
3231	1212.37
3232	1212.81
3233	1213.15
3234	1213.48
3235	1213.83
3236	1214.16
3237	1214.5
3238	1214.84
3239	1215.17
3240	1215.51
3241	1215.84
3242	1216.18
3243	1216.52
3244	1216.85
3245	1217.2
3246	1217.53
3247	1217.87
3248	1218.2
3249	1218.55
3250	1218.89
3251	1219.23
3252	1219.57
3253	1219.92
3254	1220.25
3255	1220.59
3256	1220.93
3257	1221.27
3258	1221.61
3259	1221.95
3260	1222.28
3261	1222.62
3262	1222.96
3263	1223.3
3264	1223.64
3265	1223.97
3266	1224.31
3267	1224.65
3268	1224.99
3269	1225.33
3270	1225.65
3271	1225.99
3272	1226.32
3273	1226.65
3274	1226.98
3275	1227.32
3276	1227.64
3277	1227.98
3278	1228.31
3279	1228.65
3280	1228.98
3281	1229.32
3282	1229.64
3283	1229.98
3284	1230.32
3285	1230.65
3286	1230.99
3287	1231.33
3288	1231.65
3289	1231.99
3290	1232.32
3291	1232.66
3292	1232.99
3293	1233.33
3294	1233.65
3295	1233.99
3296	1234.32
3297	1234.65
3298	1234.98
3299	1235.32
3300	1235.65
3301	1235.99
3302	1236.36
3303	1236.69
3304	1237.03
3305	1237.37
3306	1237.7
3307	1238.04
3308	1238.38
3309	1238.7
3310	1239.05
3311	1239.39
3312	1239.72
3313	1240.05
3314	1240.39
3315	1240.82
3316	1241.16
3317	1241.49
3318	1241.83
3319	1242.17
3320	1242.49
3321	1242.83
3322	1243.16
3323	1243.49
3324	1243.82
3325	1244.15
3326	1244.48
3327	1244.81
3328	1245.15
3329	1245.47
3330	1245.81
3331	1246.13
3332	1246.47
3333	1246.81
3334	1247.13
3335	1247.47
3336	1247.79
3337	1248.13
3338	1248.46
3339	1248.8
3340	1249.13
3341	1249.46
3342	1249.79
3343	1250.13
3344	1250.47
3345	1250.8
3346	1251.13
3347	1251.46
3348	1251.8
3349	1252.13
3350	1252.47
3351	1252.8
3352	1253.13
3353	1253.46
3354	1253.8
3355	1254.13
3356	1254.47
3357	1254.81
3358	1255.14
3359	1255.46
3360	1255.8
3361	1256.14
3362	1256.48
3363	1256.8
3364	1257.14
3365	1257.47
3366	1257.81
3367	1258.14
3368	1258.47
3369	1258.81
3370	1259.14
3371	1259.48
3372	1259.81
3373	1260.15
3374	1260.47
3375	1260.81
3376	1261.14
3377	1261.48
3378	1261.81
3379	1262.16
3380	1262.48
3381	1262.82
3382	1263.14
3383	1263.58
3384	1263.91
3385	1264.24
3386	1264.58
3387	1264.9
3388	1265.24
3389	1265.57
3390	1265.91
3391	1266.23
3392	1266.57
3393	1266.89
3394	1267.23
3395	1267.55
3396	1267.88
3397	1268.22
3398	1268.54
3399	1268.87
3400	1269.31
3401	1269.63
3402	1269.96
3403	1270.29
3404	1270.62
3405	1270.93
3406	1271.26
3407	1271.58
3408	1271.9
3409	1272.22
3410	1272.55
3411	1272.86
3412	1273.18
3413	1273.5
3414	1273.82
3415	1274.13
3416	1274.45
3417	1274.77
3418	1275.1
3419	1275.42
3420	1275.74
3421	1276.06
3422	1276.39
3423	1276.73
3424	1277.06
3425	1277.39
3426	1277.72
3427	1278.05
3428	1278.39
3429	1278.71
3430	1279.04
3431	1279.37
3432	1279.7
3433	1280.03
3434	1280.36
3435	1280.69
3436	1281.01
3437	1281.35
3438	1281.68
3439	1282.02
3440	1282.35
3441	1282.68
3442	1283.01
3443	1283.35
3444	1283.68
3445	1284.02
3446	1284.36
3447	1284.69
3448	1285.03
3449	1285.36
3450	1285.7
3451	1286.03
3452	1286.37
3453	1286.7
3454	1287.03
3455	1287.36
3456	1287.7
3457	1288.03
3458	1288.36
3459	1288.69
3460	1289.02
3461	1289.35
3462	1289.68
3463	1290
3464	1290.34
3465	1290.67
3466	1290.99
3467	1291.33
3468	1291.65
3469	1292.08
3470	1292.42
3471	1292.75
3472	1293.08
3473	1293.41
3474	1293.73
3475	1294.07
3476	1294.41
3477	1294.73
3478	1295.07
3479	1295.4
3480	1295.74
3481	1296.07
3482	1296.4
3483	1296.73
3484	1297.06
3485	1297.39
3486	1297.72
3487	1298.04
3488	1298.38
3489	1298.72
3490	1299.04
3491	1299.38
3492	1299.71
3493	1300.03
3494	1300.37
3495	1300.7
3496	1301.03
3497	1301.36
3498	1301.68
3499	1302.02
3500	1302.44
3501	1302.82
3502	1303.15
3503	1303.48
3504	1303.81
3505	1304.15
3506	1304.48
3507	1304.82
3508	1305.14
3509	1305.47
3510	1305.79
3511	1306.12
3512	1306.46
3513	1306.79
3514	1307.11
3515	1307.45
3516	1307.78
3517	1308.12
3518	1308.44
3519	1308.78
3520	1309.11
3521	1309.44
3522	1309.78
3523	1310.11
3524	1310.43
3525	1310.76
3526	1311.08
3527	1311.41
3528	1311.74
3529	1312.06
3530	1312.39
3531	1312.82
3532	1313.15
3533	1313.47
3534	1313.81
3535	1314.14
3536	1314.46
3537	1314.79
3538	1315.13
3539	1315.46
3540	1315.79
3541	1316.13
3542	1316.46
3543	1316.78
3544	1317.12
3545	1317.45
3546	1317.78
3547	1318.11
3548	1318.43
3549	1318.76
3550	1319.08
3551	1319.41
3552	1319.73
3553	1320.06
3554	1320.37
3555	1320.7
3556	1321.03
3557	1321.36
3558	1321.68
3559	1322.01
3560	1322.34
3561	1322.66
3562	1323
3563	1323.33
3564	1323.66
3565	1324
3566	1324.33
3567	1324.67
3568	1324.99
3569	1325.33
3570	1325.66
3571	1326
3572	1326.33
3573	1326.66
3574	1326.99
3575	1327.31
3576	1327.65
3577	1327.97
3578	1328.3
3579	1328.65
3580	1328.98
3581	1329.32
3582	1329.65
3583	1329.97
3584	1330.3
3585	1330.63
3586	1330.96
3587	1331.29
3588	1331.61
3589	1331.95
3590	1332.28
3591	1332.62
3592	1332.95
3593	1333.29
3594	1333.62
3595	1333.96
3596	1334.28
3597	1334.62
3598	1334.95
3599	1335.28
3600	1335.61
3601	1335.95
3602	1336.28
3603	1336.62
3604	1336.95
3605	1337.27
3606	1337.6
3607	1337.93
3608	1338.35
3609	1338.69
3610	1339.02
3611	1339.35
3612	1339.67
3613	1340.01
3614	1340.34
3615	1340.67
3616	1341
3617	1341.34
3618	1341.66
3619	1341.99
3620	1342.32
3621	1342.66
3622	1342.99
3623	1343.33
3624	1343.65
3625	1343.99
3626	1344.32
3627	1344.65
3628	1344.97
3629	1345.3
3630	1345.64
3631	1345.97
3632	1346.3
3633	1346.62
3634	1347.06
3635	1347.38
3636	1347.71
3637	1348.05
3638	1348.37
3639	1348.71
3640	1349.04
3641	1349.38
3642	1349.71
3643	1350.04
3644	1350.37
3645	1350.7
3646	1351.04
3647	1351.37
3648	1351.71
3649	1352.04
3650	1352.36
3651	1352.69
3652	1353.03
3653	1353.36
3654	1353.7
3655	1354.03
3656	1354.37
3657	1354.7
3658	1355.02
3659	1355.36
3660	1355.69
3661	1356.02
3662	1356.35
3663	1356.68
3664	1357.02
3665	1357.34
3666	1357.67
3667	1358
3668	1358.42
3669	1358.75
3670	1359.09
3671	1359.41
3672	1359.74
3673	1360.08
3674	1360.41
3675	1360.74
3676	1361.06
3677	1361.4
3678	1361.74
3679	1362.07
3680	1362.4
3681	1362.74
3682	1363.07
3683	1363.39
3684	1363.73
3685	1364.06
3686	1364.4
3687	1364.73
3688	1365.06
3689	1365.39
3690	1365.72
3691	1366.06
3692	1366.39
3693	1366.72
3694	1367.05
3695	1367.37
3696	1367.8
3697	1368.12
3698	1368.45
3699	1368.79
3700	1369.12
3701	1369.45
3702	1369.78
3703	1370.12
3704	1370.45
3705	1370.78
3706	1371.11
3707	1371.45
3708	1371.78
3709	1372.12
3710	1372.46
3711	1372.78
3712	1373.11
3713	1373.44
3714	1373.76
3715	1374.1
3716	1374.42
3717	1374.75
3718	1375.07
3719	1375.4
3720	1375.72
3721	1376.06
3722	1376.37
3723	1376.71
3724	1377.03
3725	1377.36
3726	1377.68
3727	1378.01
3728	1378.33
3729	1378.66
3730	1378.98
3731	1379.31
3732	1379.63
3733	1379.96
3734	1380.3
3735	1380.63
3736	1380.97
3737	1381.3
3738	1381.62
3739	1381.96
3740	1382.29
3741	1382.62
3742	1382.96
3743	1383.29
3744	1383.61
3745	1383.94
3746	1384.28
3747	1384.61
3748	1384.94
3749	1385.27
3750	1385.6
3751	1385.93
3752	1386.26
3753	1386.58
3754	1386.9
3755	1387.22
3756	1387.55
3757	1387.88
3758	1388.21
3759	1388.54
3760	1388.87
3761	1389.18
3762	1389.51
3763	1389.83
3764	1390.15
3765	1390.47
3766	1390.8
3767	1391.12
3768	1391.43
3769	1391.75
3770	1392.08
3771	1392.39
3772	1392.71
3773	1393.04
3774	1393.36
3775	1393.68
3776	1394.01
3777	1394.33
3778	1394.65
3779	1394.97
3780	1395.29
3781	1395.61
3782	1395.93
3783	1396.26
3784	1396.58
3785	1396.9
3786	1397.22
3787	1397.54
3788	1397.86
3789	1398.18
3790	1398.49
3791	1398.8
3792	1399.12
3793	1399.44
3794	1399.77
3795	1400.08
3796	1400.4
3797	1400.72
3798	1401.04
3799	1401.36
3800	1401.69
3801	1402.01
3802	1402.33
3803	1402.64
3804	1402.97
3805	1403.29
3806	1403.61
3807	1403.93
3808	1404.24
3809	1404.56
3810	1404.97
3811	1405.29
3812	1405.61
3813	1405.93
3814	1406.24
3815	1406.57
3816	1406.88
3817	1407.2
3818	1407.53
3819	1407.84
3820	1408.16
3821	1408.48
3822	1408.81
3823	1409.13
3824	1409.46
3825	1409.78
3826	1410.09
3827	1410.41
3828	1410.72
3829	1411.14
3830	1411.46
3831	1411.79
3832	1412.1
3833	1412.43
3834	1412.75
3835	1413.08
3836	1413.39
3837	1413.71
3838	1414.04
3839	1414.36
3840	1414.69
3841	1415.01
3842	1415.34
3843	1415.65
3844	1415.97
3845	1416.3
3846	1416.61
3847	1417.03
3848	1417.35
3849	1417.67
3850	1418
3851	1418.31
3852	1418.63
3853	1418.95
3854	1419.27
3855	1419.6
3856	1419.91
3857	1420.25
3858	1420.57
3859	1420.89
3860	1421.22
3861	1421.54
3862	1421.86
3863	1422.18
3864	1422.5
3865	1422.82
3866	1423.14
3867	1423.56
3868	1423.88
3869	1424.2
3870	1424.53
3871	1424.85
3872	1425.18
3873	1425.5
3874	1425.83
3875	1426.16
3876	1426.47
3877	1426.8
3878	1427.12
3879	1427.45
3880	1427.78
3881	1428.1
3882	1428.43
3883	1428.74
3884	1429.07
3885	1429.39
3886	1429.72
3887	1430.03
3888	1430.36
3889	1430.78
3890	1431.09
3891	1431.41
3892	1431.73
3893	1432.06
3894	1432.37
3895	1432.69
3896	1433.02
3897	1433.34
3898	1433.66
3899	1433.99
3900	1434.3
3901	1434.62
3902	1434.95
3903	1435.27
3904	1435.59
3905	1435.9
3906	1436.23
3907	1436.56
3908	1436.88
3909	1437.2
3910	1437.52
3911	1437.83
3912	1438.16
3913	1438.48
3914	1438.8
3915	1439.12
3916	1439.44
3917	1439.76
3918	1440.09
3919	1440.41
3920	1440.72
3921	1441.04
3922	1441.35
3923	1441.68
3924	1441.99
3925	1442.31
3926	1442.62
3927	1442.94
3928	1443.26
3929	1443.58
3930	1443.89
3931	1444.22
3932	1444.53
3933	1444.85
3934	1445.16
3935	1445.48
3936	1445.79
3937	1446.12
3938	1446.44
3939	1446.77
3940	1447.09
3941	1447.41
3942	1447.73
3943	1448.07
3944	1448.38
3945	1448.7
3946	1449.01
3947	1449.33
3948	1449.66
3949	1449.97
3950	1450.29
3951	1450.6
3952	1450.92
3953	1451.24
3954	1451.57
3955	1451.89
3956	1452.21
3957	1452.53
3958	1452.85
3959	1453.16
3960	1453.48
3961	1453.79
3962	1454.12
3963	1454.43
3964	1454.75
3965	1455.07
3966	1455.4
3967	1455.72
3968	1456.03
3969	1456.35
3970	1456.77
3971	1457.08
3972	1457.4
3973	1457.72
3974	1458.04
3975	1458.36
3976	1458.67
3977	1458.99
3978	1459.33
3979	1459.64
3980	1459.96
3981	1460.27
3982	1460.59
3983	1460.91
3984	1461.22
3985	1461.54
3986	1461.85
3987	1462.17
3988	1462.48
3989	1462.8
3990	1463.13
3991	1463.45
3992	1463.77
3993	1464.1
3994	1464.42
3995	1464.74
3996	1465.07
3997	1465.38
3998	1465.7
3999	1466.03
4000	1466.44
4001	1466.81
4002	1467.13
4003	1467.45
4004	1467.76
4005	1468.18
4006	1468.49
4007	1468.81
4008	1469.13
4009	1469.45
4010	1469.78
4011	1470.09
4012	1470.4
4013	1470.72
4014	1471.03
4015	1471.35
4016	1471.67
4017	1471.98
4018	1472.3
4019	1472.63
4020	1472.95
4021	1473.27
4022	1473.58
4023	1473.9
4024	1474.23
4025	1474.55
4026	1474.87
4027	1475.18
4028	1475.5
4029	1475.82
4030	1476.13
4031	1476.45
4032	1476.76
4033	1477.08
4034	1477.4
4035	1477.71
4036	1478.03
4037	1478.35
4038	1478.67
4039	1478.98
4040	1479.3
4041	1479.62
4042	1479.94
4043	1480.26
4044	1480.57
4045	1480.89
4046	1481.31
4047	1481.62
4048	1481.94
4049	1482.26
4050	1482.58
4051	1482.89
4052	1483.21
4053	1483.55
4054	1483.87
4055	1484.19
4056	1484.51
4057	1484.82
4058	1485.14
4059	1485.46
4060	1485.79
4061	1486.09
4062	1486.41
4063	1486.73
4064	1487.05
4065	1487.37
4066	1487.7
4067	1488
4068	1488.33
4069	1488.65
4070	1488.96
4071	1489.28
4072	1489.61
4073	1489.93
4074	1490.25
4075	1490.56
4076	1490.88
4077	1491.2
4078	1491.52
4079	1491.83
4080	1492.15
4081	1492.46
4082	1492.77
4083	1493.09
4084	1493.41
4085	1493.73
4086	1494.05
4087	1494.38
4088	1494.7
4089	1495.01
4090	1495.33
4091	1495.65
4092	1495.97
4093	1496.29
4094	1496.6
4095	1496.92
4096	1497.24
4097	1497.56
4098	1497.88
4099	1498.2
4100	1498.51
4101	1498.83
4102	1499.15
4103	1499.47
4104	1499.79
4105	1500.1
4106	1500.42
4107	1500.74
4108	1501.06
4109	1501.38
4110	1501.69
4111	1502.01
4112	1502.33
4113	1502.65
4114	1502.97
4115	1503.29
4116	1503.61
4117	1503.93
4118	1504.25
4119	1504.57
4120	1504.88
4121	1505.2
4122	1505.52
4123	1505.82
4124	1506.14
4125	1506.46
4126	1506.79
4127	1507.1
4128	1507.41
4129	1507.73
4130	1508.04
4131	1508.35
4132	1508.66
4133	1508.98
4134	1509.3
4135	1509.6
4136	1509.92
4137	1510.24
4138	1510.56
4139	1510.87
4140	1511.18
4141	1511.5
4142	1511.81
4143	1512.13
4144	1512.45
4145	1512.77
4146	1513.08
4147	1513.4
4148	1513.72
4149	1514.04
4150	1514.36
4151	1514.68
4152	1515
4153	1515.32
4154	1515.64
4155	1515.96
4156	1516.28
4157	1516.6
4158	1516.91
4159	1517.23
4160	1517.55
4161	1517.87
4162	1518.18
4163	1518.5
4164	1518.82
4165	1519.14
4166	1519.46
4167	1519.77
4168	1520.08
4169	1520.4
4170	1520.71
4171	1521.03
4172	1521.34
4173	1521.65
4174	1522.06
4175	1522.37
4176	1522.69
4177	1523.01
4178	1523.32
4179	1523.63
4180	1523.95
4181	1524.27
4182	1524.59
4183	1524.91
4184	1525.23
4185	1525.55
4186	1525.87
4187	1526.18
4188	1526.5
4189	1526.82
4190	1527.15
4191	1527.47
4192	1527.78
4193	1528.09
4194	1528.41
4195	1528.73
4196	1529.05
4197	1529.37
4198	1529.69
4199	1530.01
4200	1530.33
4201	1530.65
4202	1530.97
4203	1531.27
4204	1531.59
4205	1531.91
4206	1532.23
4207	1532.55
4208	1532.86
4209	1533.17
4210	1533.49
4211	1533.9
4212	1534.21
4213	1534.52
4214	1534.84
4215	1535.16
4216	1535.48
4217	1535.8
4218	1536.11
4219	1536.42
4220	1536.74
4221	1537.06
4222	1537.37
4223	1537.68
4224	1537.99
4225	1538.31
4226	1538.62
4227	1538.93
4228	1539.25
4229	1539.55
4230	1539.87
4231	1540.19
4232	1540.49
4233	1540.81
4234	1541.12
4235	1541.43
4236	1541.75
4237	1542.06
4238	1542.38
4239	1542.69
4240	1543.01
4241	1543.33
4242	1543.65
4243	1543.97
4244	1544.29
4245	1544.61
4246	1544.92
4247	1545.24
4248	1545.56
4249	1545.88
4250	1546.2
4251	1546.52
4252	1546.84
4253	1547.15
4254	1547.47
4255	1547.79
4256	1548.1
4257	1548.41
4258	1548.73
4259	1549.05
4260	1549.37
4261	1549.68
4262	1550.01
4263	1550.31
4264	1550.63
4265	1550.95
4266	1551.26
4267	1551.57
4268	1551.89
4269	1552.21
4270	1552.53
4271	1552.85
4272	1553.16
4273	1553.48
4274	1553.79
4275	1554.11
4276	1554.43
4277	1554.73
4278	1555.05
4279	1555.36
4280	1555.67
4281	1555.99
4282	1556.31
4283	1556.62
4284	1556.93
4285	1557.25
4286	1557.56
4287	1557.87
4288	1558.19
4289	1558.5
4290	1558.82
4291	1559.13
4292	1559.45
4293	1559.77
4294	1560.09
4295	1560.39
4296	1560.71
4297	1561.03
4298	1561.35
4299	1561.66
4300	1561.97
4301	1562.29
4302	1562.6
4303	1562.91
4304	1563.22
4305	1563.54
4306	1563.86
4307	1564.17
4308	1564.48
4309	1564.79
4310	1565.1
4311	1565.42
4312	1565.72
4313	1566.04
4314	1566.35
4315	1566.66
4316	1566.97
4317	1567.28
4318	1567.6
4319	1567.91
4320	1568.22
4321	1568.53
4322	1568.84
4323	1569.16
4324	1569.47
4325	1569.79
4326	1570.11
4327	1570.43
4328	1570.75
4329	1571.06
4330	1571.38
4331	1571.7
4332	1572.02
4333	1572.34
4334	1572.66
4335	1572.98
4336	1573.29
4337	1573.61
4338	1573.93
4339	1574.25
4340	1574.56
4341	1574.88
4342	1575.2
4343	1575.51
4344	1575.82
4345	1576.14
4346	1576.46
4347	1576.78
4348	1577.1
4349	1577.41
4350	1577.72
4351	1578.03
4352	1578.34
4353	1578.66
4354	1578.97
4355	1579.29
4356	1579.6
4357	1579.91
4358	1580.22
4359	1580.53
4360	1580.84
4361	1581.16
4362	1581.46
4363	1581.78
4364	1582.08
4365	1582.4
4366	1582.71
4367	1583.02
4368	1583.34
4369	1583.65
4370	1583.96
4371	1584.27
4372	1584.59
4373	1584.9
4374	1585.21
4375	1585.54
4376	1585.84
4377	1586.16
4378	1586.46
4379	1586.78
4380	1587.08
4381	1587.4
4382	1587.71
4383	1588.02
4384	1588.34
4385	1588.64
4386	1588.96
4387	1589.28
4388	1589.59
4389	1589.91
4390	1590.23
4391	1590.55
4392	1590.86
4393	1591.17
4394	1591.48
4395	1591.8
4396	1592.11
4397	1592.43
4398	1592.73
4399	1593.05
4400	1593.37
4401	1593.68
4402	1593.99
4403	1594.31
4404	1594.61
4405	1594.93
4406	1595.23
4407	1595.55
4408	1595.85
4409	1596.17
4410	1596.47
4411	1596.79
4412	1597.1
4413	1597.41
4414	1597.72
4415	1598.03
4416	1598.34
4417	1598.65
4418	1598.96
4419	1599.27
4420	1599.58
4421	1599.89
4422	1600.2
4423	1600.5
4424	1600.82
4425	1601.13
4426	1601.44
4427	1601.75
4428	1602.06
4429	1602.37
4430	1602.69
4431	1602.99
4432	1603.31
4433	1603.62
4434	1603.93
4435	1604.26
4436	1604.57
4437	1604.89
4438	1605.2
4439	1605.51
4440	1605.82
4441	1606.13
4442	1606.44
4443	1606.75
4444	1607.06
4445	1607.38
4446	1607.68
4447	1608
4448	1608.3
4449	1608.62
4450	1608.94
4451	1609.26
4452	1609.57
4453	1609.89
4454	1610.21
4455	1610.52
4456	1610.83
4457	1611.15
4458	1611.46
4459	1611.78
4460	1612.08
4461	1612.39
4462	1612.7
4463	1613.01
4464	1613.32
4465	1613.63
4466	1613.93
4467	1614.25
4468	1614.56
4469	1614.88
4470	1615.19
4471	1615.5
4472	1615.82
4473	1616.14
4474	1616.45
4475	1616.77
4476	1617.07
4477	1617.39
4478	1617.69
4479	1618
4480	1618.31
4481	1618.62
4482	1618.94
4483	1619.24
4484	1619.56
4485	1619.87
4486	1620.18
4487	1620.49
4488	1620.81
4489	1621.11
4490	1621.43
4491	1621.73
4492	1622.05
4493	1622.36
4494	1622.66
4495	1622.98
4496	1623.28
4497	1623.6
4498	1623.91
4499	1624.22
4500	1624.63
4501	1625
4502	1625.3
4503	1625.61
4504	1625.92
4505	1626.23
4506	1626.55
4507	1626.86
4508	1627.17
4509	1627.49
4510	1627.88
4511	1628.2
4512	1628.51
4513	1628.83
4514	1629.14
4515	1629.46
4516	1629.78
4517	1630.08
4518	1630.4
4519	1630.71
4520	1631.01
4521	1631.33
4522	1631.63
4523	1631.95
4524	1632.25
4525	1632.56
4526	1632.87
4527	1633.18
4528	1633.49
4529	1633.8
4530	1634.11
4531	1634.43
4532	1634.75
4533	1635.06
4534	1635.37
4535	1635.68
4536	1635.99
4537	1636.3
4538	1636.61
4539	1636.92
4540	1637.23
4541	1637.55
4542	1637.87
4543	1638.18
4544	1638.5
4545	1638.81
4546	1639.12
4547	1639.43
4548	1639.75
4549	1640.06
4550	1640.36
4551	1640.68
4552	1640.99
4553	1641.31
4554	1641.63
4555	1641.95
4556	1642.27
4557	1642.58
4558	1642.89
4559	1643.21
4560	1643.52
4561	1643.84
4562	1644.14
4563	1644.54
4564	1644.85
4565	1645.16
4566	1645.48
4567	1645.79
4568	1646.1
4569	1646.4
4570	1646.72
4571	1647.02
4572	1647.33
4573	1647.64
4574	1647.95
4575	1648.26
4576	1648.56
4577	1648.88
4578	1649.18
4579	1649.49
4580	1649.8
4581	1650.11
4582	1650.41
4583	1650.73
4584	1651.03
4585	1651.34
4586	1651.65
4587	1651.96
4588	1652.26
4589	1652.57
4590	1652.88
4591	1653.19
4592	1653.49
4593	1653.81
4594	1654.12
4595	1654.42
4596	1654.74
4597	1655.05
4598	1655.44
4599	1655.76
4600	1656.06
4601	1656.38
4602	1656.7
4603	1657
4604	1657.31
4605	1657.62
4606	1657.94
4607	1658.25
4608	1658.56
4609	1658.87
4610	1659.18
4611	1659.48
4612	1659.8
4613	1660.11
4614	1660.41
4615	1660.73
4616	1661.04
4617	1661.36
4618	1661.67
4619	1661.96
4620	1662.23
4621	1662.51
4622	1662.78
4623	1663.06
4624	1663.33
4625	1663.61
4626	1663.89
4627	1664.16
4628	1664.43
4629	1664.7
4630	1664.98
4631	1665.26
4632	1665.53
4633	1665.81
4634	1666.09
4635	1666.35
4636	1666.63
4637	1666.91
4638	1667.18
4639	1667.46
4640	1667.73
4641	1668.01
4642	1668.29
4643	1668.55
4644	1668.83
4645	1669.1
4646	1669.38
4647	1669.66
4648	1669.93
4649	1670.2
4650	1670.47
4651	1670.74
4652	1671.01
4653	1671.28
4654	1671.54
4655	1671.82
4656	1672.09
4657	1672.35
4658	1672.63
4659	1672.89
4660	1673.17
4661	1673.45
4662	1673.71
4663	1673.98
4664	1674.25
4665	1674.52
4666	1674.79
4667	1675.08
4668	1675.34
4669	1675.61
4670	1675.87
4671	1676.15
4672	1676.42
4673	1676.69
4674	1676.96
4675	1677.23
4676	1677.49
4677	1677.76
4678	1678.04
4679	1678.3
4680	1678.57
4681	1678.84
4682	1679.12
4683	1679.39
4684	1679.67
4685	1679.94
4686	1680.21
4687	1680.48
4688	1680.75
4689	1681.02
4690	1681.28
4691	1681.56
4692	1681.83
4693	1682.09
4694	1682.36
4695	1682.63
4696	1682.9
4697	1683.17
4698	1683.44
4699	1683.7
4700	1683.97
4701	1684.24
4702	1684.5
4703	1684.77
4704	1685.03
4705	1685.3
4706	1685.56
4707	1685.83
4708	1686.09
4709	1686.35
4710	1686.61
4711	1686.88
4712	1687.14
4713	1687.4
4714	1687.66
4715	1687.99
4716	1688.25
4717	1688.51
4718	1688.77
4719	1688.97
4720	1689.27
4721	1689.52
4722	1689.72
4723	1689.99
4724	1690.17
4725	1690.43
4726	1690.63
4727	1690.91
4728	1691.08
4729	1691.36
4730	1691.54
4731	1691.82
4732	1692.01
4733	1692.27
4734	1692.46
4735	1692.73
4736	1692.95
4737	1693.22
4738	1693.41
4739	1693.67
4740	1693.85
4741	1694.11
4742	1694.29
4743	1694.56
4744	1694.74
4745	1695
4746	1695.19
4747	1695.45
4748	1695.63
4749	1695.89
4750	1696.07
4751	1696.35
4752	1696.52
4753	1696.87
4754	1697.04
4755	1697.31
4756	1697.48
4757	1697.76
4758	1697.94
4759	1698.2
4760	1698.38
4761	1698.65
4762	1698.84
4763	1699.1
4764	1699.28
4765	1699.54
4766	1699.72
4767	1699.98
4768	1700.16
4769	1700.41
4770	1700.59
4771	1700.84
4772	1701.02
4773	1701.27
4774	1701.46
4775	1701.71
4776	1701.89
4777	1702.14
4778	1702.32
4779	1702.57
4780	1702.75
4781	1703
4782	1703.18
4783	1703.43
4784	1703.6
4785	1703.85
4786	1704.03
4787	1704.29
4788	1704.45
4789	1704.71
4790	1704.88
4791	1705.14
4792	1705.31
4793	1705.56
4794	1705.73
4795	1705.99
4796	1706.16
4797	1706.42
4798	1706.58
4799	1706.84
4800	1707.02
4801	1707.27
4802	1707.44
4803	1707.7
4804	1707.87
4805	1708.12
4806	1708.3
4807	1708.55
4808	1708.72
4809	1708.97
4810	1709.15
4811	1709.4
4812	1709.57
4813	1709.83
4814	1709.99
4815	1710.25
4816	1710.43
4817	1710.67
4818	1710.85
4819	1711.03
4820	1711.29
4821	1711.47
4822	1711.65
4823	1711.91
4824	1712.08
4825	1712.25
4826	1712.51
4827	1712.69
4828	1712.86
4829	1713.12
4830	1713.3
4831	1713.47
4832	1713.73
4833	1713.89
4834	1714.07
4835	1714.33
4836	1714.49
4837	1714.67
4838	1714.93
4839	1715.1
4840	1715.28
4841	1715.54
4842	1715.71
4843	1715.87
4844	1716.13
4845	1716.3
4846	1716.48
4847	1716.73
4848	1716.9
4849	1717.08
4850	1717.32
4851	1717.48
4852	1717.65
4853	1717.9
4854	1718.07
4855	1718.27
4856	1718.52
4857	1718.68
4858	1718.85
4859	1719.09
4860	1719.25
4861	1719.42
4862	1719.66
4863	1719.83
4864	1720
4865	1720.17
4866	1720.43
4867	1720.59
4868	1720.75
4869	1720.92
4870	1721.17
4871	1721.32
4872	1721.49
4873	1721.68
4874	1721.92
4875	1722.08
4876	1722.23
4877	1722.4
4878	1722.57
4879	1722.82
4880	1722.98
4881	1723.13
4882	1723.31
4883	1723.55
4884	1723.7
4885	1723.86
4886	1724.02
4887	1724.19
4888	1724.44
4889	1724.6
4890	1724.75
4891	1724.92
4892	1725.09
4893	1725.34
4894	1725.49
4895	1725.65
4896	1725.81
4897	1725.97
4898	1726.22
4899	1726.38
4900	1726.55
4901	1726.72
4902	1726.9
4903	1727.15
4904	1727.31
4905	1727.45
4906	1727.62
4907	1727.78
4908	1727.94
4909	1728.13
4910	1728.37
4911	1728.52
4912	1728.68
4913	1728.83
4914	1728.99
4915	1729.15
4916	1729.32
4917	1729.57
4918	1729.71
4919	1729.87
4920	1730.03
4921	1730.18
4922	1730.33
4923	1730.51
4924	1730.75
4925	1730.9
4926	1731.05
4927	1731.2
4928	1731.36
4929	1731.5
4930	1731.68
4931	1731.93
4932	1732.07
4933	1732.23
4934	1732.38
4935	1732.53
4936	1732.69
4937	1732.85
4938	1733.1
4939	1733.25
4940	1733.4
4941	1733.56
4942	1733.7
4943	1733.85
4944	1734.01
4945	1734.17
4946	1734.42
4947	1734.55
4948	1734.71
4949	1734.86
4950	1735.01
4951	1735.16
4952	1735.3
4953	1735.46
4954	1735.62
4955	1735.78
4956	1736.03
4957	1736.16
4958	1736.31
4959	1736.45
4960	1736.6
4961	1736.74
4962	1736.89
4963	1737.03
4964	1737.17
4965	1737.31
4966	1737.48
4967	1737.63
4968	1737.88
4969	1738.01
4970	1738.15
4971	1738.28
4972	1738.43
4973	1738.57
4974	1738.7
4975	1738.84
4976	1738.99
4977	1739.12
4978	1739.26
4979	1739.4
4980	1739.53
4981	1739.68
4982	1739.82
4983	1740.06
4984	1740.18
4985	1740.32
4986	1740.48
4987	1740.71
4988	1740.84
4989	1740.97
4990	1741.15
4991	1741.29
4992	1741.52
4993	1741.65
4994	1741.8
4995	1742.03
4996	1742.17
4997	1742.3
4998	1742.44
4999	1742.59
5000	1742.81
5001	1743.02
5002	1743.16
5003	1743.4
5004	1743.53
5005	1743.65
5006	1743.89
5007	1744.01
5008	1744.14
5009	1744.27
5010	1744.41
5011	1744.54
5012	1744.68
5013	1744.82
5014	1744.97
5015	1745.14
5016	1745.3
5017	1745.46
5018	1745.6
5019	1745.73
5020	1745.87
5021	1746.01
5022	1746.17
5023	1746.33
5024	1746.48
5025	1746.61
5026	1746.85
5027	1746.98
5028	1747.11
5029	1747.24
5030	1747.48
5031	1747.61
5032	1747.74
5033	1747.87
5034	1748.11
5035	1748.24
5036	1748.37
5037	1748.51
5038	1748.72
5039	1748.85
5040	1749.03
5041	1749.16
5042	1749.29
5043	1749.42
5044	1749.56
5045	1749.81
5046	1749.94
5047	1750.08
5048	1750.21
5049	1750.35
5050	1750.47
5051	1750.6
5052	1750.74
5053	1750.87
5054	1751
5055	1751.13
5056	1751.26
5057	1751.39
5058	1751.53
5059	1751.66
5060	1751.89
5061	1752.02
5062	1752.15
5063	1752.28
5064	1752.42
5065	1752.65
5066	1752.78
5067	1752.91
5068	1753.13
5069	1753.26
5070	1753.39
5071	1753.53
5072	1753.65
5073	1753.78
5074	1753.91
5075	1754.04
5076	1754.16
5077	1754.29
5078	1754.42
5079	1754.54
5080	1754.77
5081	1754.89
5082	1755.02
5083	1755.15
5084	1755.35
5085	1755.48
5086	1755.66
5087	1755.79
5088	1755.92
5089	1756.06
5090	1756.31
5091	1756.44
5092	1756.57
5093	1756.7
5094	1756.83
5095	1756.95
5096	1757.08
5097	1757.21
5098	1757.34
5099	1757.47
5100	1757.6
5101	1757.73
5102	1757.96
5103	1758.09
5104	1758.23
5105	1758.36
5106	1758.48
5107	1758.61
5108	1758.74
5109	1758.87
5110	1759
5111	1759.2
5112	1759.33
5113	1759.51
5114	1759.64
5115	1759.77
5116	1759.95
5117	1760.06
5118	1760.19
5119	1760.31
5120	1760.45
5121	1760.67
5122	1760.8
5123	1760.98
5124	1761.11
5125	1761.24
5126	1761.37
5127	1761.49
5128	1761.62
5129	1761.75
5130	1761.88
5131	1762.01
5132	1762.25
5133	1762.38
5134	1762.51
5135	1762.64
5136	1762.76
5137	1762.89
5138	1763.01
5139	1763.14
5140	1763.27
5141	1763.47
5142	1763.6
5143	1763.8
5144	1763.93
5145	1764.11
5146	1764.23
5147	1764.36
5148	1764.49
5149	1764.71
5150	1764.83
5151	1765
5152	1765.12
5153	1765.24
5154	1765.36
5155	1765.49
5156	1765.62
5157	1765.75
5158	1765.96
5159	1766.07
5160	1766.2
5161	1766.33
5162	1766.44
5163	1766.56
5164	1766.69
5165	1766.82
5166	1767.04
5167	1767.15
5168	1767.33
5169	1767.43
5170	1767.56
5171	1767.82
5172	1767.93
5173	1768.05
5174	1768.17
5175	1768.28
5176	1768.4
5177	1768.51
5178	1768.63
5179	1768.85
5180	1768.95
5181	1769.12
5182	1769.23
5183	1769.36
5184	1769.6
5185	1769.71
5186	1769.84
5187	1769.97
5188	1770.07
5189	1770.2
5190	1770.31
5191	1770.46
5192	1770.68
5193	1770.79
5194	1770.95
5195	1771.07
5196	1771.26
5197	1771.37
5198	1771.49
5199	1771.64
5200	1771.74
5201	1771.96
5202	1772.08
5203	1772.22
5204	1772.32
5205	1772.45
5206	1772.56
5207	1772.7
5208	1772.84
5209	1772.95
5210	1773.13
5211	1773.25
5212	1773.4
5213	1773.5
5214	1773.61
5215	1773.74
5216	1773.87
5217	1773.98
5218	1774.22
5219	1774.33
5220	1774.45
5221	1774.56
5222	1774.68
5223	1774.78
5224	1774.9
5225	1775.12
5226	1775.23
5227	1775.38
5228	1775.49
5229	1775.71
5230	1775.82
5231	1775.95
5232	1776.08
5233	1776.18
5234	1776.32
5235	1776.41
5236	1776.56
5237	1776.66
5238	1776.87
5239	1776.97
5240	1777.1
5241	1777.2
5242	1777.33
5243	1777.44
5244	1777.56
5245	1777.67
5246	1777.94
5247	1778.04
5248	1778.15
5249	1778.27
5250	1778.38
5251	1778.59
5252	1778.69
5253	1778.8
5254	1778.93
5255	1779.04
5256	1779.17
5257	1779.28
5258	1779.51
5259	1779.64
5260	1779.74
5261	1779.88
5262	1779.99
5263	1780.14
5264	1780.25
5265	1780.51
5266	1780.62
5267	1780.74
5268	1780.87
5269	1780.97
5270	1781.1
5271	1781.23
5272	1781.43
5273	1781.65
5274	1781.76
5275	1781.99
5276	1782.11
5277	1782.22
5278	1782.33
5279	1782.46
5280	1782.56
5281	1782.69
5282	1782.82
5283	1782.93
5284	1783.16
5285	1783.28
5286	1783.4
5287	1783.5
5288	1783.62
5289	1783.73
5290	1783.85
5291	1783.99
5292	1784.09
5293	1784.31
5294	1784.43
5295	1784.55
5296	1784.65
5297	1784.78
5298	1784.89
5299	1785
5300	1785.21
5301	1785.35
5302	1785.45
5303	1785.72
5304	1785.86
5305	1785.96
5306	1786.12
5307	1786.21
5308	1786.34
5309	1786.46
5310	1786.66
5311	1786.77
5312	1786.9
5313	1787.01
5314	1787.12
5315	1787.24
5316	1787.38
5317	1787.48
5318	1787.7
5319	1787.81
5320	1787.94
5321	1788.04
5322	1788.16
5323	1788.28
5324	1788.38
5325	1788.59
5326	1788.71
5327	1788.93
5328	1789.05
5329	1789.18
5330	1789.27
5331	1789.42
5332	1789.52
5333	1789.74
5334	1789.85
5335	1789.97
5336	1790.07
5337	1790.19
5338	1790.32
5339	1790.53
5340	1790.63
5341	1790.76
5342	1790.91
5343	1791
5344	1791.22
5345	1791.34
5346	1791.46
5347	1791.56
5348	1791.68
5349	1791.81
5350	1792.05
5351	1792.14
5352	1792.27
5353	1792.39
5354	1792.49
5355	1792.71
5356	1792.83
5357	1792.95
5358	1793.06
5359	1793.19
5360	1793.31
5361	1793.44
5362	1793.67
5363	1793.78
5364	1793.91
5365	1794.02
5366	1794.15
5367	1794.36
5368	1794.47
5369	1794.59
5370	1794.71
5371	1794.83
5372	1795.04
5373	1795.15
5374	1795.28
5375	1795.4
5376	1795.6
5377	1795.71
5378	1795.84
5379	1795.96
5380	1796.08
5381	1796.2
5382	1796.32
5383	1796.53
5384	1796.64
5385	1796.76
5386	1796.89
5387	1797
5388	1797.12
5389	1797.36
5390	1797.48
5391	1797.61
5392	1797.73
5393	1797.86
5394	1797.97
5395	1798.18
5396	1798.3
5397	1798.42
5398	1798.54
5399	1798.67
5400	1798.87
5401	1798.99
5402	1799.1
5403	1799.22
5404	1799.33
5405	1799.54
5406	1799.66
5407	1799.78
5408	1799.89
5409	1800.01
5410	1800.21
5411	1800.33
5412	1800.44
5413	1800.56
5414	1800.67
5415	1800.8
5416	1800.99
5417	1801.11
5418	1801.22
5419	1801.43
5420	1801.54
5421	1801.7
5422	1801.8
5423	1801.92
5424	1802.03
5425	1802.24
5426	1802.34
5427	1802.46
5428	1802.58
5429	1802.69
5430	1802.81
5431	1803.02
5432	1803.13
5433	1803.26
5434	1803.38
5435	1803.51
5436	1803.71
5437	1803.82
5438	1803.95
5439	1804.07
5440	1804.19
5441	1804.31
5442	1804.43
5443	1804.63
5444	1804.75
5445	1804.87
5446	1804.99
5447	1805.11
5448	1805.31
5449	1805.42
5450	1805.54
5451	1805.65
5452	1805.77
5453	1805.89
5454	1806
5455	1806.21
5456	1806.33
5457	1806.44
5458	1806.57
5459	1806.68
5460	1806.88
5461	1807
5462	1807.11
5463	1807.23
5464	1807.34
5465	1807.47
5466	1807.59
5467	1807.83
5468	1807.94
5469	1808.05
5470	1808.17
5471	1808.28
5472	1808.4
5473	1808.53
5474	1808.76
5475	1808.88
5476	1808.99
5477	1809.11
5478	1809.23
5479	1809.35
5480	1809.47
5481	1809.59
5482	1809.84
5483	1809.96
5484	1810.08
5485	1810.2
5486	1810.31
5487	1810.43
5488	1810.55
5489	1810.74
5490	1810.86
5491	1810.98
5492	1811.09
5493	1811.31
5494	1811.43
5495	1811.55
5496	1811.69
5497	1811.8
5498	1811.91
5499	1812.03
5500	1812.25
5501	1812.5
5502	1812.61
5503	1812.72
5504	1812.84
5505	1812.95
5506	1813.07
5507	1813.18
5508	1813.38
5509	1813.5
5510	1813.61
5511	1813.73
5512	1813.85
5513	1814.06
5514	1814.17
5515	1814.28
5516	1814.4
5517	1814.5
5518	1814.63
5519	1814.76
5520	1814.87
5521	1815.07
5522	1815.19
5523	1815.32
5524	1815.43
5525	1815.55
5526	1815.67
5527	1815.8
5528	1816.05
5529	1816.16
5530	1816.28
5531	1816.4
5532	1816.53
5533	1816.63
5534	1816.74
5535	1816.85
5536	1817.06
5537	1817.17
5538	1817.29
5539	1817.4
5540	1817.52
5541	1817.71
5542	1817.83
5543	1817.94
5544	1818.07
5545	1818.18
5546	1818.32
5547	1818.43
5548	1818.55
5549	1818.76
5550	1818.87
5551	1818.99
5552	1819.11
5553	1819.22
5554	1819.33
5555	1819.55
5556	1819.66
5557	1819.78
5558	1819.9
5559	1820.02
5560	1820.14
5561	1820.33
5562	1820.46
5563	1820.57
5564	1820.69
5565	1820.8
5566	1821
5567	1821.1
5568	1821.21
5569	1821.32
5570	1821.43
5571	1821.54
5572	1821.66
5573	1821.77
5574	1821.97
5575	1822.09
5576	1822.2
5577	1822.34
5578	1822.45
5579	1822.56
5580	1822.68
5581	1822.88
5582	1823
5583	1823.12
5584	1823.25
5585	1823.36
5586	1823.56
5587	1823.68
5588	1823.79
5589	1823.91
5590	1824.03
5591	1824.14
5592	1824.26
5593	1824.38
5594	1824.5
5595	1824.7
5596	1824.81
5597	1824.93
5598	1825.05
5599	1825.17
5600	1825.29
5601	1825.41
5602	1825.66
5603	1825.77
5604	1825.89
5605	1826.01
5606	1826.12
5607	1826.23
5608	1826.35
5609	1826.47
5610	1826.67
5611	1826.8
5612	1826.92
5613	1827.03
5614	1827.15
5615	1827.35
5616	1827.46
5617	1827.58
5618	1827.69
5619	1827.81
5620	1827.93
5621	1828.05
5622	1828.19
5623	1828.39
5624	1828.51
5625	1828.63
5626	1828.75
5627	1828.88
5628	1828.98
5629	1829.1
5630	1829.3
5631	1829.42
5632	1829.52
5633	1829.72
5634	1829.85
5635	1829.99
5636	1830.08
5637	1830.19
5638	1830.3
5639	1830.41
5640	1830.6
5641	1830.71
5642	1830.81
5643	1830.92
5644	1831.03
5645	1831.14
5646	1831.24
5647	1831.36
5648	1831.6
5649	1831.71
5650	1831.81
5651	1831.92
5652	1832.03
5653	1832.14
5654	1832.24
5655	1832.35
5656	1832.54
5657	1832.66
5658	1832.76
5659	1832.88
5660	1832.98
5661	1833.18
5662	1833.28
5663	1833.39
5664	1833.49
5665	1833.6
5666	1833.71
5667	1833.81
5668	1833.92
5669	1834.02
5670	1834.22
5671	1834.33
5672	1834.44
5673	1834.54
5674	1834.66
5675	1834.76
5676	1834.87
5677	1835.06
5678	1835.17
5679	1835.27
5680	1835.39
5681	1835.49
5682	1835.69
5683	1835.78
5684	1835.88
5685	1835.99
5686	1836.1
5687	1836.2
5688	1836.31
5689	1836.42
5690	1836.53
5691	1836.63
5692	1836.83
5693	1836.93
5694	1837.03
5695	1837.15
5696	1837.25
5697	1837.36
5698	1837.46
5699	1837.65
5700	1837.76
5701	1837.87
5702	1837.97
5703	1838.08
5704	1838.27
5705	1838.37
5706	1838.47
5707	1838.58
5708	1838.68
5709	1838.8
5710	1838.9
5711	1839.01
5712	1839.11
5713	1839.22
5714	1839.41
5715	1839.52
5716	1839.62
5717	1839.74
5718	1839.84
5719	1839.94
5720	1840.03
5721	1840.17
5722	1840.27
5723	1840.48
5724	1840.59
5725	1840.7
5726	1840.81
5727	1840.91
5728	1841.01
5729	1841.11
5730	1841.21
5731	1841.32
5732	1841.43
5733	1841.66
5734	1841.76
5735	1841.87
5736	1841.99
5737	1842.08
5738	1842.18
5739	1842.3
5740	1842.52
5741	1842.63
5742	1842.74
5743	1842.84
5744	1842.93
5745	1843.04
5746	1843.14
5747	1843.28
5748	1843.39
5749	1843.5
5750	1843.69
5751	1843.81
5752	1843.91
5753	1844.02
5754	1844.13
5755	1844.24
5756	1844.36
5757	1844.46
5758	1844.57
5759	1844.67
5760	1844.78
5761	1844.98
5762	1845.09
5763	1845.21
5764	1845.31
5765	1845.42
5766	1845.53
5767	1845.73
5768	1845.83
5769	1845.94
5770	1846.05
5771	1846.15
5772	1846.25
5773	1846.35
5774	1846.45
5775	1846.57
5776	1846.67
5777	1846.88
5778	1846.98
5779	1847.1
5780	1847.21
5781	1847.3
5782	1847.41
5783	1847.5
5784	1847.64
5785	1847.74
5786	1847.96
5787	1848.07
5788	1848.18
5789	1848.29
5790	1848.39
5791	1848.49
5792	1848.59
5793	1848.69
5794	1848.79
5795	1848.9
5796	1849.01
5797	1849.22
5798	1849.32
5799	1849.43
5800	1849.53
5801	1849.64
5802	1849.74
5803	1849.83
5804	1849.94
5805	1850.04
5806	1850.19
5807	1850.3
5808	1850.53
5809	1850.64
5810	1850.74
5811	1850.85
5812	1850.95
5813	1851.06
5814	1851.16
5815	1851.25
5816	1851.36
5817	1851.46
5818	1851.56
5819	1851.76
5820	1851.85
5821	1851.95
5822	1852.05
5823	1852.14
5824	1852.25
5825	1852.34
5826	1852.44
5827	1852.53
5828	1852.64
5829	1852.75
5830	1852.95
5831	1853.05
5832	1853.17
5833	1853.27
5834	1853.37
5835	1853.46
5836	1853.56
5837	1853.65
5838	1853.77
5839	1853.91
5840	1854.02
5841	1854.24
5842	1854.34
5843	1854.43
5844	1854.54
5845	1854.65
5846	1854.75
5847	1854.85
5848	1854.95
5849	1855.05
5850	1855.15
5851	1855.25
5852	1855.44
5853	1855.54
5854	1855.63
5855	1855.73
5856	1855.82
5857	1855.92
5858	1856.02
5859	1856.13
5860	1856.23
5861	1856.34
5862	1856.54
5863	1856.66
5864	1856.77
5865	1856.89
5866	1856.96
5867	1857.07
5868	1857.17
5869	1857.3
5870	1857.41
5871	1857.63
5872	1857.73
5873	1857.82
5874	1857.93
5875	1858.02
5876	1858.12
5877	1858.22
5878	1858.32
5879	1858.42
5880	1858.53
5881	1858.64
5882	1858.83
5883	1858.95
5884	1859.05
5885	1859.16
5886	1859.23
5887	1859.34
5888	1859.44
5889	1859.55
5890	1859.63
5891	1859.88
5892	1859.98
5893	1860.07
5894	1860.19
5895	1860.39
5896	1860.49
5897	1860.59
5898	1860.84
5899	1860.94
5900	1861.04
5901	1861.13
5902	1861.24
5903	1861.31
5904	1861.42
5905	1861.52
5906	1861.63
5907	1861.7
5908	1861.95
5909	1862.06
5910	1862.15
5911	1862.26
5912	1862.46
5913	1862.57
5914	1862.67
5915	1862.9
5916	1863
5917	1863.1
5918	1863.21
5919	1863.31
5920	1863.4
5921	1863.51
5922	1863.61
5923	1863.72
5924	1863.81
5925	1864.06
5926	1864.16
5927	1864.26
5928	1864.37
5929	1864.46
5930	1864.57
5931	1864.69
5932	1864.77
5933	1864.87
5934	1864.99
5935	1865.06
5936	1865.16
5937	1865.28
5938	1865.36
5939	1865.57
5940	1865.68
5941	1865.78
5942	1865.87
5943	1865.98
5944	1866.09
5945	1866.18
5946	1866.28
5947	1866.39
5948	1866.49
5949	1866.56
5950	1866.7
5951	1866.8
5952	1866.89
5953	1867.08
5954	1867.17
5955	1867.27
5956	1867.38
5957	1867.58
5958	1867.69
5959	1867.79
5960	1867.87
5961	1868.11
5962	1868.21
5963	1868.35
5964	1868.44
5965	1868.54
5966	1868.63
5967	1868.73
5968	1868.82
5969	1868.92
5970	1869.02
5971	1869.11
5972	1869.22
5973	1869.4
5974	1869.5
5975	1869.59
5976	1869.69
5977	1869.78
5978	1869.97
5979	1870.06
5980	1870.16
5981	1870.35
5982	1870.45
5983	1870.59
5984	1870.69
5985	1870.79
5986	1870.88
5987	1870.98
5988	1871.08
5989	1871.18
5990	1871.29
5991	1871.38
5992	1871.48
5993	1871.68
5994	1871.78
5995	1871.87
5996	1871.97
5997	1872.07
5998	1872.17
5999	1872.26
6000	1872.45
6001	1872.61
6002	1872.69
6003	1872.79
6004	1872.88
6005	1872.96
6006	1873.15
6007	1873.26
6008	1873.4
6009	1873.48
6010	1873.58
6011	1873.68
6012	1873.81
6013	1873.91
6014	1874.01
6015	1874.09
6016	1874.2
6017	1874.4
6018	1874.48
6019	1874.63
6020	1874.74
6021	1874.82
6022	1874.92
6023	1875.03
6024	1875.11
6025	1875.23
6026	1875.31
6027	1875.41
6028	1875.51
6029	1875.59
6030	1875.69
6031	1875.89
6032	1875.98
6033	1876.06
6034	1876.21
6035	1876.3
6036	1876.4
6037	1876.54
6038	1876.62
6039	1876.73
6040	1876.83
6041	1876.95
6042	1877.03
6043	1877.14
6044	1877.33
6045	1877.43
6046	1877.51
6047	1877.62
6048	1877.7
6049	1877.94
6050	1878.04
6051	1878.28
6052	1878.36
6053	1878.47
6054	1878.58
6055	1878.65
6056	1878.9
6057	1879
6058	1879.1
6059	1879.29
6060	1879.4
6061	1879.51
6062	1879.59
6063	1879.7
6064	1879.79
6065	1879.9
6066	1880
6067	1880.08
6068	1880.28
6069	1880.38
6070	1880.48
6071	1880.69
6072	1880.79
6073	1880.91
6074	1880.99
6075	1881.1
6076	1881.29
6077	1881.42
6078	1881.55
6079	1881.63
6080	1881.73
6081	1881.84
6082	1881.91
6083	1882.02
6084	1882.1
6085	1882.2
6086	1882.28
6087	1882.38
6088	1882.48
6089	1882.54
6090	1882.65
6091	1882.84
6092	1882.91
6093	1883.05
6094	1883.14
6095	1883.22
6096	1883.32
6097	1883.41
6098	1883.49
6099	1883.61
6100	1883.71
6101	1883.81
6102	1883.88
6103	1883.99
6104	1884.18
6105	1884.26
6106	1884.4
6107	1884.49
6108	1884.57
6109	1884.66
6110	1884.76
6111	1884.83
6112	1884.94
6113	1885.01
6114	1885.11
6115	1885.19
6116	1885.28
6117	1885.35
6118	1885.46
6119	1885.52
6120	1885.73
6121	1885.8
6122	1885.95
6123	1886.03
6124	1886.13
6125	1886.21
6126	1886.3
6127	1886.41
6128	1886.49
6129	1886.57
6130	1886.68
6131	1886.77
6132	1886.84
6133	1886.94
6134	1887.13
6135	1887.2
6136	1887.3
6137	1887.37
6138	1887.59
6139	1887.68
6140	1887.79
6141	1887.87
6142	1888.02
6143	1888.13
6144	1888.3
6145	1888.38
6146	1888.52
6147	1888.62
6148	1888.69
6149	1888.78
6150	1888.85
6151	1888.95
6152	1889.04
6153	1889.12
6154	1889.21
6155	1889.29
6156	1889.4
6157	1889.48
6158	1889.68
6159	1889.76
6160	1889.87
6161	1889.95
6162	1890.19
6163	1890.27
6164	1890.42
6165	1890.52
6166	1890.6
6167	1890.79
6168	1890.9
6169	1890.97
6170	1891.15
6171	1891.3
6172	1891.38
6173	1891.48
6174	1891.56
6175	1891.65
6176	1891.73
6177	1891.87
6178	1891.95
6179	1892.05
6180	1892.13
6181	1892.35
6182	1892.46
6183	1892.54
6184	1892.78
6185	1892.86
6186	1892.96
6187	1893.06
6188	1893.13
6189	1893.37
6190	1893.47
6191	1893.54
6192	1893.72
6193	1893.81
6194	1893.96
6195	1894.04
6196	1894.13
6197	1894.21
6198	1894.29
6199	1894.41
6200	1894.49
6201	1894.56
6202	1894.75
6203	1894.84
6204	1894.92
6205	1895.06
6206	1895.15
6207	1895.23
6208	1895.37
6209	1895.45
6210	1895.55
6211	1895.63
6212	1895.77
6213	1895.85
6214	1895.93
6215	1896.01
6216	1896.11
6217	1896.34
6218	1896.41
6219	1896.51
6220	1896.59
6221	1896.84
6222	1896.92
6223	1897.01
6224	1897.25
6225	1897.32
6226	1897.43
6227	1897.5
6228	1897.61
6229	1897.68
6230	1897.78
6231	1897.86
6232	1897.94
6233	1898.03
6234	1898.11
6235	1898.21
6236	1898.28
6237	1898.4
6238	1898.47
6239	1898.54
6240	1898.65
6241	1898.73
6242	1898.93
6243	1899.01
6244	1899.15
6245	1899.23
6246	1899.33
6247	1899.39
6248	1899.5
6249	1899.73
6250	1899.8
6251	1899.99
6252	1900.07
6253	1900.23
6254	1900.31
6255	1900.41
6256	1900.47
6257	1900.55
6258	1900.74
6259	1900.81
6260	1900.95
6261	1901.03
6262	1901.12
6263	1901.2
6264	1901.29
6265	1901.37
6266	1901.48
6267	1901.56
6268	1901.64
6269	1901.73
6270	1901.81
6271	1901.89
6272	1901.99
6273	1902.07
6274	1902.17
6275	1902.24
6276	1902.45
6277	1902.52
6278	1902.66
6279	1902.74
6280	1902.82
6281	1902.9
6282	1903
6283	1903.08
6284	1903.19
6285	1903.26
6286	1903.33
6287	1903.42
6288	1903.5
6289	1903.6
6290	1903.68
6291	1903.76
6292	1903.84
6293	1903.93
6294	1904.01
6295	1904.2
6296	1904.27
6297	1904.37
6298	1904.43
6299	1904.53
6300	1904.72
6301	1904.79
6302	1905.03
6303	1905.09
6304	1905.2
6305	1905.27
6306	1905.42
6307	1905.51
6308	1905.58
6309	1905.71
6310	1905.79
6311	1905.91
6312	1905.98
6313	1906.11
6314	1906.18
6315	1906.27
6316	1906.35
6317	1906.45
6318	1906.52
6319	1906.63
6320	1906.7
6321	1906.78
6322	1906.87
6323	1906.95
6324	1907.04
6325	1907.11
6326	1907.22
6327	1907.28
6328	1907.37
6329	1907.43
6330	1907.67
6331	1907.74
6332	1907.94
6333	1908.02
6334	1908.22
6335	1908.3
6336	1908.41
6337	1908.48
6338	1908.55
6339	1908.65
6340	1908.73
6341	1908.79
6342	1908.99
6343	1909.06
6344	1909.21
6345	1909.27
6346	1909.51
6347	1909.59
6348	1909.68
6349	1909.76
6350	1909.96
6351	1910.04
6352	1910.19
6353	1910.26
6354	1910.5
6355	1910.58
6356	1910.64
6357	1910.84
6358	1910.9
6359	1911
6360	1911.08
6361	1911.17
6362	1911.25
6363	1911.36
6364	1911.44
6365	1911.51
6366	1911.58
6367	1911.7
6368	1911.78
6369	1911.85
6370	1911.93
6371	1912.01
6372	1912.08
6373	1912.16
6374	1912.26
6375	1912.34
6376	1912.42
6377	1912.49
6378	1912.62
6379	1912.69
6380	1912.77
6381	1912.96
6382	1913.03
6383	1913.13
6384	1913.32
6385	1913.39
6386	1913.47
6387	1913.57
6388	1913.65
6389	1913.88
6390	1913.95
6391	1914.09
6392	1914.16
6393	1914.38
6394	1914.46
6395	1914.59
6396	1914.66
6397	1914.87
6398	1914.94
6399	1915.04
6400	1915.11
6401	1915.19
6402	1915.44
6403	1915.52
6404	1915.63
6405	1915.7
6406	1915.77
6407	1916.02
6408	1916.09
6409	1916.33
6410	1916.4
6411	1916.47
6412	1916.57
6413	1916.63
6414	1916.73
6415	1916.8
6416	1916.9
6417	1916.96
6418	1917.05
6419	1917.12
6420	1917.2
6421	1917.28
6422	1917.36
6423	1917.44
6424	1917.53
6425	1917.61
6426	1917.68
6427	1917.75
6428	1917.95
6429	1918.01
6430	1918.09
6431	1918.31
6432	1918.38
6433	1918.46
6434	1918.61
6435	1918.67
6436	1918.79
6437	1918.87
6438	1918.94
6439	1919.19
6440	1919.25
6441	1919.35
6442	1919.57
6443	1919.65
6444	1919.73
6445	1919.87
6446	1919.97
6447	1920.05
6448	1920.13
6449	1920.19
6450	1920.43
6451	1920.51
6452	1920.75
6453	1920.82
6454	1920.92
6455	1920.99
6456	1921.06
6457	1921.17
6458	1921.25
6459	1921.34
6460	1921.4
6461	1921.5
6462	1921.57
6463	1921.67
6464	1921.73
6465	1921.81
6466	1921.88
6467	1922.01
6468	1922.08
6469	1922.15
6470	1922.22
6471	1922.39
6472	1922.47
6473	1922.59
6474	1922.66
6475	1922.84
6476	1922.91
6477	1923.07
6478	1923.15
6479	1923.37
6480	1923.45
6481	1923.52
6482	1923.61
6483	1923.83
6484	1923.91
6485	1923.99
6486	1924.07
6487	1924.31
6488	1924.38
6489	1924.53
6490	1924.6
6491	1924.79
6492	1924.87
6493	1924.93
6494	1925.11
6495	1925.18
6496	1925.29
6497	1925.36
6498	1925.46
6499	1925.53
6500	1925.69
6501	1925.84
6502	1925.92
6503	1925.98
6504	1926.18
6505	1926.24
6506	1926.37
6507	1926.43
6508	1926.53
6509	1926.6
6510	1926.67
6511	1926.89
6512	1926.97
6513	1927.17
6514	1927.23
6515	1927.46
6516	1927.54
6517	1927.6
6518	1927.7
6519	1927.94
6520	1928
6521	1928.07
6522	1928.14
6523	1928.37
6524	1928.45
6525	1928.6
6526	1928.67
6527	1928.87
6528	1928.94
6529	1929.08
6530	1929.15
6531	1929.23
6532	1929.29
6533	1929.37
6534	1929.62
6535	1929.7
6536	1929.93
6537	1930.01
6538	1930.08
6539	1930.15
6540	1930.23
6541	1930.31
6542	1930.4
6543	1930.47
6544	1930.56
6545	1930.64
6546	1930.73
6547	1930.8
6548	1930.99
6549	1931.07
6550	1931.17
6551	1931.36
6552	1931.43
6553	1931.5
6554	1931.64
6555	1931.71
6556	1931.94
6557	1932.01
6558	1932.08
6559	1932.15
6560	1932.26
6561	1932.33
6562	1932.53
6563	1932.61
6564	1932.84
6565	1932.92
6566	1932.99
6567	1933.15
6568	1933.22
6569	1933.32
6570	1933.39
6571	1933.47
6572	1933.54
6573	1933.69
6574	1933.75
6575	1933.83
6576	1933.9
6577	1934.05
6578	1934.12
6579	1934.22
6580	1934.3
6581	1934.4
6582	1934.47
6583	1934.55
6584	1934.69
6585	1934.76
6586	1934.87
6587	1934.94
6588	1935.01
6589	1935.15
6590	1935.22
6591	1935.34
6592	1935.4
6593	1935.54
6594	1935.61
6595	1935.71
6596	1935.78
6597	1935.88
6598	1935.95
6599	1936.03
6600	1936.1
6601	1936.24
6602	1936.31
6603	1936.42
6604	1936.49
6605	1936.63
6606	1936.7
6607	1936.79
6608	1936.91
6609	1936.98
6610	1937.06
6611	1937.12
6612	1937.23
6613	1937.3
6614	1937.4
6615	1937.48
6616	1937.58
6617	1937.65
6618	1937.73
6619	1937.81
6620	1937.88
6621	1937.94
6622	1938.05
6623	1938.12
6624	1938.21
6625	1938.28
6626	1938.36
6627	1938.43
6628	1938.55
6629	1938.62
6630	1938.69
6631	1938.8
6632	1938.88
6633	1938.97
6634	1939.03
6635	1939.15
6636	1939.22
6637	1939.3
6638	1939.37
6639	1939.47
6640	1939.54
6641	1939.63
6642	1939.7
6643	1939.8
6644	1939.86
6645	1939.94
6646	1940.02
6647	1940.12
6648	1940.18
6649	1940.25
6650	1940.33
6651	1940.42
6652	1940.49
6653	1940.55
6654	1940.64
6655	1940.71
6656	1940.79
6657	1940.86
6658	1940.93
6659	1941
6660	1941.1
6661	1941.17
6662	1941.23
6663	1941.31
6664	1941.38
6665	1941.45
6666	1941.54
6667	1941.6
6668	1941.7
6669	1941.76
6670	1941.84
6671	1941.9
6672	1942.01
6673	1942.07
6674	1942.14
6675	1942.2
6676	1942.3
6677	1942.37
6678	1942.46
6679	1942.51
6680	1942.62
6681	1942.68
6682	1942.75
6683	1942.81
6684	1942.92
6685	1942.98
6686	1943.07
6687	1943.14
6688	1943.22
6689	1943.29
6690	1943.35
6691	1943.42
6692	1943.51
6693	1943.58
6694	1943.65
6695	1943.72
6696	1943.78
6697	1943.85
6698	1943.95
6699	1944.02
6700	1944.09
6701	1944.16
6702	1944.23
6703	1944.3
6704	1944.37
6705	1944.44
6706	1944.52
6707	1944.59
6708	1944.67
6709	1944.74
6710	1944.81
6711	1944.88
6712	1944.98
6713	1945.04
6714	1945.11
6715	1945.2
6716	1945.27
6717	1945.35
6718	1945.42
6719	1945.5
6720	1945.57
6721	1945.66
6722	1945.72
6723	1945.8
6724	1945.87
6725	1945.93
6726	1945.99
6727	1946.1
6728	1946.15
6729	1946.25
6730	1946.31
6731	1946.41
6732	1946.46
6733	1946.56
6734	1946.61
6735	1946.69
6736	1946.75
6737	1946.85
6738	1946.91
6739	1947
6740	1947.06
6741	1947.14
6742	1947.2
6743	1947.32
6744	1947.38
6745	1947.46
6746	1947.52
6747	1947.59
6748	1947.69
6749	1947.75
6750	1947.84
6751	1947.9
6752	1948
6753	1948.08
6754	1948.15
6755	1948.25
6756	1948.31
6757	1948.4
6758	1948.47
6759	1948.55
6760	1948.62
6761	1948.69
6762	1948.76
6763	1948.85
6764	1948.92
6765	1949.01
6766	1949.08
6767	1949.15
6768	1949.25
6769	1949.32
6770	1949.39
6771	1949.46
6772	1949.54
6773	1949.59
6774	1949.69
6775	1949.75
6776	1949.84
6777	1949.91
6778	1949.99
6779	1950.05
6780	1950.13
6781	1950.2
6782	1950.31
6783	1950.38
6784	1950.46
6785	1950.52
6786	1950.59
6787	1950.67
6788	1950.74
6789	1950.82
6790	1950.88
6791	1950.95
6792	1951.05
6793	1951.12
6794	1951.21
6795	1951.29
6796	1951.35
6797	1951.43
6798	1951.51
6799	1951.58
6800	1951.66
6801	1951.85
6802	1951.91
6803	1952.1
6804	1952.18
6805	1952.26
6806	1952.31
6807	1952.52
6808	1952.58
6809	1952.73
6810	1952.79
6811	1952.98
6812	1953.04
6813	1953.13
6814	1953.19
6815	1953.36
6816	1953.43
6817	1953.58
6818	1953.64
6819	1953.83
6820	1953.9
6821	1953.97
6822	1954.04
6823	1954.13
6824	1954.2
6825	1954.39
6826	1954.46
6827	1954.69
6828	1954.75
6829	1954.84
6830	1954.9
6831	1954.97
6832	1955.11
6833	1955.18
6834	1955.33
6835	1955.4
6836	1955.47
6837	1955.54
6838	1955.64
6839	1955.71
6840	1955.79
6841	1955.86
6842	1955.93
6843	1956
6844	1956.16
6845	1956.23
6846	1956.37
6847	1956.43
6848	1956.5
6849	1956.58
6850	1956.67
6851	1956.74
6852	1956.88
6853	1956.95
6854	1957.08
6855	1957.15
6856	1957.22
6857	1957.29
6858	1957.4
6859	1957.46
6860	1957.56
6861	1957.62
6862	1957.7
6863	1957.76
6864	1957.83
6865	1957.91
6866	1957.97
6867	1958.06
6868	1958.12
6869	1958.2
6870	1958.26
6871	1958.35
6872	1958.41
6873	1958.49
6874	1958.56
6875	1958.64
6876	1958.71
6877	1958.77
6878	1958.84
6879	1958.92
6880	1958.99
6881	1959.06
6882	1959.13
6883	1959.19
6884	1959.25
6885	1959.32
6886	1959.39
6887	1959.46
6888	1959.54
6889	1959.61
6890	1959.68
6891	1959.75
6892	1959.82
6893	1959.89
6894	1959.96
6895	1960.02
6896	1960.09
6897	1960.16
6898	1960.23
6899	1960.3
6900	1960.38
6901	1960.45
6902	1960.53
6903	1960.6
6904	1960.66
6905	1960.73
6906	1960.81
6907	1960.88
6908	1960.96
6909	1961.02
6910	1961.1
6911	1961.16
6912	1961.23
6913	1961.29
6914	1961.39
6915	1961.45
6916	1961.56
6917	1961.61
6918	1961.69
6919	1961.75
6920	1961.84
6921	1961.9
6922	1961.98
6923	1962.05
6924	1962.11
6925	1962.18
6926	1962.25
6927	1962.32
6928	1962.38
6929	1962.45
6930	1962.53
6931	1962.6
6932	1962.68
6933	1962.75
6934	1962.81
6935	1962.89
6936	1962.95
6937	1963.02
6938	1963.08
6939	1963.17
6940	1963.23
6941	1963.29
6942	1963.36
6943	1963.45
6944	1963.52
6945	1963.6
6946	1963.66
6947	1963.73
6948	1963.8
6949	1963.87
6950	1963.95
6951	1964.02
6952	1964.1
6953	1964.18
6954	1964.26
6955	1964.33
6956	1964.39
6957	1964.46
6958	1964.56
6959	1964.63
6960	1964.7
6961	1964.77
6962	1964.87
6963	1964.93
6964	1965.01
6965	1965.07
6966	1965.15
6967	1965.21
6968	1965.28
6969	1965.34
6970	1965.41
6971	1965.48
6972	1965.55
6973	1965.62
6974	1965.68
6975	1965.75
6976	1965.83
6977	1965.9
6978	1965.99
6979	1966.05
6980	1966.14
6981	1966.2
6982	1966.27
6983	1966.33
6984	1966.4
6985	1966.48
6986	1966.56
6987	1966.64
6988	1966.7
6989	1966.79
6990	1966.84
6991	1966.92
6992	1966.99
6993	1967.06
6994	1967.13
6995	1967.22
6996	1967.29
6997	1967.37
6998	1967.44
6999	1967.52
7000	1967.67
7001	1967.81
7002	1967.88
7003	1967.95
7004	1968.02
7005	1968.09
7006	1968.16
7007	1968.24
7008	1968.31
7009	1968.39
7010	1968.45
7011	1968.55
7012	1968.62
7013	1968.7
7014	1968.77
7015	1968.85
7016	1968.92
7017	1969.01
7018	1969.08
7019	1969.17
7020	1969.22
7021	1969.3
7022	1969.36
7023	1969.45
7024	1969.52
7025	1969.59
7026	1969.67
7027	1969.74
7028	1969.81
7029	1969.89
7030	1969.95
7031	1970.04
7032	1970.1
7033	1970.17
7034	1970.24
7035	1970.31
7036	1970.37
7037	1970.45
7038	1970.52
7039	1970.6
7040	1970.66
7041	1970.74
7042	1970.8
7043	1970.88
7044	1970.94
7045	1971.01
7046	1971.08
7047	1971.15
7048	1971.21
7049	1971.28
7050	1971.36
7051	1971.43
7052	1971.5
7053	1971.56
7054	1971.64
7055	1971.7
7056	1971.78
7057	1971.86
7058	1971.92
7059	1971.99
7060	1972.05
7061	1972.11
7062	1972.2
7063	1972.26
7064	1972.34
7065	1972.4
7066	1972.49
7067	1972.56
7068	1972.64
7069	1972.7
7070	1972.78
7071	1972.83
7072	1972.92
7073	1972.98
7074	1973.05
7075	1973.12
7076	1973.21
7077	1973.29
7078	1973.37
7079	1973.43
7080	1973.52
7081	1973.59
7082	1973.66
7083	1973.75
7084	1973.81
7085	1973.89
7086	1973.96
7087	1974.04
7088	1974.12
7089	1974.18
7090	1974.27
7091	1974.34
7092	1974.41
7093	1974.49
7094	1974.56
7095	1974.62
7096	1974.7
7097	1974.78
7098	1974.85
7099	1974.92
7100	1974.99
7101	1975.07
7102	1975.15
7103	1975.22
7104	1975.29
7105	1975.36
7106	1975.43
7107	1975.51
7108	1975.58
7109	1975.65
7110	1975.72
7111	1975.79
7112	1975.86
7113	1975.93
7114	1976.03
7115	1976.09
7116	1976.17
7117	1976.24
7118	1976.32
7119	1976.39
7120	1976.49
7121	1976.55
7122	1976.63
7123	1976.7
7124	1976.79
7125	1976.87
7126	1976.94
7127	1977.01
7128	1977.09
7129	1977.16
7130	1977.25
7131	1977.32
7132	1977.39
7133	1977.47
7134	1977.54
7135	1977.62
7136	1977.68
7137	1977.76
7138	1977.85
7139	1977.92
7140	1978
7141	1978.06
7142	1978.15
7143	1978.22
7144	1978.3
7145	1978.37
7146	1978.44
7147	1978.5
7148	1978.59
7149	1978.66
7150	1978.74
7151	1978.81
7152	1978.87
7153	1978.95
7154	1979.02
7155	1979.1
7156	1979.17
7157	1979.24
7158	1979.31
7159	1979.39
7160	1979.46
7161	1979.53
7162	1979.59
7163	1979.67
7164	1979.74
7165	1979.81
7166	1979.9
7167	1979.96
7168	1980.04
7169	1980.12
7170	1980.19
7171	1980.26
7172	1980.34
7173	1980.4
7174	1980.47
7175	1980.55
7176	1980.62
7177	1980.69
7178	1980.75
7179	1980.83
7180	1980.9
7181	1980.98
7182	1981.05
7183	1981.12
7184	1981.19
7185	1981.26
7186	1981.33
7187	1981.41
7188	1981.47
7189	1981.56
7190	1981.63
7191	1981.72
7192	1981.79
7193	1981.88
7194	1981.96
7195	1982.03
7196	1982.11
7197	1982.18
7198	1982.26
7199	1982.33
7200	1982.41
7201	1982.48
7202	1982.57
7203	1982.64
7204	1982.7
7205	1982.79
7206	1982.86
7207	1982.94
7208	1983.01
7209	1983.07
7210	1983.14
7211	1983.23
7212	1983.3
7213	1983.38
7214	1983.45
7215	1983.51
7216	1983.58
7217	1983.66
7218	1983.72
7219	1983.8
7220	1983.86
7221	1983.93
7222	1983.99
7223	1984.07
7224	1984.13
7225	1984.2
7226	1984.26
7227	1984.33
7228	1984.41
7229	1984.46
7230	1984.53
7231	1984.6
7232	1984.67
7233	1984.73
7234	1984.8
7235	1984.87
7236	1984.93
7237	1985
7238	1985.07
7239	1985.14
7240	1985.2
7241	1985.27
7242	1985.34
7243	1985.41
7244	1985.48
7245	1985.53
7246	1985.61
7247	1985.67
7248	1985.74
7249	1985.8
7250	1985.87
7251	1985.94
7252	1986.02
7253	1986.1
7254	1986.18
7255	1986.25
7256	1986.33
7257	1986.39
7258	1986.47
7259	1986.55
7260	1986.63
7261	1986.7
7262	1986.78
7263	1986.86
7264	1986.92
7265	1987.01
7266	1987.07
7267	1987.16
7268	1987.23
7269	1987.3
7270	1987.37
7271	1987.45
7272	1987.53
7273	1987.6
7274	1987.68
7275	1987.74
7276	1987.82
7277	1987.9
7278	1987.97
7279	1988.05
7280	1988.11
7281	1988.19
7282	1988.26
7283	1988.34
7284	1988.41
7285	1988.48
7286	1988.56
7287	1988.63
7288	1988.7
7289	1988.77
7290	1988.85
7291	1988.92
7292	1988.99
7293	1989.07
7294	1989.14
7295	1989.21
7296	1989.28
7297	1989.35
7298	1989.42
7299	1989.5
7300	1989.57
7301	1989.64
7302	1989.72
7303	1989.79
7304	1989.87
7305	1989.93
7306	1990.01
7307	1990.09
7308	1990.16
7309	1990.25
7310	1990.31
7311	1990.39
7312	1990.46
7313	1990.53
7314	1990.61
7315	1990.68
7316	1990.75
7317	1990.82
7318	1990.9
7319	1990.97
7320	1991.04
7321	1991.12
7322	1991.19
7323	1991.27
7324	1991.34
7325	1991.41
7326	1991.48
7327	1991.56
7328	1991.63
7329	1991.7
7330	1991.78
7331	1991.85
7332	1991.92
7333	1992
7334	1992.07
7335	1992.15
7336	1992.22
7337	1992.29
7338	1992.37
7339	1992.45
7340	1992.51
7341	1992.59
7342	1992.68
7343	1992.74
7344	1992.82
7345	1992.9
7346	1992.99
7347	1993.06
7348	1993.13
7349	1993.21
7350	1993.29
7351	1993.36
7352	1993.44
7353	1993.51
7354	1993.59
7355	1993.66
7356	1993.74
7357	1993.82
7358	1993.89
7359	1993.96
7360	1994.04
7361	1994.12
7362	1994.19
7363	1994.26
7364	1994.34
7365	1994.41
7366	1994.49
7367	1994.57
7368	1994.64
7369	1994.72
7370	1994.8
7371	1994.86
7372	1994.95
7373	1995.02
7374	1995.1
7375	1995.18
7376	1995.25
7377	1995.34
7378	1995.41
