1	774
2	544
3	561
4	571
5	562
6	562
7	575
8	563
9	555
10	559
11	559
12	553
13	552
14	551
15	539
16	549
17	549
18	540
19	545
20	544
21	544
22	543
23	542
24	542
25	542
26	541
27	540
28	541
29	541
30	540
31	541
32	543
33	546
34	547
35	548
36	548
37	548
38	548
39	548
40	548
41	548
42	548
43	548
44	547
45	547
46	546
47	546
48	546
49	546
50	547
51	547
52	548
53	550
54	551
55	551
56	552
57	552
58	552
59	552
60	552
61	552
62	552
63	552
64	552
65	552
66	553
67	553
68	553
69	552
70	553
71	552
72	553
73	553
74	553
75	553
76	553
77	552
78	552
79	552
80	552
81	552
82	551
83	550
84	551
85	552
86	552
87	553
88	553
89	554
90	554
91	554
92	554
93	555
94	555
95	555
96	555
97	548
98	555
99	556
100	556
101	557
102	557
103	557
104	557
105	557
106	557
107	557
108	557
109	556
110	550
111	557
112	558
113	558
114	558
115	558
116	558
117	558
118	558
119	558
120	558
121	558
122	558
123	557
124	557
125	555
126	555
127	556
128	557
129	558
130	558
131	556
132	554
133	558
134	558
135	558
136	557
137	556
138	554
139	553
140	555
141	557
142	558
143	558
144	559
145	558
146	557
147	555
148	554
149	557
150	558
151	559
152	559
153	559
154	559
155	559
156	560
157	560
158	560
159	560
160	560
161	559
162	559
163	559
164	558
165	558
166	558
167	555
168	556
169	558
170	557
171	557
172	556
173	556
174	556
175	557
176	557
177	558
178	558
179	558
180	558
181	558
182	558
183	558
184	558
185	558
186	558
187	559
188	559
189	559
190	559
191	559
192	559
193	559
194	559
195	559
196	559
197	559
198	559
199	559
200	560
201	560
202	559
203	552
204	559
205	560
206	560
207	559
208	559
209	559
210	559
211	559
212	559
213	559
214	559
215	559
216	559
217	559
218	559
219	560
220	560
221	560
222	560
223	560
224	560
225	558
226	558
227	560
228	561
229	561
230	562
231	561
232	561
233	560
234	557
235	555
236	554
237	555
238	556
239	558
240	559
241	559
242	559
243	559
244	558
245	558
246	556
247	555
248	554
249	552
250	551
251	551
252	551
253	551
254	552
255	554
256	555
257	556
258	556
259	557
260	557
261	557
262	558
263	558
264	558
265	558
266	557
267	557
268	557
269	557
270	557
271	557
272	557
273	557
274	557
275	556
276	554
277	553
278	553
279	554
280	554
281	553
282	552
283	550
284	548
285	547
286	547
287	548
288	552
289	555
290	556
291	557
292	557
293	556
294	556
295	556
296	551
297	546
298	555
299	556
300	556
301	557
302	557
303	557
304	557
305	557
306	557
307	557
308	557
309	557
310	557
311	557
312	557
313	557
314	557
315	557
316	557
317	557
318	558
319	558
320	558
321	558
322	558
323	558
324	558
325	558
326	558
327	557
328	556
329	555
330	556
331	557
332	557
333	557
334	558
335	558
336	557
337	558
338	558
339	557
340	557
341	555
342	554
343	552
344	551
345	552
346	551
347	551
348	550
349	551
350	551
351	550
352	551
353	551
354	552
355	552
356	552
357	552
358	552
359	552
360	553
361	553
362	554
363	554
364	555
365	556
366	556
367	557
368	557
369	558
370	558
371	558
372	558
373	558
374	559
375	558
376	559
377	559
378	559
379	558
380	558
381	558
382	557
383	557
384	556
385	556
386	556
387	556
388	556
389	556
390	556
391	555
392	556
393	556
394	556
395	556
396	556
397	556
398	556
399	557
400	557
401	557
402	557
403	557
404	556
405	555
406	554
407	552
408	552
409	554
410	555
411	556
412	556
413	556
414	556
415	556
416	556
417	555
418	554
419	554
420	554
421	553
422	553
423	553
424	553
425	553
426	553
427	553
428	553
429	553
430	553
431	553
432	553
433	553
434	553
435	552
436	553
437	553
438	552
439	552
440	552
441	552
442	552
443	551
444	550
445	550
446	549
447	548
448	548
449	547
450	547
451	546
452	546
453	545
454	545
455	545
456	545
457	545
458	545
459	545
460	546
461	546
462	546
463	546
464	546
465	546
466	547
467	546
468	546
469	546
470	546
471	546
472	545
473	545
474	545
475	545
476	546
477	546
478	546
479	546
480	547
481	547
482	547
483	547
484	547
485	549
486	550
487	550
488	550
489	549
490	549
491	549
492	550
493	550
494	549
495	549
496	548
497	547
498	547
499	546
500	545
501	544
502	543
503	543
504	543
505	544
506	544
507	545
508	546
509	546
510	545
511	545
512	544
513	543
514	542
515	541
516	541
517	541
518	541
519	542
520	543
521	543
522	544
523	543
524	543
525	543
526	543
527	543
528	543
529	543
530	543
531	543
532	544
533	544
534	545
535	546
536	547
537	547
538	547
539	548
540	548
541	549
542	549
543	549
544	549
545	549
546	549
547	549
548	550
549	550
550	550
551	550
552	550
553	550
554	550
555	550
556	550
557	550
558	550
559	550
560	550
561	551
562	551
563	551
564	550
565	551
566	551
567	551
568	551
569	550
570	551
571	550
572	551
573	550
574	550
575	550
576	550
577	550
578	550
579	550
580	549
581	549
582	551
583	550
584	550
585	549
586	549
587	549
588	549
589	549
590	549
591	549
592	549
593	549
594	548
595	548
596	548
597	548
598	548
599	548
600	547
601	548
602	547
603	547
604	547
605	547
606	546
607	546
608	546
609	546
610	546
611	546
612	545
613	545
614	545
615	545
616	545
617	544
618	544
619	544
620	544
621	544
622	544
623	543
624	543
625	543
626	543
627	543
628	543
629	543
630	543
631	543
632	543
633	543
634	543
635	542
636	542
637	542
638	542
639	542
640	542
641	542
642	542
643	542
644	542
645	541
646	541
647	541
648	541
649	541
650	540
651	540
652	538
653	541
654	541
655	540
656	540
657	541
658	541
659	541
660	541
661	541
662	541
663	541
664	541
665	541
666	541
667	542
668	543
669	543
670	542
671	542
672	544
673	543
674	544
675	543
676	544
677	544
678	543
679	543
680	542
681	542
682	543
683	543
684	543
685	543
686	543
687	543
688	544
689	543
690	543
691	543
692	543
693	543
694	543
695	543
696	543
697	543
698	543
699	543
700	543
701	543
702	543
703	543
704	543
705	543
706	543
707	543
708	543
709	543
710	543
711	543
712	543
713	543
714	543
715	543
716	543
717	543
718	542
719	543
720	543
721	543
722	543
723	543
724	542
725	542
726	542
727	542
728	541
729	542
730	541
731	541
732	541
733	541
734	541
735	540
736	540
737	540
738	540
739	540
740	540
741	540
742	540
743	540
744	539
745	539
746	539
747	539
748	539
749	539
750	539
751	539
752	539
753	539
754	539
755	538
756	538
757	538
758	538
759	538
760	537
761	537
762	537
763	536
764	536
765	536
766	536
767	536
768	536
769	536
770	537
771	537
772	537
773	537
774	537
775	538
776	538
777	538
778	538
779	538
780	537
781	537
782	537
783	537
784	537
785	536
786	537
787	536
788	536
789	535
790	535
791	535
792	536
793	535
794	535
795	534
796	533
797	533
798	533
799	533
800	532
801	532
802	532
803	532
804	531
805	531
806	532
807	532
808	532
809	532
810	532
811	533
812	533
813	533
814	534
815	534
816	534
817	534
818	534
819	534
820	535
821	534
822	534
823	534
824	533
825	533
826	533
827	532
828	532
829	532
830	532
831	531
832	531
833	530
834	529
835	530
836	529
837	529
838	528
839	528
840	528
841	528
842	528
843	527
844	527
845	527
846	527
847	527
848	527
849	526
850	526
851	526
852	526
853	526
854	525
855	525
856	525
857	525
858	525
859	524
860	523
861	524
862	523
863	523
864	523
865	522
866	522
867	522
868	522
869	521
870	521
871	520
872	520
873	520
874	520
875	519
876	519
877	519
878	519
879	519
880	518
881	518
882	518
883	518
884	517
885	518
886	517
887	517
888	516
889	516
890	516
891	515
892	515
893	515
894	515
895	515
896	515
897	515
898	515
899	515
900	515
901	515
902	515
903	515
904	515
905	515
906	515
907	515
908	515
909	514
910	515
911	515
912	515
913	515
914	515
915	515
916	515
917	514
918	514
919	513
920	514
921	514
922	514
923	514
924	514
925	514
926	514
927	514
928	514
929	514
930	513
931	514
932	513
933	513
934	514
935	513
936	512
937	512
938	513
939	512
940	495
941	512
942	512
943	512
944	511
945	512
946	511
947	511
948	511
949	511
950	511
951	511
952	511
953	511
954	511
955	511
956	511
957	511
958	511
959	511
960	511
961	511
962	511
963	511
964	511
965	511
966	511
967	511
968	511
969	510
970	511
971	511
972	511
973	511
974	511
975	511
976	511
977	511
978	511
979	511
980	511
981	511
982	511
983	511
984	511
985	511
986	511
987	511
988	511
989	511
990	511
991	511
992	511
993	511
994	511
995	510
996	511
997	511
998	510
999	510
1000	511
1001	511
1002	511
1003	510
1004	510
1005	510
1006	478
1007	510
1008	510
1009	510
1010	510
1011	510
1012	510
1013	510
1014	510
1015	510
1016	510
1017	510
1018	510
1019	510
1020	510
1021	510
1022	510
1023	509
1024	509
1025	509
1026	509
1027	509
1028	509
1029	509
1030	509
1031	509
1032	509
1033	509
1034	509
1035	509
1036	509
1037	509
1038	508
1039	508
1040	508
1041	508
1042	508
1043	508
1044	508
1045	508
1046	508
1047	508
1048	508
1049	508
1050	508
1051	508
1052	508
1053	507
1054	507
1055	507
1056	507
1057	507
1058	507
1059	507
1060	507
1061	507
1062	507
1063	507
1064	511
1065	512
1066	508
1067	506
1068	513
1069	511
1070	512
1071	511
1072	508
1073	511
1074	511
1075	511
1076	510
1077	510
1078	510
1079	508
1080	512
1081	504
1082	510
1083	507
1084	509
1085	510
1086	510
1087	510
1088	509
1089	509
1090	509
1091	509
1092	509
1093	509
1094	509
1095	509
1096	509
1097	509
1098	509
1099	509
1100	509
1101	509
1102	509
1103	509
1104	511
1105	504
1106	506
1107	509
1108	510
1109	509
1110	509
1111	511
1112	504
1113	505
1114	510
1115	510
1116	510
1117	509
1118	510
1119	511
1120	504
1121	505
1122	510
1123	510
1124	510
1125	510
1126	510
1127	510
1128	510
1129	511
1130	504
1131	505
1132	511
1133	510
1134	511
1135	510
1136	510
1137	510
1138	510
1139	511
1140	505
1141	504
1142	511
1143	511
1144	510
1145	510
1146	510
1147	510
1148	510
1149	510
1150	510
1151	512
1152	507
1153	504
1154	510
1155	510
1156	510
1157	510
1158	510
1159	509
1160	510
1161	508
1162	510
1163	510
1164	510
1165	511
1166	508
1167	502
1168	509
1169	508
1170	509
1171	508
1172	508
1173	507
1174	508
1175	508
1176	507
1177	508
1178	508
1179	508
1180	510
1181	509
1182	502
1183	508
1184	508
1185	507
1186	507
1187	507
1188	507
1189	507
1190	507
1191	507
1192	506
1193	506
1194	506
1195	506
1196	506
1197	509
1198	508
1199	502
1200	507
1201	507
1202	506
1203	506
1204	506
1205	506
1206	506
1207	506
1208	506
1209	505
1210	506
1211	505
1212	505
1213	505
1214	505
1215	508
1216	509
1217	502
1218	506
1219	505
1220	505
1221	505
1222	504
1223	505
1224	505
1225	504
1226	504
1227	504
1228	504
1229	504
1230	504
1231	504
1232	504
1233	503
1234	504
1235	504
1236	508
1237	509
1238	502
1239	505
1240	504
1241	504
1242	504
1243	504
1244	504
1245	504
1246	504
1247	503
1248	503
1249	503
1250	503
1251	503
1252	503
1253	503
1254	503
1255	503
1256	503
1257	503
1258	503
1259	503
1260	508
1261	509
1262	502
1263	504
1264	503
1265	503
1266	503
1267	503
1268	503
1269	503
1270	503
1271	503
1272	503
1273	502
1274	503
1275	502
1276	502
1277	502
1278	502
1279	502
1280	502
1281	502
1282	502
1283	502
1284	502
1285	502
1286	507
1287	509
1288	503
1289	503
1290	503
1291	478
1292	502
1293	502
1294	502
1295	502
1296	502
1297	502
1298	502
1299	502
1300	502
1301	502
1302	502
1303	502
1304	502
1305	502
1306	502
1307	502
1308	502
1309	502
1310	501
1311	502
1312	501
1313	501
1314	501
1315	507
1316	508
1317	504
1318	502
1319	501
1320	501
1321	501
1322	501
1323	501
1324	501
1325	501
1326	501
1327	501
1328	501
1329	501
1330	501
1331	501
1332	500
1333	501
1334	501
1335	501
1336	500
1337	500
1338	501
1339	500
1340	501
1341	501
1342	501
1343	501
1344	500
1345	500
1346	500
1347	500
1348	500
1349	506
1350	507
1351	504
1352	501
1353	499
1354	500
1355	500
1356	500
1357	500
1358	500
1359	500
1360	500
1361	499
1362	500
1363	500
1364	500
1365	500
1366	500
1367	500
1368	500
1369	500
1370	499
1371	500
1372	499
1373	499
1374	500
1375	500
1376	500
1377	500
1378	500
1379	500
1380	500
1381	500
1382	500
1383	499
1384	499
1385	498
1386	494
1387	506
1388	503
1389	500
1390	499
1391	499
1392	499
1393	499
1394	499
1395	499
1396	499
1397	499
1398	499
1399	498
1400	499
1401	498
1402	499
1403	499
1404	499
1405	498
1406	498
1407	498
1408	499
1409	498
1410	498
1411	498
1412	498
1413	499
1414	497
1415	498
1416	498
1417	498
1418	498
1419	498
1420	498
1421	497
1422	498
1423	497
1424	497
1425	498
1426	498
1427	497
1428	498
1429	503
1430	498
1431	500
1432	498
1433	495
1434	496
1435	480
1436	497
1437	497
1438	497
1439	497
1440	497
1441	497
1442	497
1443	497
1444	497
1445	497
1446	497
1447	497
1448	496
1449	496
1450	496
1451	496
1452	496
1453	496
1454	496
1455	496
1456	496
1457	496
1458	496
1459	496
1460	496
1461	496
1462	496
1463	496
1464	496
1465	495
1466	496
1467	495
1468	495
1469	494
1470	495
1471	495
1472	494
1473	494
1474	495
1475	495
1476	494
1477	499
1478	504
1479	493
1480	494
1481	490
1482	491
1483	491
1484	491
1485	491
1486	493
1487	489
1488	490
1489	488
1490	479
1491	488
1492	491
1493	491
1494	491
1495	492
1496	491
1497	491
1498	491
1499	491
1500	491
1501	491
1502	491
1503	490
1504	490
1505	490
1506	490
1507	490
1508	490
1509	489
1510	488
1511	487
1512	483
1513	482
1514	482
1515	485
1516	487
1517	488
1518	488
1519	489
1520	489
1521	490
1522	490
1523	489
1524	489
1525	489
1526	489
1527	489
1528	489
1529	489
1530	489
1531	489
1532	489
1533	497
1534	504
1535	497
1536	491
1537	488
1538	485
1539	488
1540	490
1541	490
1542	490
1543	490
1544	490
1545	490
1546	490
1547	489
1548	489
1549	488
1550	487
1551	482
1552	478
1553	485
1554	488
1555	488
1556	489
1557	489
1558	488
1559	488
1560	488
1561	488
1562	489
1563	489
1564	489
1565	488
1566	488
1567	488
1568	488
1569	488
1570	488
1571	488
1572	488
1573	488
1574	488
1575	488
1576	488
1577	487
1578	487
1579	487
1580	487
1581	487
1582	487
1583	487
1584	487
1585	487
1586	487
1587	487
1588	487
1589	487
1590	487
1591	487
1592	487
1593	486
1594	486
1595	486
1596	486
1597	486
1598	495
1599	494
1600	497
1601	484
1602	490
1603	488
1604	485
1605	485
1606	486
1607	485
1608	485
1609	485
1610	484
1611	485
1612	485
1613	485
1614	485
1615	485
1616	485
1617	485
1618	485
1619	485
1620	485
1621	484
1622	485
1623	485
1624	485
1625	485
1626	484
1627	484
1628	484
1629	484
1630	483
1631	484
1632	484
1633	484
1634	484
1635	484
1636	484
1637	483
1638	483
1639	484
1640	483
1641	482
1642	484
1643	484
1644	483
1645	484
1646	482
1647	482
1648	482
1649	482
1650	482
1651	482
1652	482
1653	482
1654	482
1655	482
1656	482
1657	482
1658	482
1659	482
1660	481
1661	482
1662	481
1663	482
1664	482
1665	481
1666	482
1667	481
1668	482
1669	482
1670	482
1671	481
1672	481
1673	482
1674	482
1675	493
1676	500
1677	495
1678	482
1679	491
1680	489
1681	484
1682	482
1683	482
1684	482
1685	481
1686	481
1687	481
1688	481
1689	481
1690	481
1691	481
1692	481
1693	481
1694	481
1695	481
1696	481
1697	481
1698	480
1699	481
1700	481
1701	481
1702	481
1703	481
1704	481
1705	481
1706	481
1707	481
1708	481
1709	480
1710	481
1711	480
1712	480
1713	480
1714	480
1715	481
1716	481
1717	481
1718	481
1719	480
1720	480
1721	479
1722	479
1723	479
1724	480
1725	479
1726	480
1727	480
1728	480
1729	480
1730	480
1731	480
1732	480
1733	480
1734	480
1735	479
1736	479
1737	479
1738	480
1739	480
1740	479
1741	479
1742	479
1743	479
1744	479
1745	479
1746	479
1747	479
1748	479
1749	479
1750	479
1751	479
1752	479
1753	479
1754	479
1755	479
1756	479
1757	479
1758	479
1759	479
1760	479
1761	479
1762	479
1763	479
1764	479
1765	479
1766	479
1767	479
1768	493
1769	498
1770	494
1771	482
1772	491
1773	491
1774	485
1775	482
1776	481
1777	481
1778	481
1779	481
1780	481
1781	481
1782	481
1783	481
1784	481
1785	481
1786	481
1787	481
1788	481
1789	480
1790	481
1791	480
1792	480
1793	480
1794	480
1795	480
1796	480
1797	480
1798	480
1799	480
1800	480
1801	480
1802	479
1803	480
1804	480
1805	480
1806	479
1807	479
1808	479
1809	479
1810	478
1811	479
1812	479
1813	479
1814	479
1815	479
1816	479
1817	479
1818	479
1819	479
1820	479
1821	479
1822	479
1823	479
1824	479
1825	479
1826	478
1827	478
1828	479
1829	479
1830	479
1831	479
1832	479
1833	479
1834	479
1835	478
1836	479
1837	479
1838	479
1839	479
1840	478
1841	479
1842	478
1843	479
1844	479
1845	478
1846	478
1847	478
1848	478
1849	478
1850	478
1851	478
1852	478
1853	478
1854	478
1855	478
1856	478
1857	478
1858	478
1859	478
1860	478
1861	478
1862	478
1863	478
1864	478
1865	478
1866	478
1867	478
1868	478
1869	477
1870	478
1871	478
1872	477
1873	478
1874	478
1875	478
1876	478
1877	477
1878	478
1879	478
1880	478
1881	478
1882	477
1883	478
1884	478
1885	477
1886	492
1887	496
1888	492
1889	482
1890	491
1891	490
1892	485
1893	480
1894	480
1895	463
1896	479
1897	478
1898	463
1899	478
1900	478
1901	479
1902	479
1903	479
1904	479
1905	479
1906	479
1907	479
1908	479
1909	479
1910	479
1911	478
1912	478
1913	478
1914	478
1915	478
1916	478
1917	477
1918	477
1919	477
1920	478
1921	478
1922	478
1923	478
1924	478
1925	478
1926	478
1927	477
1928	478
1929	478
1930	476
1931	478
1932	478
1933	477
1934	478
1935	478
1936	477
1937	478
1938	477
1939	477
1940	477
1941	477
1942	477
1943	477
1944	477
1945	477
1946	477
1947	477
1948	477
1949	477
1950	477
1951	477
1952	476
1953	477
1954	477
1955	477
1956	477
1957	477
1958	477
1959	477
1960	477
1961	476
1962	476
1963	476
1964	476
1965	476
1966	476
1967	476
1968	476
1969	476
1970	476
1971	476
1972	476
1973	476
1974	476
1975	475
1976	476
1977	476
1978	476
1979	476
1980	476
1981	475
1982	475
1983	475
1984	476
1985	476
1986	476
1987	476
1988	475
1989	476
1990	475
1991	476
1992	476
1993	475
1994	476
1995	475
1996	476
1997	475
1998	475
1999	475
2000	475
2001	475
2002	475
2003	475
2004	475
2005	475
2006	474
2007	475
2008	475
2009	474
2010	474
2011	474
2012	475
2013	474
2014	474
2015	474
2016	474
2017	474
2018	474
2019	473
2020	473
2021	473
2022	473
2023	472
2024	471
2025	471
2026	470
2027	468
2028	465
2029	464
2030	461
2031	460
2032	459
2033	459
2034	459
2035	459
2036	458
2037	458
2038	458
2039	458
2040	458
2041	458
2042	458
2043	458
2044	458
2045	458
2046	458
2047	459
2048	459
2049	459
2050	492
2051	494
2052	488
2053	479
2054	490
2055	488
2056	483
2057	480
2058	476
2059	477
2060	477
2061	477
2062	476
2063	476
2064	476
2065	476
2066	476
2067	476
2068	476
2069	475
2070	476
2071	475
2072	475
2073	475
2074	475
2075	475
2076	474
2077	474
2078	474
2079	474
2080	475
2081	475
2082	475
2083	475
2084	475
2085	475
2086	475
2087	475
2088	475
2089	475
2090	475
2091	475
2092	475
2093	475
2094	475
2095	475
2096	475
2097	475
2098	475
2099	475
2100	475
2101	475
2102	475
2103	475
2104	475
2105	475
2106	475
2107	475
2108	475
2109	475
2110	475
2111	475
2112	475
2113	475
2114	475
2115	475
2116	475
2117	475
2118	475
2119	475
2120	475
2121	475
2122	475
2123	475
2124	474
2125	474
2126	474
2127	474
2128	474
2129	474
2130	474
2131	474
2132	474
2133	474
2134	474
2135	474
2136	474
2137	474
2138	474
2139	474
2140	474
2141	474
2142	474
2143	474
2144	474
2145	474
2146	474
2147	474
2148	474
2149	474
2150	474
2151	474
2152	474
2153	474
2154	474
2155	474
2156	474
2157	473
2158	474
2159	474
2160	474
2161	474
2162	474
2163	474
2164	474
2165	473
2166	473
2167	473
2168	473
2169	473
2170	473
2171	474
2172	474
2173	474
2174	474
2175	474
2176	473
2177	473
2178	473
2179	473
2180	473
2181	473
2182	473
2183	473
2184	473
2185	473
2186	473
2187	473
2188	473
2189	473
2190	473
2191	473
2192	472
2193	472
2194	472
2195	472
2196	472
2197	472
2198	472
2199	472
2200	472
2201	472
2202	472
2203	472
2204	472
2205	472
2206	472
2207	472
2208	472
2209	472
2210	472
2211	472
2212	472
2213	472
2214	472
2215	472
2216	472
2217	472
2218	472
2219	472
2220	472
2221	472
2222	472
2223	472
2224	472
2225	472
2226	472
2227	472
2228	472
2229	472
2230	472
2231	472
2232	472
2233	472
2234	472
2235	472
2236	472
2237	472
2238	472
2239	471
2240	471
2241	472
2242	472
2243	472
2244	471
2245	472
2246	471
2247	471
2248	471
2249	472
2250	471
2251	471
2252	471
2253	471
2254	471
2255	471
2256	472
2257	471
2258	471
2259	471
2260	471
2261	471
2262	471
2263	471
2264	471
2265	471
2266	471
2267	471
2268	471
2269	471
2270	471
2271	471
2272	471
2273	471
2274	471
2275	471
2276	471
2277	471
2278	471
2279	471
2280	471
2281	471
2282	471
2283	471
2284	471
2285	471
2286	471
2287	471
2288	471
2289	471
2290	471
2291	471
2292	471
2293	471
2294	471
2295	471
2296	471
2297	471
2298	471
2299	471
2300	471
2301	471
2302	471
2303	471
2304	471
2305	471
2306	471
2307	471
2308	471
2309	471
2310	470
2311	470
2312	471
2313	471
2314	471
2315	471
2316	471
2317	470
2318	470
2319	471
2320	471
2321	471
2322	470
2323	471
2324	471
2325	470
2326	470
2327	470
2328	470
2329	470
2330	470
2331	470
2332	470
2333	470
2334	470
2335	470
2336	470
2337	470
2338	490
2339	493
2340	487
2341	476
2342	487
2343	486
2344	482
2345	476
2346	475
2347	475
2348	474
2349	474
2350	474
2351	474
2352	474
2353	473
2354	473
2355	472
2356	472
2357	472
2358	472
2359	472
2360	472
2361	472
2362	472
2363	472
2364	472
2365	472
2366	472
2367	472
2368	472
2369	472
2370	472
2371	472
2372	472
2373	472
2374	472
2375	471
2376	471
2377	472
2378	472
2379	471
2380	471
2381	471
2382	471
2383	471
2384	471
2385	471
2386	471
2387	471
2388	471
2389	471
2390	471
2391	471
2392	471
2393	471
2394	471
2395	471
2396	471
2397	471
2398	471
2399	471
2400	471
2401	471
2402	471
2403	470
2404	470
2405	470
2406	470
2407	471
2408	470
2409	470
2410	471
2411	470
2412	470
2413	470
2414	470
2415	470
2416	470
2417	470
2418	470
2419	470
2420	470
2421	470
2422	470
2423	470
2424	470
2425	470
2426	470
2427	469
2428	470
2429	470
2430	470
2431	470
2432	469
2433	469
2434	470
2435	469
2436	469
2437	469
2438	469
2439	469
2440	469
2441	469
2442	469
2443	469
2444	469
2445	469
2446	469
2447	469
2448	469
2449	469
2450	469
2451	469
2452	469
2453	469
2454	469
2455	468
2456	469
2457	469
2458	468
2459	468
2460	468
2461	468
2462	468
2463	468
2464	468
2465	468
2466	468
2467	468
2468	468
2469	468
2470	468
2471	468
2472	468
2473	468
2474	468
2475	468
2476	468
2477	468
2478	468
2479	468
2480	468
2481	467
2482	467
2483	468
2484	467
2485	468
2486	467
2487	468
2488	468
2489	468
2490	468
2491	467
2492	468
2493	467
2494	467
2495	468
2496	467
2497	468
2498	467
2499	467
2500	467
2501	467
2502	467
2503	467
2504	467
2505	467
2506	467
2507	467
2508	467
2509	467
2510	467
2511	467
2512	467
2513	467
2514	467
2515	467
2516	467
2517	467
2518	467
2519	467
2520	467
2521	467
2522	467
2523	467
2524	467
2525	467
2526	467
2527	467
2528	467
2529	467
2530	467
2531	467
2532	467
2533	466
2534	467
2535	466
2536	466
2537	467
2538	466
2539	466
2540	466
2541	466
2542	467
2543	467
2544	466
2545	466
2546	467
2547	466
2548	466
2549	466
2550	466
2551	467
2552	467
2553	466
2554	466
2555	466
2556	466
2557	466
2558	466
2559	466
2560	466
2561	466
2562	466
2563	466
2564	466
2565	466
2566	466
2567	466
2568	466
2569	466
2570	466
2571	465
2572	466
2573	466
2574	466
2575	466
2576	465
2577	466
2578	465
2579	465
2580	465
2581	466
2582	465
2583	465
2584	466
2585	465
2586	465
2587	465
2588	465
2589	465
2590	465
2591	465
2592	465
2593	465
2594	465
2595	465
2596	465
2597	465
2598	465
2599	465
2600	465
2601	465
2602	465
2603	465
2604	465
2605	465
2606	465
2607	465
2608	465
2609	465
2610	465
2611	465
2612	464
2613	465
2614	465
2615	465
2616	465
2617	465
2618	465
2619	465
2620	464
2621	465
2622	465
2623	465
2624	464
2625	465
2626	465
2627	464
2628	465
2629	464
2630	465
2631	464
2632	464
2633	464
2634	464
2635	464
2636	464
2637	464
2638	464
2639	464
2640	464
2641	464
2642	464
2643	464
2644	464
2645	464
2646	464
2647	464
2648	464
2649	464
2650	464
2651	464
2652	464
2653	464
2654	464
2655	464
2656	464
2657	464
2658	464
2659	464
2660	464
2661	464
2662	464
2663	463
2664	463
2665	464
2666	464
2667	464
2668	463
2669	463
2670	463
2671	463
2672	463
2673	463
2674	463
2675	463
2676	463
2677	463
2678	463
2679	463
2680	463
2681	463
2682	463
2683	463
2684	462
2685	462
2686	462
2687	462
2688	462
2689	462
2690	462
2691	462
2692	462
2693	461
2694	461
2695	461
2696	461
2697	460
2698	461
2699	461
2700	460
2701	461
2702	460
2703	460
2704	460
2705	460
2706	460
2707	460
2708	460
2709	460
2710	458
2711	458
2712	457
2713	458
2714	457
2715	457
2716	457
2717	456
2718	456
2719	456
2720	455
2721	454
2722	454
2723	453
2724	452
2725	451
2726	452
2727	451
2728	451
2729	451
2730	450
2731	450
2732	450
2733	449
2734	448
2735	448
2736	448
2737	448
2738	447
2739	448
2740	447
2741	448
2742	447
2743	447
2744	447
2745	447
2746	447
2747	447
2748	447
2749	447
2750	447
2751	447
2752	447
2753	447
2754	447
2755	447
2756	447
2757	447
2758	447
2759	447
2760	447
2761	447
2762	448
2763	447
2764	448
2765	448
2766	448
2767	448
2768	448
2769	448
2770	449
2771	449
2772	450
2773	449
2774	450
2775	451
2776	451
2777	451
2778	451
2779	391
2780	452
2781	387
2782	387
2783	386
2784	384
2785	389
2786	452
2787	394
2788	455
2789	455
2790	456
2791	456
2792	456
2793	456
2794	457
2795	457
2796	457
2797	457
2798	457
2799	457
2800	456
2801	457
2802	457
2803	457
2804	457
2805	457
2806	397
2807	396
2808	397
2809	396
2810	396
2811	398
2812	396
2813	401
2814	396
2815	457
2816	458
2817	457
2818	458
2819	457
2820	458
2821	457
2822	457
2823	457
2824	457
2825	457
2826	457
2827	457
2828	458
2829	457
2830	457
2831	457
2832	457
2833	457
2834	458
2835	457
2836	457
2837	457
2838	457
2839	458
2840	457
2841	457
2842	457
2843	458
2844	457
2845	457
2846	457
2847	457
2848	457
2849	457
2850	457
2851	457
2852	457
2853	457
2854	457
2855	457
2856	457
2857	457
2858	457
2859	457
2860	457
2861	457
2862	457
2863	457
2864	457
2865	457
2866	457
2867	457
2868	457
2869	457
2870	457
2871	457
2872	456
2873	457
2874	457
2875	457
2876	456
2877	409
2878	457
2879	457
2880	457
2881	456
2882	457
2883	457
2884	457
2885	457
2886	456
2887	457
2888	457
2889	457
2890	457
2891	456
2892	456
2893	456
2894	456
2895	456
2896	456
2897	456
2898	456
2899	456
2900	456
2901	456
2902	456
2903	455
2904	455
2905	456
2906	455
2907	455
2908	455
2909	455
2910	455
2911	455
2912	455
2913	455
2914	455
2915	455
2916	454
2917	454
2918	455
2919	454
2920	455
2921	454
2922	454
2923	454
2924	454
2925	454
2926	454
2927	453
2928	453
2929	453
2930	452
2931	452
2932	452
2933	452
2934	452
2935	452
2936	452
2937	452
2938	452
2939	451
2940	451
2941	450
2942	451
2943	451
2944	451
2945	451
2946	451
2947	451
2948	451
2949	449
2950	451
2951	450
2952	450
2953	450
2954	450
2955	448
2956	448
2957	448
2958	447
2959	448
2960	447
2961	447
2962	447
2963	447
2964	447
2965	447
2966	447
2967	446
2968	446
2969	445
2970	445
2971	423
2972	407
2973	412
2974	443
2975	445
2976	444
2977	444
2978	444
2979	444
2980	444
2981	444
2982	444
2983	443
2984	442
2985	443
2986	443
2987	443
2988	443
2989	442
2990	442
2991	442
2992	442
2993	441
2994	441
2995	442
2996	442
2997	441
2998	441
2999	441
3000	442
3001	441
3002	441
3003	442
3004	441
3005	441
3006	442
3007	442
3008	442
3009	441
3010	442
3011	441
3012	442
3013	442
3014	442
3015	442
3016	442
3017	442
3018	442
3019	442
3020	443
3021	443
3022	443
3023	443
3024	443
3025	443
3026	444
3027	444
3028	444
3029	444
3030	444
3031	445
3032	444
3033	445
3034	445
3035	445
3036	444
3037	445
3038	445
3039	445
3040	446
3041	445
3042	445
3043	445
3044	441
3045	414
3046	443
3047	446
3048	446
3049	446
3050	446
3051	446
3052	446
3053	446
3054	446
3055	446
3056	447
3057	447
3058	447
3059	447
3060	447
3061	447
3062	446
3063	447
3064	447
3065	447
3066	447
3067	447
3068	446
3069	447
3070	447
3071	447
3072	447
3073	447
3074	447
3075	447
3076	447
3077	447
3078	446
3079	447
3080	447
3081	447
3082	447
3083	447
3084	447
3085	447
3086	447
3087	447
3088	447
3089	447
3090	447
3091	447
3092	447
3093	447
3094	447
3095	447
3096	447
3097	447
3098	447
3099	446
3100	447
3101	447
3102	447
3103	447
3104	446
3105	447
3106	447
3107	447
3108	446
3109	447
3110	447
3111	447
3112	447
3113	447
3114	446
3115	447
3116	446
3117	446
3118	447
3119	446
3120	447
3121	446
3122	446
3123	447
3124	446
3125	447
3126	447
3127	446
3128	447
3129	446
3130	446
3131	446
3132	446
3133	447
3134	446
3135	446
3136	446
3137	446
3138	446
3139	446
3140	446
3141	446
3142	446
3143	446
3144	446
3145	446
3146	446
3147	446
3148	446
3149	446
3150	446
3151	446
3152	446
3153	445
3154	446
3155	446
3156	446
3157	446
3158	446
3159	446
3160	446
3161	446
3162	446
3163	446
3164	446
3165	445
3166	446
3167	446
3168	445
3169	445
3170	445
3171	445
3172	445
3173	445
3174	446
3175	445
3176	445
3177	445
3178	445
3179	445
3180	445
3181	445
3182	445
3183	445
3184	444
3185	445
3186	444
3187	445
3188	444
3189	444
3190	444
3191	444
3192	444
3193	444
3194	444
3195	444
3196	444
3197	444
3198	444
3199	444
3200	444
3201	444
3202	444
3203	444
3204	443
3205	443
3206	442
3207	441
3208	441
3209	421
3210	418
3211	418
3212	418
3213	418
3214	418
3215	417
3216	418
3217	418
3218	418
3219	420
3220	440
3221	442
3222	443
3223	442
3224	442
3225	443
3226	443
3227	442
3228	443
3229	443
3230	444
3231	443
3232	444
3233	444
3234	443
3235	444
3236	444
3237	442
3238	444
3239	443
3240	443
3241	443
3242	443
3243	444
3244	444
3245	443
3246	443
3247	443
3248	442
3249	444
3250	442
3251	443
3252	443
3253	443
3254	443
3255	442
3256	443
3257	441
3258	442
3259	443
3260	441
3261	442
3262	441
3263	441
3264	441
3265	441
3266	441
3267	441
3268	442
3269	441
3270	441
3271	441
3272	441
3273	441
3274	440
3275	441
3276	441
3277	441
3278	441
3279	440
3280	441
3281	441
3282	441
3283	440
3284	441
3285	440
3286	440
3287	441
3288	440
3289	441
3290	440
3291	440
3292	440
3293	440
3294	440
3295	440
3296	440
3297	440
3298	439
3299	440
3300	439
3301	440
3302	440
3303	439
3304	439
3305	440
3306	439
3307	439
3308	439
3309	439
3310	439
3311	438
3312	439
3313	439
3314	439
3315	439
3316	438
3317	438
3318	438
3319	438
3320	438
3321	438
3322	438
3323	438
3324	438
3325	437
3326	437
3327	437
3328	437
3329	437
3330	437
3331	436
3332	434
3333	434
3334	435
3335	435
3336	435
3337	435
3338	434
3339	433
3340	434
3341	434
3342	433
3343	433
3344	433
3345	432
3346	433
3347	432
3348	432
3349	432
3350	432
3351	432
3352	431
3353	432
3354	432
3355	432
3356	431
3357	432
3358	431
3359	431
3360	432
3361	432
3362	431
3363	432
3364	432
3365	432
3366	432
3367	432
3368	432
3369	432
3370	432
3371	432
3372	432
3373	433
3374	433
3375	433
3376	433
3377	434
3378	434
3379	433
3380	434
3381	432
3382	433
3383	433
3384	434
3385	434
3386	435
3387	435
3388	435
3389	435
3390	435
3391	434
3392	433
3393	435
3394	433
3395	435
3396	435
3397	434
3398	432
3399	433
3400	434
3401	433
3402	431
3403	431
3404	421
3405	421
3406	421
3407	418
3408	416
3409	415
3410	414
3411	413
3412	413
3413	413
3414	413
3415	414
3416	414
3417	415
3418	418
3419	417
3420	426
3421	430
3422	430
3423	432
3424	432
3425	433
3426	434
3427	434
3428	434
3429	434
3430	435
3431	435
3432	434
3433	434
3434	435
3435	434
3436	435
3437	435
3438	435
3439	435
3440	435
3441	434
3442	435
3443	434
3444	434
3445	434
3446	435
3447	434
3448	435
3449	434
3450	434
3451	434
3452	434
3453	434
3454	434
3455	434
3456	434
3457	434
3458	434
3459	434
3460	434
3461	434
3462	434
3463	434
3464	434
3465	434
3466	434
3467	434
3468	433
3469	434
3470	434
3471	434
3472	434
3473	434
3474	433
3475	434
3476	434
3477	433
3478	433
3479	433
3480	434
3481	433
3482	434
3483	433
3484	433
3485	433
3486	433
3487	433
3488	433
3489	433
3490	433
3491	432
3492	433
3493	432
3494	433
3495	432
3496	432
3497	432
3498	432
3499	432
3500	432
3501	432
3502	432
3503	432
3504	432
3505	432
3506	432
3507	432
3508	432
3509	432
3510	432
3511	431
3512	432
3513	431
3514	432
3515	432
3516	432
3517	432
3518	432
3519	431
3520	432
3521	432
3522	432
3523	432
3524	432
3525	431
3526	431
3527	432
3528	431
3529	431
3530	431
3531	432
3532	431
3533	432
3534	432
3535	432
3536	432
3537	431
3538	431
3539	431
3540	431
3541	431
3542	431
3543	431
3544	431
3545	431
3546	431
3547	430
3548	430
3549	429
3550	428
3551	428
3552	427
3553	428
3554	428
3555	428
3556	428
3557	429
3558	429
3559	429
3560	430
3561	430
3562	430
3563	431
3564	431
3565	431
3566	431
3567	431
3568	431
3569	431
3570	431
3571	431
3572	432
3573	431
3574	431
3575	431
3576	431
3577	431
3578	431
3579	431
3580	432
3581	432
3582	431
3583	432
3584	431
3585	432
3586	431
3587	431
3588	432
3589	432
3590	432
3591	431
3592	432
3593	431
3594	431
3595	432
3596	432
3597	431
3598	432
3599	431
3600	432
3601	432
3602	431
3603	432
3604	432
3605	432
3606	432
3607	432
3608	432
3609	431
3610	432
3611	432
3612	432
3613	432
3614	432
3615	432
3616	432
3617	432
3618	432
3619	432
3620	432
3621	432
3622	432
3623	431
3624	432
3625	432
3626	432
3627	432
3628	432
3629	432
3630	432
3631	432
3632	432
3633	432
3634	432
3635	432
3636	432
3637	432
3638	432
3639	432
3640	432
3641	432
3642	432
3643	432
3644	432
3645	432
3646	432
3647	432
3648	432
3649	432
3650	432
3651	432
3652	432
3653	432
3654	432
3655	432
3656	432
3657	432
3658	432
3659	432
3660	432
3661	432
3662	432
3663	432
3664	432
3665	432
3666	432
3667	432
3668	432
3669	432
3670	432
3671	432
3672	432
3673	432
3674	432
3675	432
3676	432
3677	432
3678	432
3679	432
3680	432
3681	432
3682	432
3683	432
3684	432
3685	431
3686	432
3687	432
3688	432
3689	432
3690	432
3691	432
3692	432
3693	432
3694	431
3695	432
3696	431
3697	432
3698	431
3699	432
3700	432
3701	432
3702	432
3703	432
3704	431
3705	432
3706	431
3707	432
3708	432
3709	432
3710	431
3711	432
3712	432
3713	432
3714	431
3715	432
3716	432
3717	431
3718	430
3719	432
3720	431
3721	431
3722	432
3723	431
3724	431
3725	431
3726	431
3727	431
3728	431
3729	431
3730	431
3731	431
3732	431
3733	431
3734	431
3735	431
3736	430
3737	430
3738	431
3739	430
3740	431
3741	431
3742	431
3743	430
3744	430
3745	430
3746	430
3747	430
3748	430
3749	430
3750	429
3751	430
3752	430
3753	429
3754	429
3755	428
3756	423
3757	423
3758	427
3759	421
3760	419
3761	420
3762	418
3763	418
3764	418
3765	416
3766	417
3767	416
3768	416
3769	415
3770	414
3771	414
3772	414
3773	413
3774	413
3775	413
3776	413
3777	413
3778	413
3779	412
3780	412
3781	413
3782	412
3783	412
3784	412
3785	411
3786	412
3787	412
3788	412
3789	411
3790	411
3791	412
3792	411
3793	411
3794	412
3795	411
3796	412
3797	411
3798	412
3799	411
3800	411
3801	412
3802	412
3803	411
3804	412
3805	412
3806	412
3807	412
3808	412
3809	413
3810	413
3811	413
3812	412
3813	413
3814	413
3815	413
3816	413
3817	414
3818	413
3819	414
3820	414
3821	414
3822	414
3823	415
3824	414
3825	414
3826	414
3827	416
3828	416
3829	415
3830	415
3831	416
3832	416
3833	417
3834	417
3835	417
3836	417
3837	417
3838	417
3839	418
3840	418
3841	418
3842	418
3843	418
3844	418
3845	418
3846	418
3847	417
3848	418
3849	419
3850	417
3851	420
3852	418
3853	418
3854	420
3855	420
3856	419
3857	420
3858	419
3859	420
3860	419
3861	420
3862	421
3863	418
3864	418
3865	420
3866	420
3867	419
3868	421
3869	419
3870	420
3871	419
3872	418
3873	420
3874	420
3875	419
3876	419
3877	420
3878	419
3879	418
3880	419
3881	418
3882	419
3883	419
3884	418
3885	418
3886	420
3887	419
3888	419
3889	418
3890	419
3891	418
3892	417
3893	419
3894	419
3895	418
3896	418
3897	417
3898	418
3899	418
3900	419
3901	417
3902	418
3903	418
3904	418
3905	418
3906	418
3907	418
3908	418
3909	417
3910	417
3911	416
3912	418
3913	416
3914	418
3915	418
3916	417
3917	417
3918	418
3919	416
3920	416
3921	418
3922	416
3923	417
3924	416
3925	418
3926	417
3927	416
3928	418
3929	416
3930	417
3931	416
3932	416
3933	416
3934	416
3935	417
3936	416
3937	416
3938	417
3939	416
3940	416
3941	416
3942	416
3943	416
3944	416
3945	416
3946	416
3947	416
3948	416
3949	416
3950	416
3951	416
3952	416
3953	416
3954	416
3955	416
3956	416
3957	416
3958	415
3959	415
3960	416
3961	416
3962	415
3963	415
3964	415
3965	415
3966	415
3967	415
3968	415
3969	415
3970	415
3971	415
3972	414
3973	414
3974	414
3975	414
3976	414
3977	415
3978	415
3979	414
3980	414
3981	414
3982	414
3983	414
3984	414
3985	414
3986	414
3987	414
3988	414
3989	414
3990	413
3991	414
3992	414
3993	414
3994	414
3995	413
3996	413
3997	413
3998	414
3999	414
4000	413
4001	413
4002	413
4003	413
4004	413
4005	413
4006	413
4007	413
4008	413
4009	413
4010	413
4011	412
4012	413
4013	413
4014	413
4015	413
4016	413
4017	412
4018	413
4019	412
4020	412
4021	412
4022	413
4023	413
4024	412
4025	412
4026	412
4027	412
4028	413
4029	412
4030	412
4031	412
4032	412
4033	412
4034	412
4035	412
4036	412
4037	412
4038	412
4039	411
4040	412
4041	412
4042	412
4043	411
4044	412
4045	412
4046	412
4047	412
4048	411
4049	411
4050	412
4051	412
4052	411
4053	412
4054	412
4055	411
4056	411
4057	411
4058	411
4059	411
4060	411
4061	411
4062	410
4063	411
4064	411
4065	411
4066	411
4067	411
4068	410
4069	411
4070	411
4071	410
4072	410
4073	411
4074	411
4075	411
4076	411
4077	410
4078	411
4079	410
4080	410
4081	410
4082	411
4083	410
4084	411
4085	410
4086	410
4087	411
4088	410
4089	410
4090	410
4091	410
4092	410
4093	410
4094	410
4095	410
4096	410
4097	410
4098	410
4099	410
4100	410
4101	410
4102	410
4103	410
4104	410
4105	410
4106	410
4107	410
4108	410
4109	409
4110	410
4111	410
4112	410
4113	409
4114	410
4115	410
4116	410
4117	409
4118	410
4119	409
4120	410
4121	410
4122	410
4123	409
4124	409
4125	410
4126	410
4127	409
4128	409
4129	409
4130	410
4131	409
4132	409
4133	409
4134	409
4135	409
4136	409
4137	409
4138	410
4139	409
4140	409
4141	410
4142	409
4143	409
4144	409
4145	409
4146	409
4147	409
4148	409
4149	409
4150	409
4151	409
4152	409
4153	409
4154	409
4155	409
4156	409
4157	409
4158	409
4159	409
4160	409
4161	409
4162	409
4163	409
4164	408
4165	409
4166	409
4167	409
4168	408
4169	408
4170	409
4171	409
4172	408
4173	409
4174	408
4175	408
4176	408
4177	409
4178	408
4179	408
4180	409
4181	408
4182	409
4183	408
4184	408
4185	408
4186	409
4187	408
4188	408
4189	408
4190	408
4191	408
4192	408
4193	409
4194	408
4195	408
4196	408
4197	408
4198	408
4199	408
4200	408
4201	408
4202	408
4203	408
4204	407
4205	407
4206	408
4207	407
4208	408
4209	408
4210	408
4211	408
4212	407
4213	408
4214	408
4215	408
4216	408
4217	408
4218	407
4219	408
4220	407
4221	408
4222	408
4223	407
4224	407
4225	408
4226	407
4227	408
4228	407
4229	407
4230	407
4231	407
4232	407
4233	407
4234	407
4235	408
4236	408
4237	407
4238	407
4239	407
4240	407
4241	407
4242	407
4243	407
4244	407
4245	407
4246	407
4247	407
4248	406
4249	407
4250	407
4251	407
4252	407
4253	407
4254	407
4255	407
4256	407
4257	406
4258	407
4259	407
4260	407
4261	407
4262	407
4263	407
4264	407
4265	407
4266	407
4267	406
4268	407
4269	407
4270	407
4271	407
4272	407
4273	407
4274	407
4275	406
4276	407
4277	406
4278	407
4279	406
4280	406
4281	406
4282	407
4283	406
4284	407
4285	406
4286	406
4287	407
4288	406
4289	406
4290	407
4291	406
4292	406
4293	407
4294	406
4295	406
4296	407
4297	406
4298	406
4299	406
4300	406
4301	406
4302	406
4303	407
4304	406
4305	406
4306	406
4307	406
4308	406
4309	406
4310	406
4311	406
4312	406
4313	406
4314	407
4315	406
4316	406
4317	406
4318	406
4319	406
4320	406
4321	406
4322	406
4323	406
4324	406
4325	406
4326	406
4327	406
4328	406
4329	406
4330	406
4331	406
4332	406
4333	406
4334	406
4335	406
4336	406
4337	406
4338	406
4339	406
4340	406
4341	406
4342	406
4343	406
4344	406
4345	406
4346	406
4347	406
4348	406
4349	406
4350	406
4351	406
4352	406
4353	406
4354	406
4355	406
4356	406
4357	405
4358	406
4359	405
4360	405
4361	405
4362	406
4363	405
4364	406
4365	406
4366	405
4367	405
4368	405
4369	406
4370	405
4371	406
4372	406
4373	405
4374	406
4375	406
4376	406
4377	405
4378	405
4379	405
4380	404
4381	405
4382	405
4383	405
4384	406
4385	404
4386	405
4387	405
4388	406
4389	405
4390	405
4391	406
4392	405
4393	405
4394	405
4395	405
4396	405
4397	405
4398	405
4399	405
4400	406
4401	404
4402	404
4403	404
4404	404
4405	404
4406	404
4407	404
4408	405
4409	405
4410	404
4411	404
4412	404
4413	405
4414	404
4415	404
4416	405
4417	405
4418	404
4419	405
4420	404
4421	403
4422	405
4423	403
4424	404
4425	404
4426	403
4427	405
4428	404
4429	404
4430	404
4431	403
4432	404
4433	404
4434	403
4435	404
4436	403
4437	403
4438	404
4439	404
4440	404
4441	404
4442	403
4443	403
4444	404
4445	404
4446	403
4447	404
4448	403
4449	404
4450	403
4451	404
4452	403
4453	403
4454	403
4455	403
4456	404
4457	403
4458	403
4459	403
4460	403
4461	403
4462	403
4463	403
4464	404
4465	403
4466	403
4467	403
4468	403
4469	403
4470	404
4471	403
4472	403
4473	403
4474	403
4475	403
4476	403
4477	403
4478	403
4479	404
4480	403
4481	403
4482	403
4483	403
4484	403
4485	403
4486	403
4487	403
4488	403
4489	403
4490	403
4491	403
4492	404
4493	403
4494	403
4495	403
4496	403
4497	403
4498	403
4499	403
4500	403
4501	403
4502	403
4503	403
4504	403
4505	403
4506	403
4507	403
4508	403
4509	403
4510	403
4511	403
4512	403
4513	403
4514	403
4515	403
4516	403
4517	403
4518	403
4519	403
4520	403
4521	403
4522	403
4523	403
4524	403
4525	403
4526	403
4527	403
4528	403
4529	403
4530	403
4531	403
4532	403
4533	403
4534	403
4535	403
4536	403
4537	403
4538	403
4539	402
4540	403
4541	403
4542	402
4543	403
4544	403
4545	403
4546	402
4547	402
4548	403
4549	402
4550	402
4551	403
4552	402
4553	402
4554	402
4555	402
4556	402
4557	402
4558	402
4559	402
4560	402
4561	402
4562	402
4563	402
4564	402
4565	402
4566	402
4567	402
4568	402
4569	402
4570	402
4571	402
4572	402
4573	402
4574	402
4575	402
4576	402
4577	402
4578	402
4579	402
4580	402
4581	402
4582	401
4583	402
4584	402
4585	402
4586	402
4587	401
4588	402
4589	401
4590	402
4591	402
4592	402
4593	401
4594	401
4595	402
4596	401
4597	401
4598	401
4599	401
4600	401
4601	401
4602	402
4603	401
4604	400
4605	401
4606	401
4607	400
4608	401
4609	401
4610	401
4611	401
4612	401
4613	400
4614	401
4615	401
4616	401
4617	400
4618	400
4619	344
4620	335
4621	336
4622	335
4623	336
4624	336
4625	336
4626	335
4627	335
4628	335
4629	335
4630	335
4631	335
4632	335
4633	335
4634	335
4635	335
4636	335
4637	335
4638	335
4639	335
4640	335
4641	335
4642	335
4643	335
4644	335
4645	335
4646	335
4647	335
4648	335
4649	334
4650	335
4651	335
4652	335
4653	335
4654	335
4655	335
4656	335
4657	334
4658	335
4659	335
4660	334
4661	335
4662	334
4663	334
4664	334
4665	334
4666	334
4667	334
4668	334
4669	334
4670	334
4671	334
4672	334
4673	334
4674	334
4675	334
4676	334
4677	334
4678	334
4679	334
4680	334
4681	334
4682	334
4683	334
4684	334
4685	334
4686	334
4687	334
4688	334
4689	334
4690	334
4691	334
4692	334
4693	334
4694	334
4695	334
4696	334
4697	334
4698	334
4699	334
4700	334
4701	320
4702	334
4703	333
4704	320
4705	333
4706	321
4707	321
4708	318
4709	318
4710	318
4711	319
4712	318
4713	320
4714	318
4715	318
4716	321
4717	318
4718	317
4719	211
4720	389
4721	314
4722	211
4723	335
4724	188
4725	336
4726	209
4727	336
4728	188
4729	336
4730	188
4731	336
4732	187
4733	336
4734	188
4735	336
4736	187
4737	335
4738	188
4739	335
4740	186
4741	335
4742	187
4743	335
4744	186
4745	335
4746	183
4747	335
4748	183
4749	335
4750	183
4751	335
4752	182
4753	334
4754	182
4755	334
4756	182
4757	334
4758	182
4759	334
4760	181
4761	334
4762	182
4763	334
4764	181
4765	317
4766	182
4767	318
4768	182
4769	317
4770	182
4771	317
4772	180
4773	317
4774	181
4775	315
4776	180
4777	317
4778	180
4779	314
4780	180
4781	315
4782	179
4783	314
4784	178
4785	314
4786	180
4787	314
4788	179
4789	313
4790	179
4791	314
4792	179
4793	314
4794	177
4795	314
4796	177
4797	313
4798	177
4799	314
4800	175
4801	313
4802	175
4803	313
4804	176
4805	312
4806	174
4807	312
4808	175
4809	312
4810	173
4811	312
4812	173
4813	312
4814	173
4815	309
4816	173
4817	311
4818	173
4819	188
4820	335
4821	173
4822	178
4823	314
4824	171
4825	180
4826	314
4827	173
4828	180
4829	312
4830	170
4831	177
4832	312
4833	170
4834	179
4835	313
4836	160
4837	176
4838	312
4839	160
4840	176
4841	312
4842	160
4843	174
4844	309
4845	159
4846	175
4847	301
4848	159
4849	173
4850	300
4851	159
4852	173
4853	301
4854	157
4855	173
4856	300
4857	157
4858	160
4859	300
4860	157
4861	160
4862	300
4863	156
4864	160
4865	187
4866	312
4867	156
4868	157
4869	160
4870	299
4871	156
4872	159
4873	189
4874	301
4875	147
4876	156
4877	159
4878	177
4879	300
4880	147
4881	158
4882	173
4883	300
4884	146
4885	155
4886	157
4887	178
4888	300
4889	146
4890	156
4891	159
4892	181
4893	300
4894	146
4895	147
4896	156
4897	159
4898	298
4899	146
4900	156
4901	159
4902	182
4903	298
4904	139
4905	146
4906	146
4907	147
4908	160
4909	183
4910	298
4911	134
4912	147
4913	146
4914	146
4915	156
4916	182
4917	297
4918	129
4919	146
4920	146
4921	140
4922	147
4923	180
4924	297
4925	128
4926	146
4927	140
4928	140
4929	146
4930	175
4931	295
4932	128
4933	146
4934	138
4935	137
4936	146
4937	173
4938	292
4939	118
4940	140
4941	133
4942	129
4943	133
4944	146
4945	147
4946	292
4947	119
4948	140
4949	129
4950	128
4951	128
4952	133
4953	146
4954	146
4955	147
4956	291
4957	117
4958	129
4959	133
4960	133
4961	128
4962	128
4963	127
4964	127
4965	119
4966	128
4967	132
4968	290
4969	110
4970	117
4971	119
4972	128
4973	118
4974	118
4975	118
4976	118
4977	118
4978	117
4979	118
4980	118
4981	128
4982	128
4983	286
4984	103
4985	111
4986	147
4987	280
4988	103
4989	111
4990	178
4991	118
4992	282
4993	103
4994	117
4995	286
4996	102
4997	103
4998	118
4999	118
5000	118
5001	117
5002	119
5003	280
5004	102
5005	103
5006	281
5007	102
5008	102
5009	103
5010	111
5011	117
5012	117
5013	103
5014	111
5015	103
5016	103
5017	102
5018	102
5019	102
5020	100
5021	102
5022	102
5023	102
5024	103
5025	103
5026	264
5027	98
5028	98
5029	102
5030	278
5031	98
5032	98
5033	103
5034	278
5035	98
5036	100
5037	103
5038	252
5039	102
5040	174
5041	97
5042	98
5043	99
5044	103
5045	288
5046	98
5047	100
5048	102
5049	102
5050	99
5051	98
5052	98
5053	98
5054	98
5055	98
5056	97
5057	98
5058	98
5059	103
5060	252
5061	97
5062	97
5063	98
5064	102
5065	254
5066	97
5067	98
5068	250
5069	98
5070	102
5071	103
5072	98
5073	97
5074	96
5075	96
5076	96
5077	97
5078	98
5079	98
5080	245
5081	96
5082	97
5083	98
5084	210
5085	98
5086	172
5087	95
5088	96
5089	103
5090	312
5091	95
5092	96
5093	96
5094	96
5095	97
5096	96
5097	96
5098	95
5099	96
5100	96
5101	98
5102	260
5103	96
5104	98
5105	97
5106	96
5107	94
5108	94
5109	96
5110	98
5111	210
5112	98
5113	178
5114	94
5115	98
5116	177
5117	94
5118	96
5119	98
5120	98
5121	250
5122	96
5123	170
5124	89
5125	94
5126	94
5127	92
5128	90
5129	90
5130	94
5131	98
5132	280
5133	90
5134	94
5135	94
5136	90
5137	88
5138	88
5139	92
5140	96
5141	209
5142	96
5143	208
5144	98
5145	175
5146	87
5147	94
5148	97
5149	252
5150	95
5151	160
5152	72
5153	86
5154	88
5155	90
5156	94
5157	98
5158	250
5159	72
5160	90
5161	88
5162	73
5163	92
5164	73
5165	97
5166	252
5167	72
5168	175
5169	72
5170	98
5171	317
5172	70
5173	96
5174	94
5175	71
5176	90
5177	72
5178	96
5179	248
5180	70
5181	176
5182	72
5183	98
5184	317
5185	65
5186	96
5187	96
5188	65
5189	94
5190	72
5191	97
5192	247
5193	70
5194	177
5195	70
5196	209
5197	65
5198	98
5199	129
5200	62
5201	253
5202	71
5203	96
5204	71
5205	96
5206	65
5207	97
5208	139
5209	64
5210	210
5211	70
5212	139
5213	62
5214	70
5215	98
5216	126
5217	62
5218	298
5219	70
5220	98
5221	65
5222	97
5223	62
5224	97
5225	246
5226	62
5227	128
5228	62
5229	244
5230	62
5231	96
5232	98
5233	62
5234	118
5235	62
5236	127
5237	62
5238	245
5239	62
5240	96
5241	65
5242	97
5243	62
5244	97
5245	71
5246	336
5247	60
5248	70
5249	98
5250	62
5251	245
5252	60
5253	72
5254	98
5255	62
5256	118
5257	62
5258	258
5259	118
5260	59
5261	117
5262	59
5263	127
5264	63
5265	335
5266	60
5267	96
5268	96
5269	59
5270	97
5271	62
5272	98
5273	117
5274	61
5275	250
5276	70
5277	98
5278	62
5279	96
5280	60
5281	98
5282	126
5283	60
5284	278
5285	96
5286	96
5287	60
5288	96
5289	62
5290	97
5291	125
5292	60
5293	255
5294	96
5295	96
5296	59
5297	95
5298	92
5299	62
5300	247
5301	118
5302	59
5303	249
5304	117
5305	63
5306	140
5307	59
5308	92
5309	98
5310	218
5311	62
5312	90
5313	92
5314	62
5315	97
5316	126
5317	60
5318	249
5319	91
5320	94
5321	62
5322	94
5323	91
5324	62
5325	232
5326	96
5327	249
5328	96
5329	98
5330	62
5331	127
5332	62
5333	247
5334	92
5335	95
5336	57
5337	94
5338	95
5339	247
5340	62
5341	94
5342	92
5343	62
5344	247
5345	88
5346	89
5347	62
5348	92
5349	95
5350	260
5351	62
5352	95
5353	94
5354	59
5355	246
5356	86
5357	86
5358	88
5359	88
5360	90
5361	98
5362	272
5363	90
5364	90
5365	90
5366	90
5367	234
5368	84
5369	86
5370	88
5371	91
5372	232
5373	88
5374	90
5375	92
5376	231
5377	82
5378	86
5379	90
5380	91
5381	90
5382	96
5383	232
5384	86
5385	88
5386	88
5387	86
5388	90
5389	298
5390	82
5391	86
5392	86
5393	88
5394	90
5395	235
5396	88
5397	89
5398	88
5399	88
5400	232
5401	84
5402	84
5403	86
5404	90
5405	232
5406	86
5407	86
5408	88
5409	90
5410	232
5411	82
5412	84
5413	85
5414	86
5415	88
5416	219
5417	87
5418	90
5419	228
5420	89
5421	144
5422	62
5423	84
5424	89
5425	226
5426	82
5427	84
5428	84
5429	85
5430	88
5431	233
5432	86
5433	86
5434	88
5435	89
5436	221
5437	82
5438	83
5439	84
5440	84
5441	86
5442	90
5443	221
5444	88
5445	90
5446	88
5447	89
5448	219
5449	81
5450	82
5451	84
5452	84
5453	86
5454	88
5455	219
5456	86
5457	90
5458	88
5459	88
5460	219
5461	80
5462	81
5463	83
5464	84
5465	86
5466	88
5467	295
5468	70
5469	84
5470	84
5471	82
5472	84
5473	88
5474	297
5475	70
5476	82
5477	83
5478	82
5479	81
5480	84
5481	90
5482	297
5483	70
5484	83
5485	83
5486	82
5487	81
5488	84
5489	216
5490	84
5491	86
5492	88
5493	217
5494	80
5495	84
5496	123
5497	60
5498	67
5499	84
5500	86
5501	216
5502	79
5503	79
5504	80
5505	82
5506	83
5507	84
5508	218
5509	106
5510	70
5511	68
5512	88
5513	227
5514	78
5515	80
5516	84
5517	68
5518	106
5519	88
5520	85
5521	219
5522	80
5523	82
5524	82
5525	80
5526	82
5527	86
5528	304
5529	68
5530	79
5531	80
5532	94
5533	68
5534	67
5535	84
5536	218
5537	84
5538	86
5539	86
5540	86
5541	216
5542	78
5543	88
5544	84
5545	70
5546	104
5547	88
5548	84
5549	218
5550	68
5551	88
5552	84
5553	68
5554	63
5555	252
5556	78
5557	78
5558	78
5559	78
5560	82
5561	214
5562	79
5563	80
5564	82
5565	82
5566	218
5567	59
5568	68
5569	79
5570	79
5571	78
5572	83
5573	86
5574	218
5575	82
5576	84
5577	81
5578	70
5579	70
5580	88
5581	215
5582	82
5583	82
5584	84
5585	86
5586	215
5587	67
5588	73
5589	78
5590	79
5591	77
5592	77
5593	79
5594	84
5595	216
5596	81
5597	82
5598	81
5599	75
5600	77
5601	86
5602	300
5603	74
5604	70
5605	74
5606	76
5607	75
5608	76
5609	83
5610	218
5611	81
5612	82
5613	81
5614	77
5615	216
5616	67
5617	70
5618	76
5619	77
5620	77
5621	77
5622	86
5623	219
5624	77
5625	77
5626	77
5627	74
5628	72
5629	77
5630	214
5631	76
5632	77
5633	216
5634	86
5635	124
5636	48
5637	73
5638	75
5639	77
5640	215
5641	69
5642	70
5643	73
5644	74
5645	72
5646	75
5647	86
5648	299
5649	70
5650	70
5651	72
5652	72
5653	72
5654	72
5655	76
5656	216
5657	76
5658	77
5659	77
5660	76
5661	215
5662	67
5663	68
5664	75
5665	75
5666	75
5667	70
5668	72
5669	75
5670	218
5671	70
5672	72
5673	73
5674	72
5675	70
5676	74
5677	214
5678	73
5679	74
5680	75
5681	77
5682	215
5683	58
5684	56
5685	75
5686	75
5687	73
5688	70
5689	70
5690	72
5691	75
5692	217
5693	70
5694	71
5695	72
5696	70
5697	68
5698	73
5699	214
5700	70
5701	72
5702	74
5703	75
5704	215
5705	56
5706	55
5707	74
5708	75
5709	73
5710	70
5711	68
5712	70
5713	75
5714	217
5715	70
5716	70
5717	72
5718	70
5719	59
5720	56
5721	118
5722	72
5723	254
5724	70
5725	73
5726	72
5727	59
5728	56
5729	58
5730	70
5731	74
5732	75
5733	259
5734	70
5735	75
5736	73
5737	59
5738	55
5739	73
5740	249
5741	68
5742	68
5743	59
5744	56
5745	59
5746	59
5747	119
5748	70
5749	77
5750	220
5751	68
5752	68
5753	75
5754	77
5755	77
5756	73
5757	72
5758	68
5759	68
5760	70
5761	225
5762	72
5763	75
5764	75
5765	72
5766	73
5767	225
5768	68
5769	68
5770	68
5771	59
5772	56
5773	56
5774	56
5775	73
5776	75
5777	221
5778	72
5779	75
5780	75
5781	56
5782	52
5783	59
5784	118
5785	68
5786	247
5787	68
5788	70
5789	68
5790	56
5791	52
5792	56
5793	57
5794	59
5795	75
5796	79
5797	225
5798	70
5799	73
5800	73
5801	56
5802	52
5803	56
5804	58
5805	77
5806	138
5807	67
5808	267
5809	68
5810	70
5811	70
5812	68
5813	56
5814	52
5815	56
5816	56
5817	56
5818	59
5819	217
5820	56
5821	52
5822	52
5823	57
5824	56
5825	52
5826	52
5827	57
5828	75
5829	78
5830	226
5831	70
5832	73
5833	73
5834	56
5835	51
5836	52
5837	56
5838	75
5839	138
5840	67
5841	267
5842	59
5843	59
5844	75
5845	73
5846	59
5847	52
5848	52
5849	56
5850	57
5851	56
5852	212
5853	56
5854	52
5855	52
5856	56
5857	52
5858	52
5859	52
5860	59
5861	77
5862	222
5863	70
5864	72
5865	70
5866	30
5867	68
5868	68
5869	69
5870	78
5871	268
5872	52
5873	52
5874	59
5875	56
5876	51
5877	52
5878	52
5879	59
5880	59
5881	75
5882	220
5883	70
5884	70
5885	70
5886	18
5887	68
5888	68
5889	73
5890	31
5891	307
5892	52
5893	52
5894	75
5895	217
5896	56
5897	56
5898	300
5899	52
5900	52
5901	57
5902	59
5903	28
5904	67
5905	68
5906	70
5907	18
5908	309
5909	52
5910	51
5911	75
5912	216
5913	52
5914	52
5915	291
5916	52
5917	52
5918	57
5919	59
5920	28
5921	65
5922	66
5923	68
5924	17
5925	308
5926	52
5927	51
5928	73
5929	31
5930	70
5931	70
5932	18
5933	68
5934	67
5935	16
5936	70
5937	70
5938	17
5939	227
5940	68
5941	78
5942	18
5943	70
5944	59
5945	52
5946	59
5947	52
5948	52
5949	18
5950	119
5951	52
5952	52
5953	207
5954	51
5955	51
5956	75
5957	217
5958	68
5959	70
5960	18
5961	309
5962	51
5963	111
5964	50
5965	51
5966	51
5967	52
5968	52
5969	52
5970	52
5971	52
5972	60
5973	203
5974	50
5975	50
5976	52
5977	59
5978	199
5979	51
5980	51
5981	222
5982	59
5983	110
5984	45
5985	47
5986	47
5987	52
5988	52
5989	52
5990	51
5991	52
5992	52
5993	217
5994	51
5995	51
5996	52
5997	52
5998	72
5999	27
6000	67
6001	59
6002	17
6003	52
6004	52
6005	16
6006	215
6007	68
6008	118
6009	45
6010	46
6011	52
6012	128
6013	51
6014	49
6015	17
6016	70
6017	219
6018	17
6019	139
6020	50
6021	18
6022	59
6023	59
6024	16
6025	70
6026	18
6027	59
6028	51
6029	16
6030	70
6031	194
6032	59
6033	21
6034	138
6035	48
6036	52
6037	110
6038	44
6039	46
6040	48
6041	68
6042	17
6043	70
6044	197
6045	49
6046	49
6047	59
6048	18
6049	292
6050	48
6051	284
6052	17
6053	59
6054	70
6055	16
6056	300
6057	49
6058	49
6059	212
6060	52
6061	80
6062	29
6063	75
6064	20
6065	68
6066	70
6067	15
6068	216
6069	49
6070	49
6071	231
6072	52
6073	84
6074	19
6075	70
6076	202
6077	92
6078	121
6079	17
6080	60
6081	52
6082	17
6083	59
6084	17
6085	62
6086	15
6087	52
6088	50
6089	15
6090	68
6091	195
6092	16
6093	125
6094	45
6095	16
6096	49
6097	52
6098	16
6099	111
6100	45
6101	46
6102	16
6103	65
6104	219
6105	16
6106	127
6107	46
6108	17
6109	51
6110	52
6111	17
6112	71
6113	17
6114	59
6115	28
6116	45
6117	16
6118	68
6119	17
6120	228
6121	17
6122	130
6123	17
6124	47
6125	18
6126	59
6127	70
6128	15
6129	17
6130	59
6131	52
6132	15
6133	52
6134	201
6135	14
6136	59
6137	17
6138	253
6139	51
6140	79
6141	14
6142	146
6143	67
6144	183
6145	18
6146	138
6147	47
6148	14
6149	46
6150	17
6151	52
6152	52
6153	15
6154	62
6155	16
6156	60
6157	15
6158	228
6159	15
6160	60
6161	16
6162	286
6163	18
6164	129
6165	52
6166	17
6167	202
6168	68
6169	16
6170	195
6171	151
6172	18
6173	50
6174	16
6175	52
6176	21
6177	115
6178	16
6179	51
6180	19
6181	264
6182	60
6183	17
6184	292
6185	16
6186	50
6187	52
6188	16
6189	285
6190	51
6191	17
6192	194
6193	16
6194	160
6195	16
6196	51
6197	16
6198	52
6199	75
6200	15
6201	18
6202	217
6203	51
6204	16
6205	130
6206	46
6207	16
6208	139
6209	14
6210	53
6211	18
6212	112
6213	14
6214	46
6215	16
6216	52
6217	284
6218	13
6219	67
6220	17
6221	292
6222	17
6223	48
6224	285
6225	13
6226	60
6227	16
6228	52
6229	20
6230	68
6231	13
6232	27
6233	45
6234	16
6235	52
6236	19
6237	78
6238	13
6239	15
6240	60
6241	16
6242	227
6243	13
6244	124
6245	15
6246	46
6247	16
6248	52
6249	291
6250	14
6251	221
6252	14
6253	147
6254	17
6255	51
6256	13
6257	14
6258	196
6259	16
6260	126
6261	13
6262	46
6263	14
6264	45
6265	14
6266	65
6267	14
6268	18
6269	53
6270	14
6271	16
6272	52
6273	18
6274	52
6275	18
6276	222
6277	12
6278	111
6279	15
6280	40
6281	14
6282	46
6283	17
6284	71
6285	13
6286	14
6287	60
6288	11
6289	52
6290	14
6291	45
6292	17
6293	57
6294	15
6295	210
6296	11
6297	48
6298	13
6299	53
6300	200
6301	15
6302	290
6303	13
6304	60
6305	15
6306	141
6307	51
6308	12
6309	117
6310	13
6311	88
6312	14
6313	112
6314	10
6315	44
6316	14
6317	46
6318	16
6319	68
6320	13
6321	14
6322	56
6323	11
6324	47
6325	17
6326	68
6327	13
6328	27
6329	11
6330	288
6331	13
6332	221
6333	11
6334	222
6335	10
6336	97
6337	11
6338	13
6339	47
6340	18
6341	7
6342	229
6343	11
6344	140
6345	14
6346	283
6347	15
6348	49
6349	17
6350	221
6351	11
6352	137
6353	16
6354	286
6355	14
6356	15
6357	218
6358	10
6359	43
6360	14
6361	47
6362	15
6363	56
6364	13
6365	14
6366	6
6367	85
6368	11
6369	12
6370	4
6371	51
6372	16
6373	7
6374	57
6375	16
6376	20
6377	5
6378	100
6379	11
6380	13
6381	198
6382	6
6383	57
6384	199
6385	14
6386	16
6387	45
6388	14
6389	281
6390	11
6391	111
6392	16
6393	241
6394	14
6395	119
6396	9
6397	222
6398	7
6399	57
6400	15
6401	6
6402	308
6403	10
6404	68
6405	14
6406	6
6407	298
6408	9
6409	281
6410	4
6411	17
6412	49
6413	7
6414	49
6415	13
6416	59
6417	7
6418	21
6419	9
6420	45
6421	14
6422	38
6423	11
6424	63
6425	10
6426	15
6427	6
6428	216
6429	7
6430	16
6431	255
6432	5
6433	17
6434	128
6435	6
6436	86
6437	11
6438	5
6439	294
6440	6
6441	53
6442	256
6443	5
6444	16
6445	148
6446	48
6447	8
6448	16
6449	7
6450	291
6451	10
6452	282
6453	7
6454	49
6455	13
6456	5
6457	65
6458	10
6459	33
6460	11
6461	40
6462	6
6463	50
6464	10
6465	13
6466	4
6467	88
6468	10
6469	11
6470	4
6471	173
6472	11
6473	81
6474	4
6475	194
6476	8
6477	144
6478	16
6479	260
6480	6
6481	21
6482	9
6483	247
6484	13
6485	15
6486	5
6487	286
6488	13
6489	145
6490	4
6491	200
6492	14
6493	6
6494	194
6495	13
6496	70
6497	10
6498	46
6499	13
6500	6
6501	53
6502	13
6503	5
6504	219
6505	4
6506	114
6507	4
6508	51
6509	13
6510	4
6511	283
6512	10
6513	216
6514	3
6515	274
6516	13
6517	4
6518	52
6519	278
6520	4
6521	16
6522	6
6523	282
6524	14
6525	133
6526	4
6527	225
6528	7
6529	106
6530	3
6531	14
6532	16
6533	3
6534	310
6535	6
6536	272
6537	10
6538	11
6539	4
6540	23
6541	7
6542	49
6543	4
6544	45
6545	11
6546	42
6547	3
6548	215
6549	4
6550	57
6551	196
6552	4
6553	16
6554	114
6555	3
6556	270
6557	4
6558	14
6559	6
6560	57
6561	3
6562	219
6563	6
6564	290
6565	14
6566	4
6567	145
6568	3
6569	70
6570	4
6571	14
6572	6
6573	124
6574	3
6575	19
6576	5
6577	128
6578	10
6579	66
6580	4
6581	50
6582	14
6583	4
6584	126
6585	3
6586	56
6587	17
6588	3
6589	118
6590	3
6591	84
6592	3
6593	117
6594	4
6595	43
6596	3
6597	62
6598	3
6599	15
6600	6
6601	133
6602	2
6603	72
6604	4
6605	108
6606	2
6607	51
6608	75
6609	3
6610	18
6611	4
6612	66
6613	3
6614	51
6615	11
6616	66
6617	12
6618	5
6619	17
6620	3
6621	7
6622	53
6623	4
6624	37
6625	5
6626	13
6627	5
6628	77
6629	2
6630	18
6631	77
6632	2
6633	42
6634	3
6635	85
6636	2
6637	13
6638	3
6639	55
6640	3
6641	40
6642	8
6643	49
6644	3
6645	16
6646	7
6647	59
6648	2
6649	26
6650	4
6651	44
6652	10
6653	4
6654	45
6655	3
6656	43
6657	3
6658	16
6659	3
6660	71
6661	3
6662	12
6663	34
6664	3
6665	13
6666	38
6667	9
6668	49
6669	3
6670	19
6671	3
6672	73
6673	2
6674	13
6675	4
6676	56
6677	7
6678	37
6679	3
6680	62
6681	2
6682	13
6683	4
6684	68
6685	2
6686	51
6687	2
6688	37
6689	3
6690	12
6691	3
6692	45
6693	3
6694	26
6695	3
6696	9
6697	3
6698	68
6699	2
6700	31
6701	2
6702	10
6703	3
6704	17
6705	3
6706	49
6707	3
6708	35
6709	2
6710	12
6711	3
6712	73
6713	11
6714	2
6715	52
6716	3
6717	42
6718	2
6719	34
6720	3
6721	47
6722	2
6723	22
6724	2
6725	7
6726	3
6727	68
6728	2
6729	46
6730	2
6731	51
6732	2
6733	44
6734	2
6735	12
6736	2
6737	59
6738	2
6739	39
6740	2
6741	12
6742	3
6743	59
6744	2
6745	19
6746	8
6747	3
6748	51
6749	9
6750	35
6751	2
6752	62
6753	10
6754	3
6755	47
6756	3
6757	25
6758	2
6759	10
6760	3
6761	14
6762	6
6763	44
6764	2
6765	33
6766	9
6767	2
6768	47
6769	2
6770	22
6771	2
6772	9
6773	3
6774	45
6775	2
6776	35
6777	2
6778	15
6779	2
6780	24
6781	2
6782	52
6783	1
6784	16
6785	2
6786	6
6787	20
6788	2
6789	6
6790	8
6791	3
6792	44
6793	1
6794	36
6795	2
6796	14
6797	2
6798	24
6799	2
6800	10
6801	207
6802	1
6803	207
6804	2
6805	16
6806	2
6807	232
6808	2
6809	144
6810	1
6811	193
6812	1
6813	48
6814	1
6815	170
6816	2
6817	125
6818	1
6819	208
6820	2
6821	21
6822	2
6823	47
6824	2
6825	218
6826	1
6827	288
6828	1
6829	43
6830	10
6831	2
6832	139
6833	1
6834	130
6835	1
6836	7
6837	3
6838	54
6839	1
6840	26
6841	2
6842	10
6843	2
6844	145
6845	1
6846	114
6847	2
6848	15
6849	2
6850	47
6851	2
6852	128
6853	1
6854	120
6855	1
6856	16
6857	2
6858	82
6859	1
6860	40
6861	2
6862	25
6863	1
6864	11
6865	20
6866	2
6867	44
6868	1
6869	18
6870	2
6871	46
6872	1
6873	39
6874	2
6875	35
6876	1
6877	8
6878	3
6879	30
6880	1
6881	25
6882	1
6883	5
6884	16
6885	2
6886	12
6887	3
6888	42
6889	1
6890	25
6891	2
6892	10
6893	2
6894	22
6895	1
6896	14
6897	1
6898	17
6899	2
6900	47
6901	1
6902	40
6903	1
6904	13
6905	2
6906	35
6907	1
6908	23
6909	7
6910	15
6911	2
6912	13
6913	1
6914	50
6915	1
6916	70
6917	1
6918	16
6919	1
6920	41
6921	1
6922	35
6923	1
6924	15
6925	1
6926	13
6927	1
6928	10
6929	1
6930	47
6931	2
6932	26
6933	12
6934	2
6935	14
6936	2
6937	8
6938	2
6939	45
6940	1
6941	5
6942	2
6943	31
6944	18
6945	26
6946	1
6947	3
6948	25
6949	1
6950	10
6951	1
6952	46
6953	10
6954	15
6955	1
6956	3
6957	1
6958	40
6959	1
6960	29
6961	1
6962	38
6963	1
6964	20
6965	1
6966	15
6967	2
6968	11
6969	2
6970	8
6971	2
6972	15
6973	1
6974	6
6975	2
6976	42
6977	1
6978	39
6979	1
6980	26
6981	1
6982	10
6983	1
6984	8
6985	33
6986	2
6987	29
6988	1
6989	24
6990	1
6991	21
6992	1
6993	18
6994	1
6995	43
6996	2
6997	38
6998	1
6999	22
7000	1
7001	36
7002	1
7003	27
7004	2
7005	17
7006	1
7007	42
7008	1
7009	20
7010	1
7011	36
7012	1
7013	27
7014	1
7015	19
7016	1
7017	38
7018	1
7019	26
7020	1
7021	12
7022	2
7023	40
7024	1
7025	22
7026	11
7027	35
7028	1
7029	17
7030	1
7031	27
7032	6
7033	10
7034	1
7035	11
7036	1
7037	33
7038	1
7039	20
7040	1
7041	24
7042	1
7043	11
7044	7
7045	10
7046	8
7047	1
7048	5
7049	2
7050	42
7051	1
7052	17
7053	1
7054	34
7055	1
7056	20
7057	9
7058	8
7059	1
7060	6
7061	2
7062	42
7063	1
7064	17
7065	1
7066	40
7067	14
7068	18
7069	1
7070	17
7071	1
7072	36
7073	1
7074	13
7075	2
7076	31
7077	15
7078	13
7079	1
7080	35
7081	1
7082	5
7083	27
7084	1
7085	16
7086	1
7087	11
7088	8
7089	1
7090	28
7091	1
7092	13
7093	1
7094	5
7095	1
7096	26
7097	1
7098	8
7099	1
7100	23
7101	9
7102	14
7103	1
7104	2
7105	14
7106	1
7107	10
7108	1
7109	7
7110	11
7111	1
7112	3
7113	1
7114	42
7115	1
7116	24
7117	1
7118	11
7119	1
7120	44
7121	1
7122	24
7123	1
7124	38
7125	1
7126	30
7127	1
7128	14
7129	1
7130	26
7131	13
7132	1
7133	18
7134	1
7135	14
7136	1
7137	12
7138	39
7139	1
7140	8
7141	3
7142	29
7143	9
7144	12
7145	1
7146	4
7147	1
7148	25
7149	1
7150	14
7151	1
7152	9
7153	18
7154	1
7155	13
7156	1
7157	6
7158	2
7159	16
7160	1
7161	11
7162	1
7163	4
7164	10
7165	1
7166	31
7167	1
7168	17
7169	13
7170	1
7171	11
7172	1
7173	7
7174	1
7175	16
7176	1
7177	4
7178	1
7179	10
7180	1
7181	10
7182	1
7183	15
7184	1
7185	7
7186	1
7187	4
7188	1
7189	42
7190	1
7191	29
7192	1
7193	40
7194	16
7195	1
7196	21
7197	1
7198	41
7199	1
7200	7
7201	1
7202	31
7203	7
7204	1
7205	34
7206	1
7207	17
7208	1
7209	2
7210	1
7211	24
7212	1
7213	15
7214	1
7215	7
7216	2
7217	17
7218	1
7219	12
7220	6
7221	3
7222	1
7223	13
7224	1
7225	9
7226	1
7227	1
7228	8
7229	1
7230	3
7231	13
7232	1
7233	5
7234	2
7235	1
7236	3
7237	1
7238	13
7239	1
7240	9
7241	1
7242	12
7243	1
7244	3
7245	1
7246	7
7247	1
7248	7
7249	1
7250	4
7251	1
7252	41
7253	20
7254	22
7255	9
7256	21
7257	11
7258	16
7259	40
7260	20
7261	26
7262	22
7263	11
7264	13
7265	26
7266	14
7267	22
7268	22
7269	9
7270	15
7271	24
7272	12
7273	18
7274	22
7275	11
7276	20
7277	20
7278	10
7279	17
7280	21
7281	11
7282	19
7283	18
7284	17
7285	16
7286	18
7287	19
7288	17
7289	16
7290	15
7291	15
7292	14
7293	14
7294	14
7295	13
7296	12
7297	12
7298	14
7299	17
7300	16
7301	15
7302	14
7303	25
7304	21
7305	10
7306	25
7307	14
7308	30
7309	23
7310	11
7311	17
7312	22
7313	10
7314	18
7315	22
7316	10
7317	19
7318	22
7319	10
7320	18
7321	22
7322	11
7323	17
7324	21
7325	10
7326	16
7327	20
7328	10
7329	15
7330	21
7331	10
7332	17
7333	21
7334	10
7335	15
7336	20
7337	10
7338	15
7339	21
7340	10
7341	18
7342	22
7343	10
7344	18
7345	19
7346	28
7347	5
7348	17
7349	16
7350	26
7351	1
7352	18
7353	18
7354	28
7355	1
7356	14
7357	15
7358	23
7359	6
7360	14
7361	16
7362	27
7363	1
7364	13
7365	14
7366	13
7367	34
7368	1
7369	16
7370	16
7371	15
7372	36
7373	1
7374	17
7375	18
7376	17
7377	38
7378	0
