1	10
2	12
3	11
4	11
5	11
6	11
7	11
8	11
9	11
10	10
11	10
12	10
13	10
14	10
15	10
16	10
17	10
18	10
19	10
20	10
21	9
22	9
23	9
24	9
25	9
26	9
27	9
28	9
29	9
30	9
31	9
32	9
33	9
34	10
35	10
36	10
37	10
38	10
39	10
40	10
41	11
42	9
43	9
44	10
45	11
46	10
47	10
48	10
49	10
50	10
51	10
52	10
53	10
54	10
55	10
56	10
57	10
58	10
59	10
60	9
61	9
62	9
63	9
64	9
65	9
66	9
67	9
68	9
69	9
70	9
71	9
72	9
73	9
74	10
75	10
76	10
77	9
78	9
79	9
80	9
81	9
82	9
83	9
84	9
85	9
86	9
87	10
88	10
89	10
90	10
91	10
92	10
93	10
94	9
95	9
96	9
97	9
98	9
99	9
100	9
101	9
102	9
103	9
104	10
105	10
106	10
107	9
108	9
109	9
110	9
111	9
112	9
113	9
114	10
115	10
116	9
117	9
118	9
119	9
120	9
121	9
122	9
123	9
124	9
125	9
126	9
127	9
128	10
129	10
130	9
131	9
132	9
133	9
134	9
135	9
136	9
137	9
138	9
139	9
140	9
141	9
142	9
143	10
144	10
145	10
146	10
147	10
148	9
149	9
150	9
151	9
152	9
153	9
154	9
155	9
156	9
157	9
158	9
159	9
160	9
161	9
162	9
163	9
164	9
165	9
166	9
167	9
168	9
169	9
170	9
171	9
172	9
173	9
174	9
175	9
176	9
177	9
178	9
179	9
180	9
181	9
182	9
183	9
184	9
185	9
186	9
187	9
188	9
189	9
190	9
191	9
192	9
193	9
194	9
195	9
196	9
197	9
198	9
199	9
200	9
201	9
202	9
203	9
204	9
205	9
206	9
207	9
208	9
209	10
210	10
211	9
212	9
213	9
214	9
215	9
216	9
217	9
218	9
219	9
220	9
221	9
222	9
223	9
224	9
225	9
226	9
227	9
228	9
229	9
230	9
231	9
232	9
233	9
234	9
235	9
236	9
237	9
238	9
239	9
240	9
241	9
242	9
243	9
244	9
245	9
246	9
247	9
248	9
249	9
250	9
251	9
252	9
253	9
254	9
255	9
256	9
257	9
258	9
259	9
260	9
261	9
262	9
263	9
264	9
265	9
266	9
267	9
268	9
269	9
270	9
271	9
272	9
273	9
274	9
275	9
276	9
277	9
278	9
279	9
280	9
281	9
282	9
283	9
284	9
285	9
286	9
287	9
288	9
289	9
290	9
291	9
292	9
293	9
294	9
295	9
296	9
297	9
298	9
299	9
300	9
301	9
302	9
303	9
304	9
305	9
306	9
307	9
308	9
309	9
310	9
311	9
312	9
313	9
314	9
315	9
316	10
317	9
318	9
319	9
320	9
321	9
322	9
323	10
324	9
325	9
326	9
327	9
328	9
329	9
330	9
331	9
332	9
333	9
334	9
335	9
336	9
337	9
338	9
339	9
340	9
341	9
342	9
343	9
344	9
345	9
346	9
347	9
348	9
349	9
350	9
351	9
352	9
353	9
354	9
355	9
356	9
357	9
358	9
359	9
360	9
361	9
362	9
363	9
364	9
365	9
366	9
367	9
368	9
369	9
370	9
371	9
372	9
373	9
374	9
375	9
376	9
377	10
378	9
379	10
380	10
381	9
382	9
383	9
384	9
385	9
386	9
387	9
388	9
389	9
390	9
391	9
392	9
393	9
394	9
395	9
396	9
397	9
398	9
399	9
400	9
401	9
402	9
403	9
404	9
405	9
406	9
407	9
408	9
409	9
410	9
411	9
412	9
413	9
414	9
415	9
416	9
417	9
418	9
419	9
420	9
421	9
422	9
423	9
424	9
425	9
426	9
427	10
428	10
429	10
430	9
431	9
432	9
433	9
434	9
435	9
436	9
437	9
438	9
439	9
440	9
441	9
442	11
443	9
444	9
445	9
446	9
447	9
448	9
449	10
450	9
451	9
452	9
453	9
454	9
455	10
456	10
457	9
458	9
459	9
460	9
461	9
462	9
463	9
464	9
465	9
466	9
467	9
468	9
469	9
470	9
471	9
472	9
473	9
474	9
475	9
476	10
477	9
478	9
479	10
480	9
481	9
482	9
483	9
484	9
485	9
486	9
487	9
488	9
489	9
490	9
491	9
492	9
493	10
494	9
495	9
496	8
497	8
498	8
499	9
500	9
501	9
502	9
503	9
504	9
505	9
506	9
507	9
508	9
509	9
510	9
511	9
512	9
513	9
514	9
515	9
516	9
517	9
518	9
519	9
520	10
521	10
522	10
523	10
524	10
525	10
526	10
527	10
528	10
529	10
530	10
531	10
532	10
533	9
534	9
535	9
536	9
537	9
538	9
539	9
540	9
541	9
542	9
543	9
544	9
545	9
546	9
547	9
548	9
549	9
550	9
551	9
552	9
553	9
554	9
555	9
556	9
557	9
558	9
559	9
560	9
561	9
562	9
563	9
564	9
565	9
566	9
567	9
568	9
569	9
570	9
571	9
572	9
573	9
574	9
575	9
576	9
577	9
578	9
579	9
580	9
581	9
582	9
583	9
584	9
585	9
586	9
587	9
588	9
589	9
590	9
591	9
592	9
593	9
594	9
595	9
596	9
597	9
598	8
599	8
600	8
601	8
602	8
603	8
604	8
605	8
606	8
607	8
608	8
609	8
610	8
611	8
612	8
613	8
614	8
615	8
616	8
617	8
618	8
619	8
620	8
621	8
622	8
623	8
624	8
625	8
626	8
627	8
628	8
629	8
630	8
631	8
632	8
633	8
634	8
635	9
636	9
637	9
638	10
639	10
640	10
641	10
642	10
643	10
644	10
645	10
646	9
647	9
648	9
649	9
650	9
651	9
652	9
653	9
654	9
655	9
656	9
657	9
658	9
659	9
660	9
661	9
662	9
663	11
664	9
665	9
666	9
667	9
668	9
669	9
670	9
671	9
672	9
673	9
674	9
675	9
676	9
677	9
678	9
679	9
680	9
681	8
682	8
683	8
684	8
685	8
686	8
687	8
688	8
689	8
690	8
691	8
692	8
693	8
694	8
695	8
696	8
697	8
698	8
699	8
700	9
701	8
702	8
703	8
704	8
705	8
706	8
707	8
708	8
709	8
710	8
711	8
712	8
713	8
714	8
715	8
716	8
717	8
718	8
719	8
720	8
721	8
722	8
723	8
724	8
725	8
726	8
727	8
728	8
729	8
730	8
731	8
732	8
733	8
734	8
735	8
736	8
737	8
738	8
739	8
740	8
741	8
742	9
743	9
744	9
745	9
746	8
747	8
748	8
749	8
750	8
751	8
752	8
753	8
754	8
755	8
756	8
757	8
758	8
759	8
760	8
761	8
762	8
763	8
764	8
765	8
766	8
767	8
768	8
769	8
770	8
771	8
772	8
773	8
774	8
775	8
776	8
777	8
778	8
779	8
780	8
781	8
782	8
783	8
784	8
785	8
786	8
787	8
788	8
789	8
790	8
791	8
792	8
793	8
794	8
795	8
796	9
797	7
798	7
799	7
800	7
801	7
802	7
803	7
804	8
805	8
806	8
807	8
808	8
809	8
810	8
811	8
812	8
813	9
814	9
815	9
816	8
817	8
818	8
819	8
820	8
821	8
822	8
823	8
824	8
825	8
826	8
827	8
828	8
829	8
830	8
831	8
832	8
833	8
834	8
835	8
836	8
837	8
838	8
839	8
840	8
841	8
842	8
843	8
844	8
845	8
846	8
847	8
848	8
849	8
850	8
851	8
852	8
853	8
854	8
855	8
856	8
857	8
858	8
859	8
860	8
861	8
862	8
863	8
864	8
865	8
866	8
867	8
868	8
869	8
870	8
871	8
872	8
873	8
874	8
875	7
876	7
877	7
878	7
879	7
880	7
881	7
882	7
883	7
884	7
885	7
886	7
887	8
888	8
889	8
890	7
891	7
892	7
893	7
894	7
895	7
896	7
897	7
898	7
899	7
900	7
901	7
902	7
903	7
904	7
905	7
906	7
907	7
908	7
909	7
910	7
911	7
912	7
913	7
914	7
915	7
916	7
917	7
918	7
919	7
920	8
921	7
922	7
923	7
924	7
925	7
926	7
927	8
928	8
929	8
930	8
931	8
932	7
933	7
934	7
935	7
936	7
937	7
938	7
939	7
940	7
941	7
942	7
943	7
944	7
945	7
946	7
947	7
948	7
949	7
950	8
951	7
952	7
953	6
954	7
955	7
956	7
957	7
958	7
959	7
960	6
961	6
962	6
963	6
964	6
965	6
966	6
967	6
968	6
969	6
970	6
971	6
972	6
973	6
974	6
975	6
976	6
977	6
978	6
979	7
980	7
981	7
982	7
983	7
984	7
985	7
986	7
987	7
988	7
989	7
990	7
991	7
992	7
993	7
994	7
995	7
996	7
997	7
998	7
999	7
1000	7
1001	7
1002	7
1003	7
1004	7
1005	7
1006	7
1007	7
1008	7
1009	7
1010	7
1011	7
1012	7
1013	7
1014	7
1015	7
1016	7
1017	7
1018	8
1019	8
1020	8
1021	8
1022	8
1023	8
1024	8
1025	8
1026	8
1027	8
1028	8
1029	7
1030	7
1031	7
1032	7
1033	7
1034	7
1035	7
1036	7
1037	7
1038	7
1039	7
1040	7
1041	7
1042	7
1043	7
1044	7
1045	7
1046	7
1047	7
1048	7
1049	7
1050	7
1051	7
1052	7
1053	7
1054	7
1055	7
1056	7
1057	7
1058	7
1059	7
1060	7
1061	7
1062	7
1063	7
1064	7
1065	8
1066	8
1067	7
1068	7
1069	7
1070	7
1071	7
1072	7
1073	7
1074	7
1075	7
1076	7
1077	7
1078	7
1079	7
1080	7
1081	7
1082	7
1083	7
1084	7
1085	7
1086	8
1087	8
1088	7
1089	7
1090	8
1091	8
1092	8
1093	8
1094	8
1095	8
1096	8
1097	6
1098	6
1099	6
1100	6
1101	6
1102	6
1103	6
1104	7
1105	7
1106	7
1107	7
1108	7
1109	7
1110	7
1111	7
1112	7
1113	7
1114	7
1115	7
1116	7
1117	7
1118	6
1119	7
1120	7
1121	7
1122	7
1123	7
1124	7
1125	7
1126	6
1127	6
1128	6
1129	7
1130	7
1131	7
1132	7
1133	7
1134	6
1135	7
1136	6
1137	6
1138	6
1139	7
1140	7
1141	7
1142	7
1143	7
1144	6
1145	6
1146	6
1147	6
1148	6
1149	6
1150	6
1151	7
1152	7
1153	7
1154	7
1155	7
1156	6
1157	6
1158	6
1159	8
1160	6
1161	6
1162	6
1163	6
1164	6
1165	7
1166	7
1167	7
1168	7
1169	7
1170	7
1171	8
1172	6
1173	6
1174	6
1175	6
1176	6
1177	6
1178	6
1179	6
1180	7
1181	7
1182	7
1183	7
1184	7
1185	7
1186	8
1187	7
1188	7
1189	6
1190	6
1191	6
1192	6
1193	6
1194	6
1195	6
1196	6
1197	7
1198	7
1199	7
1200	7
1201	7
1202	7
1203	8
1204	7
1205	7
1206	7
1207	7
1208	7
1209	7
1210	7
1211	7
1212	7
1213	7
1214	7
1215	7
1216	7
1217	7
1218	7
1219	7
1220	6
1221	6
1222	8
1223	8
1224	7
1225	7
1226	7
1227	7
1228	7
1229	7
1230	7
1231	7
1232	6
1233	6
1234	6
1235	6
1236	7
1237	7
1238	7
1239	7
1240	6
1241	6
1242	6
1243	6
1244	6
1245	6
1246	6
1247	6
1248	6
1249	6
1250	6
1251	6
1252	6
1253	6
1254	6
1255	6
1256	6
1257	6
1258	6
1259	6
1260	7
1261	7
1262	7
1263	7
1264	6
1265	6
1266	6
1267	6
1268	6
1269	6
1270	6
1271	6
1272	6
1273	6
1274	6
1275	6
1276	6
1277	6
1278	6
1279	6
1280	6
1281	6
1282	6
1283	6
1284	6
1285	6
1286	7
1287	7
1288	7
1289	7
1290	6
1291	6
1292	6
1293	6
1294	6
1295	6
1296	6
1297	6
1298	6
1299	6
1300	6
1301	6
1302	6
1303	6
1304	6
1305	6
1306	6
1307	6
1308	6
1309	6
1310	6
1311	6
1312	6
1313	6
1314	6
1315	7
1316	7
1317	7
1318	7
1319	6
1320	6
1321	6
1322	6
1323	6
1324	6
1325	6
1326	6
1327	6
1328	6
1329	6
1330	6
1331	6
1332	6
1333	6
1334	6
1335	6
1336	6
1337	6
1338	6
1339	6
1340	6
1341	6
1342	6
1343	6
1344	6
1345	6
1346	6
1347	6
1348	6
1349	8
1350	7
1351	7
1352	7
1353	6
1354	6
1355	6
1356	6
1357	6
1358	6
1359	6
1360	6
1361	6
1362	6
1363	6
1364	6
1365	6
1366	6
1367	6
1368	6
1369	6
1370	6
1371	6
1372	6
1373	6
1374	6
1375	6
1376	6
1377	6
1378	6
1379	6
1380	6
1381	6
1382	6
1383	6
1384	6
1385	6
1386	7
1387	6
1388	7
1389	7
1390	6
1391	6
1392	6
1393	6
1394	6
1395	6
1396	6
1397	6
1398	6
1399	6
1400	6
1401	6
1402	6
1403	6
1404	6
1405	6
1406	6
1407	6
1408	6
1409	6
1410	6
1411	6
1412	6
1413	6
1414	6
1415	6
1416	6
1417	6
1418	6
1419	6
1420	6
1421	6
1422	6
1423	6
1424	6
1425	6
1426	6
1427	6
1428	6
1429	7
1430	6
1431	6
1432	7
1433	6
1434	6
1435	6
1436	6
1437	6
1438	6
1439	6
1440	6
1441	6
1442	6
1443	6
1444	6
1445	6
1446	6
1447	6
1448	6
1449	6
1450	6
1451	6
1452	6
1453	6
1454	6
1455	6
1456	6
1457	6
1458	6
1459	6
1460	6
1461	6
1462	6
1463	6
1464	6
1465	6
1466	6
1467	6
1468	6
1469	6
1470	6
1471	6
1472	6
1473	6
1474	6
1475	6
1476	6
1477	7
1478	6
1479	6
1480	7
1481	7
1482	6
1483	6
1484	6
1485	6
1486	6
1487	6
1488	6
1489	6
1490	6
1491	6
1492	6
1493	6
1494	6
1495	6
1496	6
1497	6
1498	6
1499	6
1500	6
1501	6
1502	6
1503	6
1504	6
1505	6
1506	6
1507	6
1508	6
1509	6
1510	6
1511	6
1512	6
1513	6
1514	6
1515	6
1516	6
1517	6
1518	6
1519	6
1520	6
1521	6
1522	6
1523	6
1524	6
1525	6
1526	6
1527	6
1528	6
1529	6
1530	6
1531	6
1532	6
1533	7
1534	6
1535	6
1536	6
1537	7
1538	6
1539	6
1540	6
1541	6
1542	6
1543	6
1544	6
1545	6
1546	6
1547	6
1548	6
1549	6
1550	6
1551	6
1552	6
1553	6
1554	6
1555	6
1556	6
1557	6
1558	6
1559	6
1560	6
1561	6
1562	6
1563	6
1564	6
1565	6
1566	6
1567	6
1568	6
1569	6
1570	6
1571	6
1572	6
1573	6
1574	6
1575	6
1576	6
1577	6
1578	6
1579	6
1580	6
1581	6
1582	6
1583	6
1584	6
1585	6
1586	6
1587	6
1588	6
1589	6
1590	6
1591	6
1592	6
1593	6
1594	6
1595	6
1596	6
1597	6
1598	7
1599	6
1600	6
1601	6
1602	7
1603	7
1604	7
1605	6
1606	6
1607	6
1608	6
1609	6
1610	6
1611	6
1612	6
1613	6
1614	6
1615	6
1616	6
1617	6
1618	6
1619	6
1620	6
1621	6
1622	6
1623	6
1624	6
1625	6
1626	6
1627	6
1628	6
1629	6
1630	6
1631	6
1632	6
1633	6
1634	6
1635	6
1636	6
1637	6
1638	6
1639	6
1640	6
1641	6
1642	6
1643	6
1644	6
1645	6
1646	6
1647	6
1648	6
1649	7
1650	7
1651	7
1652	7
1653	7
1654	7
1655	7
1656	7
1657	7
1658	7
1659	7
1660	7
1661	7
1662	7
1663	7
1664	7
1665	7
1666	7
1667	7
1668	7
1669	7
1670	7
1671	7
1672	7
1673	7
1674	7
1675	6
1676	7
1677	6
1678	6
1679	6
1680	6
1681	6
1682	6
1683	6
1684	6
1685	6
1686	6
1687	6
1688	6
1689	6
1690	6
1691	6
1692	6
1693	6
1694	6
1695	6
1696	6
1697	6
1698	6
1699	6
1700	6
1701	6
1702	6
1703	6
1704	6
1705	6
1706	6
1707	6
1708	6
1709	6
1710	6
1711	6
1712	6
1713	5
1714	5
1715	5
1716	5
1717	5
1718	5
1719	5
1720	5
1721	5
1722	5
1723	5
1724	5
1725	5
1726	5
1727	5
1728	5
1729	5
1730	5
1731	5
1732	5
1733	5
1734	5
1735	5
1736	5
1737	6
1738	6
1739	6
1740	6
1741	6
1742	6
1743	7
1744	7
1745	6
1746	6
1747	6
1748	5
1749	5
1750	5
1751	5
1752	5
1753	5
1754	5
1755	5
1756	5
1757	5
1758	5
1759	5
1760	5
1761	5
1762	5
1763	5
1764	5
1765	5
1766	5
1767	5
1768	6
1769	6
1770	6
1771	6
1772	6
1773	5
1774	5
1775	5
1776	5
1777	5
1778	5
1779	5
1780	5
1781	5
1782	5
1783	5
1784	5
1785	5
1786	5
1787	5
1788	5
1789	5
1790	5
1791	5
1792	5
1793	5
1794	5
1795	5
1796	5
1797	5
1798	5
1799	5
1800	5
1801	5
1802	5
1803	5
1804	5
1805	5
1806	5
1807	5
1808	5
1809	5
1810	5
1811	5
1812	5
1813	5
1814	5
1815	5
1816	5
1817	5
1818	5
1819	5
1820	5
1821	5
1822	5
1823	5
1824	5
1825	5
1826	5
1827	5
1828	5
1829	5
1830	5
1831	5
1832	5
1833	5
1834	5
1835	5
1836	5
1837	5
1838	5
1839	5
1840	5
1841	5
1842	5
1843	5
1844	5
1845	5
1846	5
1847	5
1848	5
1849	5
1850	5
1851	5
1852	5
1853	5
1854	5
1855	5
1856	5
1857	5
1858	5
1859	5
1860	5
1861	5
1862	5
1863	5
1864	5
1865	5
1866	5
1867	5
1868	5
1869	5
1870	5
1871	5
1872	5
1873	5
1874	5
1875	5
1876	5
1877	5
1878	5
1879	5
1880	5
1881	5
1882	5
1883	5
1884	5
1885	5
1886	6
1887	6
1888	6
1889	6
1890	6
1891	5
1892	5
1893	5
1894	5
1895	5
1896	5
1897	5
1898	5
1899	5
1900	5
1901	5
1902	5
1903	5
1904	5
1905	5
1906	5
1907	5
1908	5
1909	5
1910	5
1911	5
1912	5
1913	5
1914	5
1915	5
1916	5
1917	5
1918	5
1919	5
1920	5
1921	5
1922	5
1923	5
1924	5
1925	5
1926	5
1927	5
1928	5
1929	5
1930	5
1931	5
1932	5
1933	5
1934	5
1935	5
1936	5
1937	5
1938	5
1939	5
1940	5
1941	5
1942	5
1943	5
1944	5
1945	5
1946	5
1947	5
1948	5
1949	5
1950	5
1951	5
1952	5
1953	5
1954	5
1955	5
1956	5
1957	5
1958	5
1959	5
1960	5
1961	5
1962	5
1963	5
1964	5
1965	5
1966	5
1967	5
1968	5
1969	5
1970	5
1971	5
1972	5
1973	5
1974	5
1975	5
1976	5
1977	5
1978	5
1979	5
1980	5
1981	5
1982	5
1983	5
1984	5
1985	5
1986	5
1987	5
1988	5
1989	5
1990	5
1991	5
1992	5
1993	5
1994	5
1995	5
1996	5
1997	5
1998	5
1999	5
2000	5
2001	5
2002	5
2003	5
2004	5
2005	5
2006	5
2007	5
2008	5
2009	5
2010	5
2011	5
2012	5
2013	5
2014	5
2015	5
2016	5
2017	5
2018	5
2019	5
2020	5
2021	5
2022	5
2023	5
2024	5
2025	5
2026	5
2027	5
2028	5
2029	5
2030	5
2031	5
2032	5
2033	5
2034	5
2035	5
2036	5
2037	5
2038	5
2039	5
2040	5
2041	5
2042	5
2043	5
2044	5
2045	5
2046	5
2047	5
2048	5
2049	5
2050	6
2051	6
2052	6
2053	6
2054	6
2055	5
2056	5
2057	5
2058	5
2059	5
2060	5
2061	5
2062	5
2063	5
2064	5
2065	5
2066	5
2067	5
2068	5
2069	5
2070	5
2071	5
2072	5
2073	5
2074	5
2075	5
2076	5
2077	5
2078	5
2079	5
2080	5
2081	5
2082	5
2083	5
2084	5
2085	5
2086	5
2087	5
2088	5
2089	5
2090	5
2091	5
2092	5
2093	5
2094	5
2095	5
2096	5
2097	5
2098	5
2099	5
2100	5
2101	5
2102	5
2103	5
2104	5
2105	5
2106	5
2107	5
2108	5
2109	5
2110	5
2111	5
2112	5
2113	5
2114	5
2115	5
2116	5
2117	5
2118	5
2119	5
2120	5
2121	5
2122	5
2123	5
2124	5
2125	5
2126	5
2127	5
2128	5
2129	5
2130	5
2131	5
2132	5
2133	5
2134	5
2135	5
2136	5
2137	5
2138	5
2139	5
2140	5
2141	5
2142	5
2143	5
2144	5
2145	5
2146	5
2147	5
2148	5
2149	5
2150	5
2151	5
2152	5
2153	5
2154	5
2155	5
2156	5
2157	5
2158	5
2159	5
2160	5
2161	5
2162	5
2163	5
2164	5
2165	5
2166	5
2167	5
2168	5
2169	5
2170	5
2171	5
2172	5
2173	5
2174	5
2175	5
2176	5
2177	5
2178	5
2179	5
2180	5
2181	5
2182	5
2183	5
2184	5
2185	5
2186	5
2187	5
2188	5
2189	5
2190	5
2191	5
2192	5
2193	5
2194	5
2195	5
2196	5
2197	5
2198	5
2199	5
2200	5
2201	5
2202	5
2203	5
2204	5
2205	5
2206	5
2207	5
2208	5
2209	5
2210	5
2211	5
2212	5
2213	5
2214	5
2215	5
2216	5
2217	5
2218	5
2219	5
2220	5
2221	5
2222	5
2223	5
2224	5
2225	5
2226	5
2227	5
2228	5
2229	5
2230	5
2231	5
2232	5
2233	5
2234	5
2235	5
2236	5
2237	5
2238	5
2239	5
2240	5
2241	5
2242	5
2243	5
2244	5
2245	5
2246	5
2247	5
2248	5
2249	5
2250	5
2251	5
2252	5
2253	5
2254	5
2255	5
2256	5
2257	5
2258	5
2259	5
2260	5
2261	5
2262	5
2263	5
2264	5
2265	5
2266	5
2267	5
2268	5
2269	5
2270	5
2271	5
2272	5
2273	5
2274	5
2275	5
2276	5
2277	5
2278	5
2279	5
2280	5
2281	5
2282	5
2283	5
2284	5
2285	5
2286	5
2287	5
2288	5
2289	5
2290	5
2291	5
2292	5
2293	5
2294	5
2295	5
2296	5
2297	5
2298	5
2299	5
2300	5
2301	5
2302	5
2303	5
2304	5
2305	5
2306	5
2307	5
2308	5
2309	5
2310	5
2311	5
2312	5
2313	5
2314	5
2315	5
2316	5
2317	5
2318	5
2319	5
2320	5
2321	5
2322	5
2323	5
2324	5
2325	5
2326	5
2327	5
2328	5
2329	5
2330	5
2331	5
2332	5
2333	5
2334	5
2335	5
2336	5
2337	5
2338	6
2339	6
2340	5
2341	5
2342	5
2343	6
2344	5
2345	5
2346	5
2347	5
2348	5
2349	5
2350	5
2351	5
2352	5
2353	5
2354	5
2355	5
2356	5
2357	5
2358	5
2359	5
2360	5
2361	5
2362	5
2363	5
2364	5
2365	5
2366	5
2367	5
2368	5
2369	5
2370	5
2371	5
2372	5
2373	5
2374	5
2375	5
2376	5
2377	5
2378	5
2379	5
2380	5
2381	5
2382	5
2383	5
2384	5
2385	5
2386	5
2387	5
2388	5
2389	5
2390	5
2391	5
2392	5
2393	5
2394	5
2395	5
2396	5
2397	5
2398	5
2399	5
2400	5
2401	5
2402	5
2403	5
2404	5
2405	5
2406	5
2407	5
2408	5
2409	5
2410	5
2411	5
2412	5
2413	5
2414	5
2415	5
2416	5
2417	5
2418	5
2419	5
2420	5
2421	5
2422	5
2423	5
2424	5
2425	5
2426	5
2427	5
2428	5
2429	5
2430	5
2431	5
2432	5
2433	5
2434	5
2435	5
2436	5
2437	5
2438	5
2439	5
2440	5
2441	5
2442	5
2443	5
2444	5
2445	5
2446	5
2447	5
2448	5
2449	5
2450	5
2451	5
2452	5
2453	5
2454	5
2455	5
2456	5
2457	5
2458	5
2459	5
2460	5
2461	5
2462	5
2463	5
2464	5
2465	5
2466	5
2467	5
2468	5
2469	5
2470	5
2471	5
2472	5
2473	5
2474	5
2475	5
2476	5
2477	5
2478	5
2479	5
2480	5
2481	5
2482	5
2483	5
2484	5
2485	5
2486	5
2487	5
2488	5
2489	5
2490	5
2491	5
2492	5
2493	5
2494	5
2495	5
2496	5
2497	5
2498	5
2499	5
2500	5
2501	5
2502	5
2503	5
2504	5
2505	5
2506	5
2507	5
2508	5
2509	5
2510	5
2511	5
2512	5
2513	5
2514	5
2515	5
2516	5
2517	5
2518	5
2519	5
2520	5
2521	5
2522	5
2523	5
2524	5
2525	5
2526	5
2527	5
2528	5
2529	5
2530	5
2531	5
2532	5
2533	5
2534	5
2535	5
2536	5
2537	5
2538	5
2539	5
2540	5
2541	5
2542	5
2543	5
2544	5
2545	5
2546	5
2547	5
2548	5
2549	5
2550	5
2551	5
2552	5
2553	5
2554	5
2555	5
2556	5
2557	5
2558	5
2559	5
2560	5
2561	5
2562	5
2563	5
2564	5
2565	5
2566	5
2567	5
2568	5
2569	5
2570	5
2571	5
2572	5
2573	5
2574	5
2575	5
2576	5
2577	5
2578	5
2579	5
2580	5
2581	5
2582	5
2583	5
2584	5
2585	5
2586	5
2587	5
2588	5
2589	5
2590	5
2591	5
2592	5
2593	5
2594	5
2595	5
2596	5
2597	5
2598	5
2599	5
2600	5
2601	5
2602	5
2603	5
2604	5
2605	5
2606	5
2607	5
2608	5
2609	5
2610	5
2611	5
2612	5
2613	5
2614	5
2615	5
2616	5
2617	5
2618	5
2619	5
2620	5
2621	5
2622	5
2623	5
2624	5
2625	5
2626	5
2627	5
2628	5
2629	5
2630	5
2631	5
2632	5
2633	5
2634	5
2635	5
2636	5
2637	5
2638	5
2639	5
2640	5
2641	5
2642	5
2643	5
2644	5
2645	5
2646	5
2647	5
2648	5
2649	5
2650	5
2651	5
2652	5
2653	5
2654	5
2655	5
2656	5
2657	5
2658	5
2659	5
2660	5
2661	5
2662	5
2663	5
2664	5
2665	5
2666	5
2667	5
2668	4
2669	4
2670	4
2671	4
2672	4
2673	4
2674	4
2675	4
2676	4
2677	4
2678	4
2679	4
2680	4
2681	4
2682	4
2683	4
2684	4
2685	4
2686	4
2687	4
2688	4
2689	4
2690	4
2691	4
2692	4
2693	4
2694	4
2695	4
2696	4
2697	4
2698	4
2699	4
2700	4
2701	4
2702	4
2703	4
2704	4
2705	4
2706	4
2707	4
2708	4
2709	4
2710	4
2711	4
2712	4
2713	4
2714	4
2715	4
2716	4
2717	4
2718	4
2719	4
2720	4
2721	4
2722	4
2723	4
2724	4
2725	4
2726	4
2727	4
2728	4
2729	4
2730	4
2731	4
2732	4
2733	4
2734	4
2735	4
2736	4
2737	4
2738	4
2739	4
2740	4
2741	4
2742	4
2743	4
2744	4
2745	4
2746	4
2747	4
2748	4
2749	4
2750	4
2751	4
2752	4
2753	4
2754	4
2755	4
2756	4
2757	4
2758	4
2759	4
2760	4
2761	4
2762	4
2763	4
2764	4
2765	4
2766	4
2767	4
2768	4
2769	4
2770	4
2771	4
2772	4
2773	4
2774	4
2775	4
2776	4
2777	4
2778	4
2779	4
2780	4
2781	4
2782	4
2783	4
2784	4
2785	4
2786	4
2787	4
2788	4
2789	4
2790	4
2791	4
2792	4
2793	4
2794	4
2795	4
2796	4
2797	4
2798	4
2799	4
2800	4
2801	4
2802	4
2803	4
2804	4
2805	4
2806	4
2807	4
2808	4
2809	4
2810	4
2811	4
2812	4
2813	4
2814	4
2815	4
2816	4
2817	4
2818	4
2819	4
2820	4
2821	4
2822	4
2823	4
2824	4
2825	4
2826	4
2827	4
2828	4
2829	4
2830	4
2831	4
2832	4
2833	4
2834	4
2835	4
2836	4
2837	4
2838	4
2839	4
2840	4
2841	4
2842	4
2843	4
2844	4
2845	4
2846	4
2847	4
2848	4
2849	4
2850	4
2851	4
2852	4
2853	4
2854	4
2855	4
2856	4
2857	4
2858	4
2859	4
2860	4
2861	4
2862	4
2863	4
2864	4
2865	4
2866	4
2867	4
2868	4
2869	4
2870	4
2871	4
2872	4
2873	4
2874	4
2875	4
2876	4
2877	4
2878	4
2879	4
2880	4
2881	4
2882	4
2883	4
2884	4
2885	4
2886	4
2887	4
2888	4
2889	4
2890	4
2891	4
2892	4
2893	4
2894	4
2895	4
2896	4
2897	4
2898	4
2899	4
2900	4
2901	4
2902	4
2903	4
2904	4
2905	4
2906	4
2907	4
2908	4
2909	4
2910	4
2911	4
2912	4
2913	4
2914	4
2915	4
2916	4
2917	4
2918	4
2919	4
2920	4
2921	4
2922	4
2923	4
2924	4
2925	4
2926	4
2927	4
2928	4
2929	4
2930	4
2931	4
2932	4
2933	4
2934	4
2935	4
2936	4
2937	4
2938	4
2939	4
2940	4
2941	4
2942	4
2943	4
2944	4
2945	4
2946	4
2947	4
2948	4
2949	4
2950	4
2951	4
2952	4
2953	4
2954	4
2955	4
2956	4
2957	4
2958	4
2959	4
2960	4
2961	4
2962	4
2963	4
2964	4
2965	4
2966	4
2967	4
2968	4
2969	4
2970	4
2971	4
2972	4
2973	4
2974	4
2975	4
2976	4
2977	4
2978	4
2979	4
2980	4
2981	4
2982	4
2983	4
2984	4
2985	4
2986	4
2987	4
2988	4
2989	4
2990	4
2991	4
2992	4
2993	4
2994	4
2995	4
2996	4
2997	4
2998	4
2999	4
3000	4
3001	4
3002	4
3003	3
3004	3
3005	3
3006	3
3007	3
3008	3
3009	3
3010	3
3011	3
3012	3
3013	3
3014	3
3015	3
3016	3
3017	3
3018	3
3019	3
3020	3
3021	3
3022	3
3023	3
3024	3
3025	3
3026	3
3027	3
3028	3
3029	3
3030	3
3031	3
3032	3
3033	3
3034	3
3035	3
3036	3
3037	3
3038	3
3039	3
3040	3
3041	3
3042	3
3043	3
3044	3
3045	3
3046	3
3047	3
3048	3
3049	3
3050	3
3051	3
3052	3
3053	3
3054	3
3055	3
3056	3
3057	3
3058	3
3059	3
3060	3
3061	3
3062	3
3063	3
3064	3
3065	3
3066	3
3067	3
3068	3
3069	3
3070	3
3071	3
3072	3
3073	3
3074	3
3075	3
3076	3
3077	3
3078	3
3079	3
3080	3
3081	3
3082	3
3083	3
3084	3
3085	3
3086	3
3087	3
3088	3
3089	3
3090	3
3091	3
3092	3
3093	3
3094	3
3095	3
3096	3
3097	3
3098	3
3099	3
3100	3
3101	3
3102	3
3103	3
3104	3
3105	3
3106	3
3107	3
3108	3
3109	3
3110	3
3111	3
3112	3
3113	3
3114	3
3115	3
3116	3
3117	3
3118	3
3119	3
3120	3
3121	3
3122	3
3123	3
3124	3
3125	3
3126	3
3127	3
3128	3
3129	3
3130	3
3131	3
3132	3
3133	3
3134	3
3135	3
3136	3
3137	3
3138	3
3139	3
3140	3
3141	3
3142	3
3143	3
3144	3
3145	3
3146	3
3147	3
3148	3
3149	3
3150	3
3151	3
3152	3
3153	3
3154	3
3155	3
3156	3
3157	3
3158	3
3159	3
3160	3
3161	3
3162	3
3163	3
3164	3
3165	3
3166	3
3167	3
3168	3
3169	3
3170	3
3171	3
3172	3
3173	3
3174	3
3175	3
3176	3
3177	3
3178	3
3179	3
3180	3
3181	3
3182	3
3183	3
3184	3
3185	3
3186	3
3187	3
3188	3
3189	3
3190	3
3191	3
3192	3
3193	3
3194	3
3195	3
3196	3
3197	3
3198	3
3199	3
3200	3
3201	3
3202	3
3203	3
3204	3
3205	3
3206	3
3207	3
3208	3
3209	3
3210	3
3211	3
3212	3
3213	3
3214	3
3215	3
3216	3
3217	3
3218	3
3219	3
3220	3
3221	3
3222	3
3223	3
3224	3
3225	3
3226	3
3227	3
3228	3
3229	3
3230	3
3231	3
3232	3
3233	3
3234	3
3235	3
3236	3
3237	3
3238	3
3239	3
3240	3
3241	3
3242	3
3243	3
3244	3
3245	3
3246	3
3247	3
3248	3
3249	3
3250	3
3251	3
3252	3
3253	3
3254	3
3255	3
3256	3
3257	3
3258	3
3259	3
3260	3
3261	3
3262	3
3263	3
3264	3
3265	3
3266	3
3267	3
3268	3
3269	3
3270	3
3271	3
3272	3
3273	3
3274	3
3275	3
3276	3
3277	4
3278	4
3279	4
3280	4
3281	4
3282	4
3283	4
3284	4
3285	4
3286	4
3287	4
3288	4
3289	4
3290	4
3291	4
3292	4
3293	4
3294	4
3295	4
3296	4
3297	4
3298	5
3299	5
3300	5
3301	5
3302	5
3303	5
3304	5
3305	5
3306	5
3307	5
3308	5
3309	5
3310	5
3311	5
3312	5
3313	5
3314	5
3315	5
3316	4
3317	4
3318	4
3319	4
3320	4
3321	4
3322	4
3323	4
3324	4
3325	4
3326	4
3327	4
3328	4
3329	4
3330	4
3331	4
3332	4
3333	4
3334	4
3335	4
3336	4
3337	4
3338	4
3339	4
3340	4
3341	4
3342	4
3343	4
3344	4
3345	4
3346	4
3347	4
3348	4
3349	4
3350	4
3351	4
3352	4
3353	4
3354	4
3355	4
3356	4
3357	4
3358	4
3359	4
3360	4
3361	4
3362	4
3363	4
3364	4
3365	4
3366	4
3367	4
3368	4
3369	4
3370	4
3371	4
3372	4
3373	4
3374	4
3375	4
3376	4
3377	4
3378	4
3379	4
3380	4
3381	4
3382	4
3383	4
3384	4
3385	4
3386	4
3387	4
3388	3
3389	4
3390	4
3391	4
3392	4
3393	4
3394	4
3395	4
3396	4
3397	4
3398	3
3399	3
3400	3
3401	3
3402	3
3403	3
3404	3
3405	3
3406	3
3407	3
3408	3
3409	3
3410	3
3411	3
3412	3
3413	3
3414	3
3415	3
3416	3
3417	3
3418	3
3419	3
3420	3
3421	3
3422	3
3423	3
3424	3
3425	3
3426	3
3427	3
3428	3
3429	3
3430	3
3431	3
3432	3
3433	3
3434	3
3435	3
3436	3
3437	3
3438	3
3439	3
3440	3
3441	3
3442	3
3443	3
3444	3
3445	3
3446	3
3447	3
3448	3
3449	3
3450	3
3451	3
3452	3
3453	3
3454	3
3455	3
3456	3
3457	3
3458	3
3459	3
3460	3
3461	3
3462	3
3463	3
3464	3
3465	3
3466	3
3467	3
3468	3
3469	3
3470	3
3471	3
3472	3
3473	3
3474	3
3475	3
3476	3
3477	3
3478	3
3479	3
3480	3
3481	3
3482	3
3483	3
3484	3
3485	3
3486	3
3487	3
3488	3
3489	3
3490	3
3491	3
3492	3
3493	3
3494	3
3495	3
3496	3
3497	3
3498	3
3499	3
3500	3
3501	3
3502	3
3503	3
3504	3
3505	3
3506	3
3507	3
3508	3
3509	3
3510	3
3511	3
3512	3
3513	3
3514	3
3515	3
3516	3
3517	3
3518	3
3519	3
3520	3
3521	3
3522	3
3523	3
3524	3
3525	3
3526	3
3527	3
3528	3
3529	3
3530	3
3531	3
3532	3
3533	3
3534	3
3535	3
3536	3
3537	3
3538	3
3539	3
3540	3
3541	3
3542	3
3543	3
3544	3
3545	3
3546	3
3547	3
3548	3
3549	3
3550	3
3551	3
3552	3
3553	3
3554	3
3555	3
3556	3
3557	3
3558	3
3559	3
3560	3
3561	3
3562	3
3563	3
3564	3
3565	3
3566	3
3567	3
3568	3
3569	3
3570	3
3571	3
3572	3
3573	3
3574	3
3575	3
3576	3
3577	3
3578	3
3579	3
3580	3
3581	3
3582	3
3583	3
3584	3
3585	3
3586	3
3587	3
3588	3
3589	3
3590	3
3591	3
3592	3
3593	3
3594	3
3595	3
3596	3
3597	3
3598	3
3599	3
3600	3
3601	3
3602	3
3603	3
3604	3
3605	3
3606	3
3607	3
3608	3
3609	3
3610	3
3611	3
3612	3
3613	3
3614	3
3615	3
3616	3
3617	3
3618	3
3619	3
3620	3
3621	3
3622	3
3623	3
3624	3
3625	3
3626	3
3627	3
3628	3
3629	3
3630	3
3631	3
3632	3
3633	3
3634	3
3635	3
3636	3
3637	3
3638	3
3639	3
3640	3
3641	3
3642	3
3643	3
3644	3
3645	3
3646	3
3647	3
3648	3
3649	3
3650	3
3651	3
3652	3
3653	3
3654	3
3655	3
3656	3
3657	3
3658	3
3659	3
3660	3
3661	3
3662	3
3663	3
3664	3
3665	3
3666	3
3667	3
3668	3
3669	3
3670	3
3671	3
3672	3
3673	3
3674	3
3675	3
3676	3
3677	3
3678	3
3679	3
3680	3
3681	3
3682	3
3683	3
3684	3
3685	3
3686	3
3687	3
3688	3
3689	3
3690	3
3691	3
3692	3
3693	3
3694	3
3695	3
3696	3
3697	3
3698	3
3699	3
3700	3
3701	3
3702	3
3703	3
3704	3
3705	3
3706	3
3707	3
3708	3
3709	3
3710	3
3711	3
3712	3
3713	3
3714	3
3715	3
3716	3
3717	3
3718	3
3719	3
3720	3
3721	3
3722	3
3723	3
3724	3
3725	3
3726	3
3727	3
3728	3
3729	3
3730	3
3731	3
3732	3
3733	3
3734	3
3735	3
3736	3
3737	3
3738	3
3739	3
3740	3
3741	3
3742	3
3743	3
3744	3
3745	3
3746	3
3747	3
3748	3
3749	3
3750	3
3751	3
3752	3
3753	3
3754	3
3755	3
3756	3
3757	3
3758	3
3759	3
3760	3
3761	3
3762	3
3763	3
3764	3
3765	3
3766	3
3767	3
3768	3
3769	3
3770	3
3771	3
3772	3
3773	3
3774	3
3775	3
3776	3
3777	3
3778	3
3779	3
3780	3
3781	3
3782	3
3783	3
3784	3
3785	3
3786	3
3787	3
3788	3
3789	3
3790	3
3791	3
3792	3
3793	3
3794	3
3795	3
3796	3
3797	3
3798	3
3799	3
3800	3
3801	3
3802	3
3803	3
3804	3
3805	3
3806	3
3807	3
3808	3
3809	3
3810	3
3811	3
3812	3
3813	3
3814	3
3815	3
3816	3
3817	3
3818	3
3819	3
3820	3
3821	3
3822	3
3823	3
3824	3
3825	3
3826	3
3827	3
3828	3
3829	3
3830	3
3831	3
3832	3
3833	3
3834	3
3835	3
3836	3
3837	3
3838	3
3839	3
3840	3
3841	3
3842	3
3843	3
3844	3
3845	3
3846	3
3847	3
3848	3
3849	3
3850	3
3851	3
3852	3
3853	3
3854	3
3855	3
3856	3
3857	3
3858	3
3859	3
3860	3
3861	3
3862	3
3863	3
3864	3
3865	3
3866	3
3867	3
3868	3
3869	3
3870	3
3871	3
3872	3
3873	3
3874	3
3875	3
3876	3
3877	3
3878	3
3879	3
3880	3
3881	3
3882	3
3883	3
3884	3
3885	3
3886	3
3887	3
3888	3
3889	3
3890	3
3891	3
3892	3
3893	3
3894	3
3895	3
3896	3
3897	3
3898	3
3899	3
3900	3
3901	3
3902	3
3903	3
3904	3
3905	3
3906	3
3907	3
3908	3
3909	3
3910	3
3911	3
3912	3
3913	3
3914	3
3915	3
3916	3
3917	3
3918	3
3919	3
3920	3
3921	3
3922	3
3923	3
3924	3
3925	3
3926	3
3927	3
3928	3
3929	3
3930	3
3931	3
3932	3
3933	3
3934	3
3935	3
3936	3
3937	3
3938	3
3939	3
3940	3
3941	3
3942	3
3943	3
3944	3
3945	3
3946	3
3947	3
3948	3
3949	3
3950	3
3951	3
3952	3
3953	3
3954	3
3955	3
3956	3
3957	3
3958	3
3959	3
3960	3
3961	3
3962	3
3963	3
3964	3
3965	3
3966	3
3967	3
3968	3
3969	3
3970	3
3971	3
3972	3
3973	3
3974	3
3975	3
3976	3
3977	3
3978	3
3979	3
3980	3
3981	3
3982	3
3983	3
3984	3
3985	3
3986	3
3987	3
3988	3
3989	3
3990	3
3991	3
3992	3
3993	3
3994	3
3995	3
3996	3
3997	3
3998	3
3999	3
4000	3
4001	3
4002	3
4003	3
4004	3
4005	3
4006	3
4007	3
4008	3
4009	3
4010	3
4011	3
4012	3
4013	3
4014	3
4015	3
4016	3
4017	3
4018	3
4019	3
4020	3
4021	3
4022	3
4023	3
4024	3
4025	3
4026	3
4027	3
4028	3
4029	3
4030	3
4031	3
4032	3
4033	3
4034	3
4035	3
4036	3
4037	3
4038	3
4039	3
4040	3
4041	3
4042	3
4043	3
4044	3
4045	3
4046	3
4047	3
4048	3
4049	3
4050	3
4051	3
4052	3
4053	3
4054	3
4055	3
4056	3
4057	3
4058	3
4059	3
4060	3
4061	3
4062	3
4063	3
4064	3
4065	3
4066	3
4067	3
4068	3
4069	3
4070	3
4071	3
4072	3
4073	3
4074	3
4075	3
4076	3
4077	3
4078	3
4079	3
4080	3
4081	3
4082	3
4083	3
4084	3
4085	3
4086	3
4087	3
4088	3
4089	3
4090	3
4091	3
4092	3
4093	3
4094	3
4095	3
4096	3
4097	3
4098	3
4099	3
4100	3
4101	3
4102	3
4103	3
4104	3
4105	3
4106	3
4107	3
4108	3
4109	3
4110	3
4111	3
4112	3
4113	3
4114	3
4115	3
4116	3
4117	3
4118	3
4119	3
4120	3
4121	3
4122	3
4123	3
4124	3
4125	3
4126	3
4127	3
4128	3
4129	3
4130	3
4131	3
4132	3
4133	3
4134	3
4135	3
4136	3
4137	3
4138	3
4139	3
4140	3
4141	3
4142	3
4143	3
4144	3
4145	3
4146	3
4147	3
4148	3
4149	3
4150	3
4151	3
4152	3
4153	3
4154	3
4155	3
4156	3
4157	3
4158	3
4159	3
4160	3
4161	3
4162	3
4163	3
4164	3
4165	3
4166	3
4167	3
4168	3
4169	3
4170	3
4171	3
4172	3
4173	3
4174	3
4175	3
4176	3
4177	3
4178	3
4179	3
4180	3
4181	3
4182	3
4183	3
4184	3
4185	3
4186	3
4187	3
4188	3
4189	3
4190	3
4191	3
4192	3
4193	3
4194	3
4195	3
4196	3
4197	3
4198	3
4199	3
4200	3
4201	3
4202	3
4203	3
4204	3
4205	3
4206	3
4207	3
4208	3
4209	3
4210	3
4211	3
4212	3
4213	3
4214	3
4215	3
4216	3
4217	3
4218	3
4219	3
4220	3
4221	3
4222	3
4223	3
4224	3
4225	3
4226	3
4227	3
4228	3
4229	3
4230	3
4231	3
4232	3
4233	3
4234	3
4235	3
4236	3
4237	3
4238	3
4239	3
4240	3
4241	3
4242	3
4243	3
4244	3
4245	3
4246	3
4247	3
4248	3
4249	3
4250	3
4251	3
4252	3
4253	3
4254	3
4255	3
4256	3
4257	3
4258	3
4259	3
4260	3
4261	3
4262	3
4263	3
4264	3
4265	3
4266	3
4267	3
4268	3
4269	3
4270	3
4271	3
4272	3
4273	3
4274	3
4275	3
4276	3
4277	3
4278	3
4279	3
4280	3
4281	3
4282	3
4283	3
4284	3
4285	3
4286	3
4287	3
4288	3
4289	3
4290	3
4291	3
4292	3
4293	3
4294	3
4295	3
4296	3
4297	3
4298	3
4299	3
4300	3
4301	3
4302	3
4303	3
4304	3
4305	3
4306	3
4307	3
4308	3
4309	3
4310	3
4311	3
4312	3
4313	3
4314	3
4315	3
4316	3
4317	3
4318	3
4319	3
4320	3
4321	3
4322	3
4323	3
4324	3
4325	3
4326	3
4327	3
4328	3
4329	3
4330	3
4331	3
4332	3
4333	3
4334	3
4335	3
4336	3
4337	3
4338	3
4339	3
4340	3
4341	3
4342	3
4343	3
4344	3
4345	3
4346	3
4347	3
4348	3
4349	3
4350	3
4351	3
4352	3
4353	3
4354	3
4355	3
4356	3
4357	3
4358	3
4359	3
4360	3
4361	3
4362	3
4363	3
4364	3
4365	3
4366	3
4367	3
4368	3
4369	3
4370	3
4371	3
4372	3
4373	3
4374	3
4375	3
4376	3
4377	3
4378	3
4379	3
4380	3
4381	3
4382	3
4383	3
4384	3
4385	3
4386	3
4387	3
4388	3
4389	3
4390	3
4391	3
4392	3
4393	3
4394	3
4395	3
4396	3
4397	3
4398	3
4399	3
4400	3
4401	3
4402	3
4403	3
4404	3
4405	3
4406	3
4407	3
4408	3
4409	3
4410	3
4411	3
4412	3
4413	3
4414	3
4415	3
4416	3
4417	3
4418	3
4419	3
4420	3
4421	3
4422	3
4423	3
4424	3
4425	3
4426	3
4427	3
4428	3
4429	3
4430	3
4431	3
4432	3
4433	3
4434	3
4435	3
4436	3
4437	3
4438	3
4439	3
4440	3
4441	3
4442	3
4443	3
4444	3
4445	3
4446	3
4447	3
4448	3
4449	3
4450	3
4451	3
4452	3
4453	3
4454	3
4455	3
4456	3
4457	3
4458	3
4459	3
4460	3
4461	3
4462	3
4463	3
4464	3
4465	3
4466	3
4467	3
4468	3
4469	3
4470	3
4471	3
4472	3
4473	3
4474	3
4475	3
4476	3
4477	3
4478	3
4479	3
4480	3
4481	3
4482	3
4483	3
4484	3
4485	3
4486	3
4487	3
4488	3
4489	3
4490	3
4491	3
4492	3
4493	3
4494	3
4495	3
4496	3
4497	3
4498	3
4499	3
4500	3
4501	3
4502	3
4503	3
4504	3
4505	3
4506	3
4507	3
4508	3
4509	3
4510	3
4511	3
4512	3
4513	3
4514	3
4515	3
4516	3
4517	3
4518	3
4519	3
4520	3
4521	3
4522	3
4523	3
4524	3
4525	3
4526	3
4527	3
4528	3
4529	3
4530	3
4531	3
4532	3
4533	3
4534	3
4535	3
4536	3
4537	3
4538	3
4539	3
4540	3
4541	3
4542	3
4543	3
4544	3
4545	3
4546	3
4547	3
4548	3
4549	3
4550	3
4551	3
4552	3
4553	3
4554	3
4555	3
4556	3
4557	3
4558	3
4559	3
4560	3
4561	3
4562	3
4563	3
4564	3
4565	3
4566	3
4567	3
4568	3
4569	3
4570	3
4571	3
4572	3
4573	3
4574	3
4575	3
4576	3
4577	3
4578	3
4579	3
4580	3
4581	3
4582	3
4583	3
4584	3
4585	3
4586	3
4587	3
4588	3
4589	3
4590	3
4591	3
4592	3
4593	3
4594	3
4595	3
4596	3
4597	3
4598	3
4599	3
4600	3
4601	3
4602	3
4603	3
4604	3
4605	3
4606	3
4607	3
4608	3
4609	3
4610	3
4611	3
4612	3
4613	3
4614	3
4615	3
4616	3
4617	3
4618	3
4619	3
4620	3
4621	3
4622	3
4623	3
4624	3
4625	3
4626	3
4627	3
4628	3
4629	3
4630	3
4631	3
4632	3
4633	3
4634	3
4635	3
4636	3
4637	3
4638	3
4639	3
4640	3
4641	3
4642	3
4643	3
4644	3
4645	3
4646	3
4647	3
4648	3
4649	3
4650	3
4651	3
4652	3
4653	3
4654	3
4655	3
4656	3
4657	3
4658	3
4659	3
4660	3
4661	3
4662	3
4663	3
4664	3
4665	3
4666	3
4667	3
4668	3
4669	3
4670	3
4671	3
4672	3
4673	3
4674	3
4675	3
4676	3
4677	3
4678	3
4679	3
4680	3
4681	3
4682	3
4683	3
4684	3
4685	3
4686	3
4687	3
4688	3
4689	3
4690	3
4691	3
4692	3
4693	3
4694	3
4695	3
4696	3
4697	3
4698	3
4699	3
4700	3
4701	3
4702	3
4703	3
4704	3
4705	3
4706	3
4707	3
4708	3
4709	3
4710	3
4711	3
4712	3
4713	3
4714	3
4715	3
4716	3
4717	3
4718	3
4719	3
4720	3
4721	3
4722	3
4723	3
4724	3
4725	3
4726	3
4727	3
4728	3
4729	3
4730	3
4731	3
4732	3
4733	3
4734	3
4735	3
4736	3
4737	3
4738	3
4739	3
4740	3
4741	3
4742	3
4743	3
4744	3
4745	3
4746	3
4747	3
4748	3
4749	3
4750	3
4751	3
4752	3
4753	3
4754	3
4755	3
4756	3
4757	3
4758	3
4759	3
4760	3
4761	3
4762	3
4763	3
4764	3
4765	3
4766	3
4767	3
4768	3
4769	3
4770	3
4771	3
4772	3
4773	3
4774	3
4775	3
4776	3
4777	3
4778	3
4779	3
4780	3
4781	3
4782	2
4783	2
4784	2
4785	2
4786	2
4787	2
4788	2
4789	2
4790	2
4791	2
4792	2
4793	2
4794	2
4795	2
4796	2
4797	2
4798	2
4799	2
4800	2
4801	2
4802	2
4803	2
4804	2
4805	2
4806	2
4807	2
4808	2
4809	2
4810	2
4811	2
4812	2
4813	2
4814	2
4815	2
4816	2
4817	2
4818	2
4819	2
4820	2
4821	2
4822	2
4823	2
4824	2
4825	2
4826	2
4827	2
4828	2
4829	2
4830	2
4831	2
4832	2
4833	2
4834	2
4835	2
4836	2
4837	2
4838	2
4839	2
4840	2
4841	2
4842	2
4843	2
4844	2
4845	2
4846	2
4847	2
4848	2
4849	2
4850	2
4851	2
4852	2
4853	2
4854	2
4855	2
4856	2
4857	2
4858	2
4859	2
4860	2
4861	2
4862	2
4863	2
4864	2
4865	2
4866	2
4867	2
4868	2
4869	2
4870	2
4871	2
4872	2
4873	2
4874	2
4875	2
4876	2
4877	2
4878	2
4879	2
4880	2
4881	2
4882	2
4883	2
4884	2
4885	2
4886	2
4887	2
4888	2
4889	2
4890	2
4891	2
4892	2
4893	2
4894	2
4895	2
4896	2
4897	2
4898	2
4899	2
4900	2
4901	2
4902	2
4903	2
4904	2
4905	2
4906	2
4907	2
4908	2
4909	2
4910	2
4911	2
4912	2
4913	2
4914	2
4915	2
4916	2
4917	2
4918	2
4919	2
4920	2
4921	2
4922	2
4923	2
4924	2
4925	2
4926	2
4927	2
4928	2
4929	2
4930	2
4931	2
4932	2
4933	2
4934	2
4935	2
4936	2
4937	2
4938	2
4939	2
4940	2
4941	2
4942	2
4943	2
4944	2
4945	2
4946	2
4947	2
4948	2
4949	2
4950	2
4951	2
4952	2
4953	2
4954	2
4955	2
4956	2
4957	2
4958	2
4959	2
4960	2
4961	2
4962	2
4963	2
4964	2
4965	2
4966	2
4967	2
4968	2
4969	2
4970	2
4971	2
4972	2
4973	2
4974	2
4975	2
4976	2
4977	2
4978	2
4979	2
4980	2
4981	2
4982	2
4983	2
4984	2
4985	2
4986	2
4987	2
4988	2
4989	2
4990	2
4991	2
4992	2
4993	2
4994	2
4995	2
4996	2
4997	2
4998	2
4999	2
5000	2
5001	2
5002	1
5003	1
5004	1
5005	1
5006	1
5007	1
5008	1
5009	1
5010	1
5011	1
5012	1
5013	1
5014	1
5015	1
5016	1
5017	1
5018	1
5019	1
5020	1
5021	1
5022	1
5023	1
5024	1
5025	1
5026	1
5027	1
5028	1
5029	1
5030	1
5031	1
5032	1
5033	1
5034	1
5035	1
5036	1
5037	1
5038	1
5039	1
5040	1
5041	1
5042	1
5043	1
5044	1
5045	1
5046	1
5047	1
5048	1
5049	1
5050	1
5051	1
5052	1
5053	1
5054	1
5055	1
5056	1
5057	1
5058	1
5059	1
5060	1
5061	1
5062	1
5063	1
5064	1
5065	1
5066	1
5067	1
5068	1
5069	1
5070	1
5071	1
5072	1
5073	1
5074	1
5075	1
5076	1
5077	1
5078	1
5079	1
5080	1
5081	1
5082	1
5083	1
5084	1
5085	1
5086	1
5087	1
5088	1
5089	1
5090	1
5091	1
5092	1
5093	1
5094	1
5095	1
5096	1
5097	1
5098	1
5099	1
5100	1
5101	1
5102	1
5103	1
5104	1
5105	1
5106	1
5107	1
5108	1
5109	1
5110	1
5111	1
5112	1
5113	1
5114	1
5115	1
5116	1
5117	1
5118	1
5119	1
5120	1
5121	1
5122	1
5123	1
5124	1
5125	1
5126	1
5127	1
5128	1
5129	1
5130	1
5131	1
5132	1
5133	1
5134	1
5135	1
5136	1
5137	1
5138	1
5139	1
5140	1
5141	1
5142	1
5143	1
5144	1
5145	1
5146	1
5147	1
5148	1
5149	1
5150	1
5151	1
5152	1
5153	1
5154	1
5155	1
5156	1
5157	1
5158	1
5159	1
5160	1
5161	1
5162	1
5163	1
5164	1
5165	1
5166	1
5167	1
5168	1
5169	1
5170	1
5171	1
5172	1
5173	1
5174	1
5175	1
5176	1
5177	1
5178	1
5179	1
5180	1
5181	1
5182	1
5183	1
5184	1
5185	1
5186	1
5187	1
5188	1
5189	1
5190	1
5191	1
5192	1
5193	1
5194	1
5195	1
5196	1
5197	1
5198	1
5199	1
5200	1
5201	1
5202	1
5203	1
5204	1
5205	1
5206	1
5207	1
5208	1
5209	1
5210	1
5211	1
5212	1
5213	1
5214	1
5215	1
5216	1
5217	1
5218	1
5219	1
5220	1
5221	1
5222	1
5223	1
5224	1
5225	1
5226	1
5227	1
5228	1
5229	1
5230	1
5231	1
5232	1
5233	1
5234	1
5235	1
5236	1
5237	1
5238	1
5239	1
5240	1
5241	1
5242	1
5243	1
5244	1
5245	1
5246	1
5247	1
5248	1
5249	1
5250	1
5251	1
5252	1
5253	1
5254	1
5255	1
5256	1
5257	1
5258	1
5259	1
5260	1
5261	1
5262	1
5263	1
5264	1
5265	1
5266	1
5267	1
5268	1
5269	1
5270	1
5271	1
5272	1
5273	1
5274	1
5275	1
5276	1
5277	1
5278	1
5279	1
5280	1
5281	1
5282	1
5283	1
5284	1
5285	1
5286	1
5287	1
5288	1
5289	1
5290	1
5291	1
5292	1
5293	1
5294	1
5295	1
5296	1
5297	1
5298	1
5299	1
5300	1
5301	1
5302	1
5303	1
5304	1
5305	1
5306	1
5307	1
5308	1
5309	1
5310	1
5311	1
5312	1
5313	1
5314	1
5315	1
5316	1
5317	1
5318	1
5319	1
5320	1
5321	1
5322	1
5323	1
5324	1
5325	1
5326	1
5327	1
5328	1
5329	1
5330	1
5331	1
5332	1
5333	1
5334	1
5335	1
5336	1
5337	1
5338	1
5339	1
5340	1
5341	1
5342	1
5343	1
5344	1
5345	1
5346	1
5347	1
5348	1
5349	1
5350	1
5351	1
5352	1
5353	1
5354	1
5355	1
5356	1
5357	1
5358	1
5359	1
5360	1
5361	1
5362	1
5363	1
5364	1
5365	1
5366	1
5367	1
5368	1
5369	1
5370	1
5371	1
5372	1
5373	1
5374	1
5375	1
5376	1
5377	1
5378	1
5379	1
5380	1
5381	1
5382	1
5383	1
5384	1
5385	1
5386	1
5387	1
5388	1
5389	1
5390	1
5391	1
5392	1
5393	1
5394	1
5395	1
5396	1
5397	1
5398	1
5399	1
5400	1
5401	1
5402	1
5403	1
5404	1
5405	1
5406	1
5407	1
5408	1
5409	1
5410	1
5411	1
5412	1
5413	1
5414	1
5415	1
5416	1
5417	1
5418	1
5419	1
5420	1
5421	1
5422	1
5423	1
5424	1
5425	1
5426	1
5427	1
5428	1
5429	1
5430	1
5431	1
5432	1
5433	1
5434	1
5435	1
5436	1
5437	1
5438	1
5439	1
5440	1
5441	1
5442	1
5443	1
5444	1
5445	1
5446	1
5447	1
5448	1
5449	1
5450	1
5451	1
5452	1
5453	1
5454	1
5455	1
5456	1
5457	1
5458	1
5459	1
5460	1
5461	1
5462	1
5463	1
5464	1
5465	1
5466	1
5467	1
5468	1
5469	1
5470	1
5471	1
5472	1
5473	1
5474	1
5475	1
5476	1
5477	1
5478	1
5479	1
5480	1
5481	1
5482	1
5483	1
5484	1
5485	1
5486	1
5487	1
5488	1
5489	1
5490	1
5491	1
5492	1
5493	1
5494	1
5495	1
5496	1
5497	1
5498	1
5499	1
5500	1
5501	1
5502	1
5503	1
5504	1
5505	1
5506	1
5507	1
5508	1
5509	2
5510	1
5511	1
5512	1
5513	1
5514	1
5515	1
5516	1
5517	1
5518	2
5519	2
5520	2
5521	2
5522	2
5523	2
5524	2
5525	2
5526	2
5527	2
5528	2
5529	2
5530	3
5531	3
5532	3
5533	2
5534	2
5535	2
5536	2
5537	2
5538	2
5539	2
5540	2
5541	2
5542	1
5543	1
5544	2
5545	2
5546	1
5547	1
5548	1
5549	1
5550	1
5551	1
5552	1
5553	1
5554	1
5555	1
5556	1
5557	1
5558	1
5559	1
5560	1
5561	1
5562	1
5563	1
5564	1
5565	1
5566	1
5567	1
5568	1
5569	1
5570	1
5571	1
5572	1
5573	1
5574	1
5575	1
5576	1
5577	1
5578	1
5579	1
5580	1
5581	1
5582	1
5583	1
5584	1
5585	1
5586	1
5587	1
5588	1
5589	1
5590	1
5591	1
5592	1
5593	1
5594	1
5595	1
5596	1
5597	1
5598	1
5599	1
5600	1
5601	1
5602	1
5603	1
5604	1
5605	1
5606	1
5607	1
5608	1
5609	1
5610	1
5611	1
5612	1
5613	1
5614	1
5615	1
5616	1
5617	1
5618	1
5619	1
5620	1
5621	1
5622	1
5623	1
5624	1
5625	1
5626	1
5627	1
5628	1
5629	1
5630	1
5631	1
5632	1
5633	1
5634	1
5635	1
5636	1
5637	1
5638	1
5639	1
5640	1
5641	1
5642	1
5643	1
5644	1
5645	1
5646	1
5647	1
5648	1
5649	1
5650	1
5651	1
5652	1
5653	1
5654	1
5655	1
5656	1
5657	1
5658	1
5659	1
5660	1
5661	1
5662	1
5663	1
5664	1
5665	1
5666	1
5667	1
5668	1
5669	1
5670	1
5671	1
5672	1
5673	1
5674	1
5675	1
5676	1
5677	1
5678	1
5679	1
5680	1
5681	1
5682	1
5683	1
5684	1
5685	1
5686	1
5687	1
5688	1
5689	1
5690	1
5691	1
5692	1
5693	1
5694	1
5695	1
5696	1
5697	1
5698	1
5699	1
5700	1
5701	1
5702	1
5703	1
5704	1
5705	1
5706	1
5707	1
5708	1
5709	1
5710	1
5711	1
5712	1
5713	1
5714	1
5715	1
5716	1
5717	1
5718	1
5719	1
5720	1
5721	1
5722	1
5723	1
5724	1
5725	1
5726	1
5727	1
5728	1
5729	1
5730	1
5731	1
5732	1
5733	1
5734	1
5735	1
5736	1
5737	1
5738	1
5739	1
5740	1
5741	1
5742	1
5743	1
5744	1
5745	1
5746	1
5747	1
5748	1
5749	1
5750	1
5751	1
5752	1
5753	1
5754	1
5755	1
5756	1
5757	1
5758	1
5759	1
5760	1
5761	1
5762	1
5763	1
5764	1
5765	1
5766	1
5767	1
5768	1
5769	1
5770	1
5771	1
5772	1
5773	1
5774	1
5775	1
5776	1
5777	1
5778	1
5779	1
5780	1
5781	1
5782	1
5783	1
5784	1
5785	1
5786	1
5787	1
5788	1
5789	1
5790	1
5791	1
5792	1
5793	1
5794	1
5795	1
5796	1
5797	1
5798	1
5799	1
5800	1
5801	1
5802	1
5803	1
5804	1
5805	1
5806	1
5807	1
5808	1
5809	1
5810	1
5811	1
5812	1
5813	1
5814	1
5815	1
5816	1
5817	1
5818	1
5819	1
5820	1
5821	1
5822	1
5823	1
5824	1
5825	1
5826	1
5827	1
5828	1
5829	1
5830	1
5831	1
5832	1
5833	1
5834	1
5835	1
5836	1
5837	1
5838	1
5839	1
5840	1
5841	1
5842	1
5843	1
5844	1
5845	1
5846	1
5847	1
5848	1
5849	1
5850	1
5851	1
5852	1
5853	1
5854	1
5855	1
5856	1
5857	1
5858	1
5859	1
5860	1
5861	1
5862	1
5863	1
5864	1
5865	1
5866	1
5867	1
5868	1
5869	1
5870	1
5871	1
5872	1
5873	1
5874	1
5875	1
5876	1
5877	1
5878	1
5879	1
5880	1
5881	1
5882	1
5883	1
5884	1
5885	1
5886	1
5887	1
5888	1
5889	1
5890	1
5891	1
5892	1
5893	1
5894	1
5895	1
5896	1
5897	1
5898	1
5899	1
5900	1
5901	1
5902	1
5903	1
5904	1
5905	1
5906	1
5907	1
5908	1
5909	1
5910	1
5911	1
5912	1
5913	1
5914	1
5915	1
5916	1
5917	1
5918	1
5919	1
5920	1
5921	1
5922	1
5923	1
5924	1
5925	1
5926	1
5927	1
5928	1
5929	1
5930	1
5931	1
5932	1
5933	1
5934	1
5935	1
5936	1
5937	1
5938	1
5939	1
5940	1
5941	1
5942	1
5943	1
5944	1
5945	1
5946	1
5947	1
5948	1
5949	1
5950	1
5951	1
5952	1
5953	1
5954	1
5955	1
5956	1
5957	1
5958	1
5959	1
5960	1
5961	1
5962	1
5963	1
5964	1
5965	1
5966	1
5967	1
5968	1
5969	1
5970	1
5971	1
5972	1
5973	1
5974	1
5975	1
5976	1
5977	1
5978	1
5979	1
5980	1
5981	1
5982	1
5983	1
5984	1
5985	1
5986	1
5987	1
5988	1
5989	1
5990	1
5991	1
5992	1
5993	1
5994	1
5995	1
5996	1
5997	1
5998	1
5999	1
6000	1
6001	1
6002	1
6003	1
6004	1
6005	1
6006	1
6007	1
6008	1
6009	1
6010	1
6011	1
6012	1
6013	1
6014	1
6015	1
6016	1
6017	1
6018	1
6019	1
6020	1
6021	1
6022	1
6023	1
6024	1
6025	1
6026	1
6027	1
6028	1
6029	1
6030	1
6031	1
6032	1
6033	1
6034	1
6035	1
6036	1
6037	1
6038	1
6039	1
6040	1
6041	1
6042	1
6043	1
6044	1
6045	1
6046	1
6047	1
6048	1
6049	1
6050	1
6051	1
6052	1
6053	1
6054	1
6055	1
6056	1
6057	1
6058	1
6059	1
6060	1
6061	1
6062	1
6063	1
6064	1
6065	1
6066	1
6067	1
6068	1
6069	1
6070	1
6071	1
6072	1
6073	1
6074	1
6075	1
6076	1
6077	1
6078	1
6079	1
6080	1
6081	1
6082	1
6083	1
6084	1
6085	1
6086	1
6087	1
6088	1
6089	1
6090	1
6091	1
6092	1
6093	1
6094	1
6095	1
6096	1
6097	1
6098	1
6099	1
6100	1
6101	1
6102	1
6103	1
6104	1
6105	1
6106	1
6107	1
6108	1
6109	1
6110	1
6111	1
6112	1
6113	1
6114	1
6115	1
6116	1
6117	1
6118	1
6119	1
6120	1
6121	1
6122	1
6123	1
6124	1
6125	1
6126	1
6127	1
6128	1
6129	1
6130	1
6131	1
6132	1
6133	1
6134	1
6135	1
6136	1
6137	1
6138	1
6139	1
6140	1
6141	1
6142	1
6143	1
6144	1
6145	1
6146	1
6147	1
6148	1
6149	1
6150	1
6151	1
6152	1
6153	1
6154	1
6155	1
6156	1
6157	1
6158	1
6159	1
6160	1
6161	1
6162	1
6163	1
6164	1
6165	1
6166	1
6167	1
6168	1
6169	1
6170	1
6171	1
6172	1
6173	1
6174	1
6175	1
6176	1
6177	1
6178	1
6179	1
6180	1
6181	1
6182	1
6183	1
6184	1
6185	1
6186	1
6187	1
6188	1
6189	1
6190	1
6191	1
6192	1
6193	1
6194	1
6195	1
6196	1
6197	1
6198	1
6199	1
6200	1
6201	1
6202	1
6203	1
6204	1
6205	1
6206	1
6207	1
6208	1
6209	1
6210	1
6211	1
6212	1
6213	1
6214	1
6215	1
6216	1
6217	1
6218	1
6219	1
6220	1
6221	1
6222	1
6223	1
6224	1
6225	1
6226	1
6227	1
6228	1
6229	1
6230	1
6231	1
6232	1
6233	1
6234	1
6235	1
6236	1
6237	1
6238	1
6239	1
6240	1
6241	1
6242	1
6243	1
6244	1
6245	1
6246	1
6247	1
6248	1
6249	1
6250	1
6251	1
6252	1
6253	1
6254	1
6255	1
6256	1
6257	1
6258	1
6259	1
6260	1
6261	1
6262	1
6263	1
6264	1
6265	1
6266	1
6267	1
6268	1
6269	1
6270	1
6271	1
6272	1
6273	1
6274	1
6275	1
6276	1
6277	1
6278	1
6279	1
6280	1
6281	1
6282	1
6283	1
6284	1
6285	1
6286	1
6287	1
6288	1
6289	1
6290	1
6291	1
6292	1
6293	1
6294	1
6295	1
6296	1
6297	1
6298	1
6299	1
6300	1
6301	1
6302	1
6303	1
6304	1
6305	1
6306	1
6307	1
6308	1
6309	1
6310	1
6311	1
6312	1
6313	1
6314	1
6315	1
6316	1
6317	1
6318	1
6319	1
6320	1
6321	1
6322	1
6323	1
6324	1
6325	1
6326	1
6327	1
6328	1
6329	1
6330	1
6331	1
6332	1
6333	1
6334	1
6335	1
6336	1
6337	1
6338	1
6339	1
6340	1
6341	1
6342	1
6343	1
6344	1
6345	1
6346	1
6347	1
6348	1
6349	1
6350	1
6351	1
6352	1
6353	1
6354	1
6355	1
6356	1
6357	1
6358	1
6359	1
6360	1
6361	1
6362	1
6363	1
6364	1
6365	1
6366	1
6367	1
6368	1
6369	1
6370	1
6371	1
6372	1
6373	1
6374	1
6375	1
6376	1
6377	1
6378	1
6379	1
6380	1
6381	1
6382	1
6383	1
6384	1
6385	1
6386	1
6387	1
6388	1
6389	1
6390	1
6391	1
6392	1
6393	1
6394	1
6395	1
6396	1
6397	1
6398	1
6399	1
6400	1
6401	1
6402	1
6403	1
6404	1
6405	1
6406	1
6407	1
6408	1
6409	1
6410	1
6411	1
6412	1
6413	1
6414	1
6415	1
6416	1
6417	1
6418	1
6419	1
6420	1
6421	1
6422	1
6423	1
6424	1
6425	1
6426	1
6427	1
6428	1
6429	1
6430	1
6431	1
6432	1
6433	1
6434	1
6435	1
6436	1
6437	1
6438	1
6439	1
6440	1
6441	1
6442	1
6443	1
6444	1
6445	1
6446	1
6447	1
6448	1
6449	1
6450	1
6451	1
6452	1
6453	1
6454	1
6455	1
6456	1
6457	1
6458	1
6459	1
6460	1
6461	1
6462	1
6463	1
6464	1
6465	1
6466	1
6467	1
6468	1
6469	1
6470	1
6471	1
6472	1
6473	1
6474	1
6475	1
6476	1
6477	1
6478	1
6479	1
6480	1
6481	1
6482	1
6483	1
6484	1
6485	1
6486	1
6487	1
6488	1
6489	1
6490	1
6491	1
6492	1
6493	1
6494	1
6495	1
6496	1
6497	1
6498	1
6499	1
6500	1
6501	1
6502	1
6503	1
6504	1
6505	1
6506	1
6507	1
6508	1
6509	1
6510	1
6511	1
6512	1
6513	1
6514	1
6515	1
6516	1
6517	1
6518	1
6519	1
6520	1
6521	1
6522	1
6523	1
6524	1
6525	1
6526	1
6527	1
6528	1
6529	1
6530	1
6531	1
6532	1
6533	1
6534	1
6535	1
6536	1
6537	1
6538	1
6539	1
6540	1
6541	1
6542	1
6543	1
6544	1
6545	1
6546	1
6547	1
6548	1
6549	1
6550	1
6551	1
6552	1
6553	1
6554	1
6555	1
6556	1
6557	1
6558	1
6559	1
6560	1
6561	1
6562	1
6563	1
6564	1
6565	1
6566	1
6567	1
6568	1
6569	1
6570	1
6571	1
6572	1
6573	1
6574	1
6575	1
6576	1
6577	1
6578	1
6579	1
6580	1
6581	1
6582	1
6583	1
6584	1
6585	1
6586	1
6587	1
6588	1
6589	1
6590	1
6591	1
6592	1
6593	1
6594	1
6595	1
6596	1
6597	1
6598	1
6599	1
6600	1
6601	1
6602	1
6603	1
6604	1
6605	1
6606	1
6607	1
6608	1
6609	1
6610	1
6611	1
6612	1
6613	1
6614	1
6615	1
6616	1
6617	1
6618	1
6619	1
6620	1
6621	1
6622	1
6623	1
6624	1
6625	1
6626	1
6627	1
6628	1
6629	1
6630	1
6631	1
6632	1
6633	1
6634	1
6635	1
6636	1
6637	1
6638	1
6639	1
6640	1
6641	1
6642	1
6643	1
6644	1
6645	1
6646	1
6647	1
6648	1
6649	1
6650	1
6651	1
6652	1
6653	1
6654	1
6655	1
6656	1
6657	1
6658	1
6659	1
6660	1
6661	1
6662	1
6663	1
6664	1
6665	1
6666	1
6667	1
6668	1
6669	1
6670	1
6671	1
6672	1
6673	1
6674	1
6675	1
6676	1
6677	1
6678	1
6679	1
6680	1
6681	1
6682	1
6683	1
6684	1
6685	1
6686	1
6687	1
6688	1
6689	1
6690	1
6691	1
6692	1
6693	1
6694	1
6695	1
6696	1
6697	1
6698	1
6699	1
6700	1
6701	1
6702	1
6703	1
6704	1
6705	1
6706	1
6707	1
6708	1
6709	1
6710	1
6711	1
6712	1
6713	1
6714	1
6715	1
6716	1
6717	1
6718	1
6719	1
6720	1
6721	1
6722	1
6723	1
6724	1
6725	1
6726	1
6727	1
6728	1
6729	1
6730	1
6731	1
6732	1
6733	1
6734	1
6735	1
6736	1
6737	1
6738	1
6739	1
6740	1
6741	1
6742	1
6743	1
6744	1
6745	1
6746	1
6747	1
6748	1
6749	1
6750	1
6751	1
6752	1
6753	1
6754	1
6755	1
6756	1
6757	1
6758	1
6759	1
6760	1
6761	1
6762	1
6763	1
6764	1
6765	1
6766	1
6767	1
6768	1
6769	1
6770	1
6771	1
6772	1
6773	1
6774	1
6775	1
6776	1
6777	1
6778	1
6779	1
6780	1
6781	1
6782	1
6783	1
6784	1
6785	1
6786	1
6787	1
6788	1
6789	1
6790	1
6791	1
6792	1
6793	1
6794	1
6795	1
6796	1
6797	1
6798	1
6799	1
6800	1
6801	1
6802	1
6803	1
6804	1
6805	1
6806	1
6807	1
6808	1
6809	1
6810	1
6811	1
6812	1
6813	1
6814	1
6815	1
6816	1
6817	1
6818	1
6819	1
6820	1
6821	1
6822	1
6823	1
6824	1
6825	1
6826	1
6827	1
6828	1
6829	1
6830	1
6831	1
6832	1
6833	1
6834	1
6835	1
6836	1
6837	1
6838	1
6839	1
6840	1
6841	1
6842	1
6843	1
6844	1
6845	1
6846	1
6847	1
6848	1
6849	1
6850	1
6851	1
6852	1
6853	1
6854	1
6855	1
6856	1
6857	1
6858	1
6859	1
6860	1
6861	1
6862	1
6863	1
6864	1
6865	1
6866	1
6867	1
6868	1
6869	1
6870	1
6871	1
6872	1
6873	1
6874	1
6875	1
6876	1
6877	1
6878	1
6879	1
6880	1
6881	1
6882	1
6883	1
6884	1
6885	1
6886	1
6887	1
6888	1
6889	1
6890	1
6891	1
6892	1
6893	1
6894	1
6895	1
6896	1
6897	1
6898	1
6899	1
6900	1
6901	1
6902	1
6903	1
6904	1
6905	1
6906	1
6907	1
6908	1
6909	1
6910	1
6911	1
6912	1
6913	1
6914	1
6915	1
6916	1
6917	1
6918	1
6919	1
6920	1
6921	1
6922	1
6923	1
6924	1
6925	1
6926	1
6927	1
6928	1
6929	1
6930	1
6931	1
6932	1
6933	1
6934	1
6935	1
6936	1
6937	1
6938	1
6939	1
6940	1
6941	1
6942	1
6943	1
6944	1
6945	1
6946	1
6947	1
6948	1
6949	1
6950	1
6951	1
6952	1
6953	1
6954	1
6955	1
6956	1
6957	1
6958	1
6959	1
6960	1
6961	1
6962	1
6963	1
6964	1
6965	1
6966	1
6967	1
6968	1
6969	1
6970	1
6971	1
6972	1
6973	1
6974	1
6975	1
6976	1
6977	1
6978	1
6979	1
6980	1
6981	1
6982	1
6983	1
6984	1
6985	1
6986	1
6987	1
6988	1
6989	1
6990	1
6991	1
6992	1
6993	1
6994	1
6995	1
6996	1
6997	1
6998	1
6999	1
7000	1
7001	1
7002	1
7003	1
7004	1
7005	1
7006	1
7007	1
7008	1
7009	1
7010	1
7011	1
7012	1
7013	1
7014	1
7015	1
7016	1
7017	1
7018	1
7019	1
7020	1
7021	1
7022	1
7023	1
7024	1
7025	1
7026	1
7027	1
7028	1
7029	1
7030	1
7031	1
7032	1
7033	1
7034	1
7035	1
7036	1
7037	1
7038	1
7039	1
7040	1
7041	1
7042	1
7043	1
7044	1
7045	1
7046	1
7047	1
7048	1
7049	1
7050	1
7051	1
7052	1
7053	1
7054	1
7055	1
7056	1
7057	1
7058	1
7059	1
7060	1
7061	1
7062	1
7063	1
7064	1
7065	1
7066	1
7067	1
7068	1
7069	1
7070	1
7071	1
7072	1
7073	1
7074	1
7075	1
7076	1
7077	1
7078	1
7079	1
7080	1
7081	1
7082	1
7083	1
7084	1
7085	1
7086	1
7087	1
7088	1
7089	1
7090	1
7091	1
7092	1
7093	1
7094	1
7095	1
7096	1
7097	1
7098	1
7099	1
7100	1
7101	1
7102	1
7103	1
7104	1
7105	1
7106	1
7107	1
7108	1
7109	1
7110	1
7111	1
7112	1
7113	1
7114	1
7115	1
7116	1
7117	1
7118	1
7119	1
7120	1
7121	1
7122	1
7123	1
7124	1
7125	1
7126	1
7127	1
7128	1
7129	1
7130	1
7131	1
7132	1
7133	1
7134	1
7135	1
7136	1
7137	1
7138	1
7139	1
7140	1
7141	1
7142	1
7143	1
7144	1
7145	1
7146	1
7147	1
7148	1
7149	1
7150	1
7151	1
7152	1
7153	1
7154	1
7155	1
7156	1
7157	1
7158	1
7159	1
7160	1
7161	1
7162	1
7163	1
7164	1
7165	1
7166	1
7167	1
7168	1
7169	1
7170	1
7171	1
7172	1
7173	1
7174	1
7175	1
7176	1
7177	1
7178	1
7179	1
7180	1
7181	1
7182	1
7183	1
7184	1
7185	1
7186	1
7187	1
7188	1
7189	1
7190	1
7191	1
7192	1
7193	1
7194	1
7195	1
7196	1
7197	1
7198	1
7199	1
7200	1
7201	1
7202	1
7203	1
7204	1
7205	1
7206	1
7207	1
7208	1
7209	1
7210	1
7211	1
7212	1
7213	1
7214	1
7215	1
7216	1
7217	1
7218	1
7219	1
7220	1
7221	1
7222	1
7223	1
7224	1
7225	1
7226	1
7227	1
7228	1
7229	1
7230	1
7231	1
7232	1
7233	1
7234	1
7235	1
7236	1
7237	1
7238	1
7239	1
7240	1
7241	1
7242	1
7243	1
7244	1
7245	1
7246	1
7247	1
7248	1
7249	1
7250	1
7251	1
7252	0
7253	1
7254	1
7255	1
7256	0
7257	1
7258	1
7259	0
7260	1
7261	1
7262	0
7263	1
7264	1
7265	0
7266	1
7267	1
7268	0
7269	1
7270	1
7271	0
7272	1
7273	1
7274	0
7275	1
7276	1
7277	0
7278	1
7279	1
7280	0
7281	1
7282	0
7283	1
7284	0
7285	1
7286	0
7287	1
7288	0
7289	1
7290	0
7291	1
7292	0
7293	1
7294	0
7295	1
7296	0
7297	1
7298	0
7299	1
7300	0
7301	1
7302	0
7303	0
7304	1
7305	0
7306	1
7307	0
7308	0
7309	1
7310	0
7311	0
7312	1
7313	0
7314	0
7315	1
7316	0
7317	0
7318	1
7319	0
7320	0
7321	1
7322	0
7323	0
7324	1
7325	0
7326	0
7327	1
7328	0
7329	0
7330	1
7331	0
7332	0
7333	1
7334	0
7335	0
7336	1
7337	0
7338	0
7339	1
7340	0
7341	0
7342	1
7343	0
7344	0
7345	0
7346	1
7347	0
7348	0
7349	0
7350	1
7351	0
7352	0
7353	0
7354	1
7355	0
7356	0
7357	0
7358	1
7359	0
7360	0
7361	0
7362	1
7363	0
7364	0
7365	0
7366	0
7367	1
7368	0
7369	0
7370	0
7371	0
7372	1
7373	0
7374	0
7375	0
7376	0
7377	1
7378	0
