1	9
2	14
3	13
4	14
5	13
6	13
7	13
8	13
9	14
10	13
11	14
12	13
13	13
14	13
15	12
16	12
17	12
18	12
19	12
20	13
21	12
22	13
23	13
24	13
25	12
26	12
27	12
28	13
29	12
30	13
31	12
32	12
33	12
34	13
35	11
36	12
37	12
38	12
39	12
40	12
41	12
42	12
43	12
44	12
45	12
46	12
47	12
48	12
49	12
50	12
51	13
52	12
53	12
54	12
55	13
56	12
57	12
58	12
59	12
60	12
61	12
62	12
63	12
64	12
65	12
66	12
67	11
68	13
69	12
70	12
71	12
72	11
73	12
74	12
75	12
76	11
77	12
78	12
79	12
80	12
81	12
82	12
83	12
84	12
85	12
86	11
87	12
88	12
89	12
90	12
91	12
92	11
93	12
94	12
95	12
96	13
97	11
98	12
99	12
100	12
101	12
102	12
103	12
104	12
105	12
106	14
107	12
108	12
109	13
110	12
111	12
112	12
113	13
114	12
115	12
116	12
117	11
118	12
119	12
120	13
121	12
122	11
123	12
124	12
125	12
126	12
127	12
128	12
129	11
130	11
131	12
132	11
133	12
134	12
135	12
136	13
137	12
138	12
139	12
140	12
141	11
142	13
143	12
144	11
145	12
146	13
147	13
148	12
149	12
150	12
151	12
152	12
153	13
154	12
155	12
156	12
157	12
158	12
159	12
160	12
161	12
162	12
163	12
164	12
165	12
166	12
167	13
168	13
169	12
170	12
171	12
172	12
173	12
174	13
175	13
176	12
177	13
178	12
179	12
180	13
181	12
182	12
183	12
184	12
185	12
186	12
187	12
188	13
189	12
190	12
191	12
192	12
193	12
194	12
195	12
196	12
197	12
198	12
199	13
200	12
201	13
202	12
203	13
204	13
205	12
206	12
207	12
208	12
209	12
210	12
211	12
212	13
213	13
214	13
215	12
216	12
217	13
218	13
219	13
220	13
221	13
222	13
223	13
224	12
225	13
226	13
227	14
228	13
229	13
230	12
231	12
232	13
233	13
234	13
235	13
236	12
237	13
238	12
239	13
240	14
241	13
242	13
243	12
244	13
245	12
246	14
247	13
248	13
249	13
250	12
251	13
252	13
253	13
254	13
255	13
256	13
257	13
258	13
259	13
260	13
261	13
262	13
263	13
264	13
265	13
266	14
267	13
268	13
269	13
270	13
271	13
272	13
273	13
274	15
275	13
276	14
277	13
278	13
279	13
280	12
281	13
282	12
283	13
284	15
285	13
286	13
287	13
288	12
289	13
290	13
291	13
292	13
293	14
294	13
295	13
296	13
297	13
298	13
299	13
300	13
301	13
302	13
303	13
304	14
305	13
306	13
307	13
308	14
309	13
310	12
311	12
312	13
313	13
314	13
315	13
316	13
317	13
318	13
319	13
320	13
321	14
322	12
323	14
324	13
325	13
326	13
327	13
328	13
329	13
330	13
331	13
332	13
333	13
334	13
335	13
336	13
337	13
338	13
339	13
340	14
341	12
342	13
343	13
344	13
345	13
346	13
347	12
348	13
349	13
350	13
351	13
352	14
353	13
354	12
355	13
356	12
357	13
358	13
359	13
360	13
361	13
362	12
363	13
364	14
365	13
366	12
367	13
368	13
369	13
370	13
371	13
372	12
373	13
374	13
375	13
376	13
377	14
378	13
379	13
380	13
381	13
382	12
383	13
384	13
385	13
386	13
387	13
388	13
389	13
390	13
391	13
392	13
393	13
394	14
395	13
396	14
397	13
398	12
399	13
400	13
401	14
402	13
403	14
404	14
405	12
406	13
407	13
408	13
409	13
410	13
411	12
412	13
413	13
414	13
415	13
416	12
417	13
418	13
419	13
420	12
421	12
422	13
423	13
424	13
425	12
426	13
427	13
428	13
429	13
430	13
431	13
432	13
433	14
434	13
435	13
436	13
437	13
438	13
439	13
440	12
441	12
442	13
443	13
444	12
445	12
446	12
447	13
448	13
449	12
450	13
451	13
452	13
453	12
454	13
455	13
456	13
457	13
458	12
459	13
460	12
461	13
462	13
463	13
464	14
465	13
466	12
467	13
468	13
469	14
470	13
471	13
472	13
473	13
474	13
475	13
476	13
477	13
478	13
479	13
480	12
481	12
482	13
483	12
484	13
485	14
486	14
487	13
488	13
489	13
490	12
491	13
492	13
493	13
494	13
495	13
496	12
497	13
498	13
499	14
500	13
501	13
502	12
503	13
504	12
505	12
506	13
507	12
508	13
509	14
510	12
511	13
512	13
513	13
514	12
515	14
516	14
517	13
518	12
519	12
520	13
521	12
522	12
523	12
524	12
525	12
526	12
527	12
528	13
529	13
530	13
531	12
532	12
533	14
534	13
535	13
536	13
537	13
538	14
539	13
540	13
541	12
542	12
543	13
544	12
545	12
546	13
547	13
548	13
549	12
550	13
551	12
552	12
553	13
554	13
555	13
556	12
557	12
558	12
559	13
560	12
561	12
562	13
563	13
564	13
565	12
566	12
567	13
568	13
569	13
570	13
571	13
572	13
573	12
574	13
575	13
576	13
577	12
578	13
579	13
580	12
581	13
582	13
583	12
584	12
585	13
586	13
587	12
588	13
589	12
590	13
591	12
592	12
593	13
594	13
595	12
596	13
597	12
598	14
599	12
600	12
601	13
602	12
603	12
604	13
605	12
606	12
607	12
608	13
609	13
610	14
611	12
612	14
613	12
614	13
615	12
616	13
617	13
618	13
619	14
620	12
621	13
622	13
623	13
624	12
625	14
626	13
627	13
628	13
629	13
630	13
631	12
632	12
633	12
634	12
635	13
636	13
637	12
638	13
639	13
640	12
641	13
642	13
643	12
644	12
645	13
646	12
647	14
648	12
649	14
650	13
651	12
652	13
653	13
654	13
655	12
656	14
657	14
658	12
659	12
660	12
661	13
662	12
663	14
664	13
665	12
666	13
667	12
668	13
669	13
670	12
671	12
672	13
673	13
674	12
675	13
676	12
677	13
678	12
679	13
680	14
681	13
682	14
683	12
684	12
685	13
686	12
687	13
688	13
689	13
690	14
691	13
692	12
693	12
694	13
695	13
696	12
697	13
698	13
699	12
700	12
701	13
702	13
703	13
704	12
705	12
706	13
707	13
708	13
709	13
710	13
711	14
712	12
713	13
714	13
715	12
716	13
717	13
718	12
719	12
720	12
721	13
722	12
723	13
724	12
725	13
726	13
727	13
728	13
729	12
730	13
731	13
732	12
733	13
734	13
735	12
736	12
737	13
738	13
739	12
740	13
741	12
742	13
743	12
744	12
745	13
746	13
747	14
748	13
749	12
750	12
751	12
752	12
753	12
754	12
755	13
756	12
757	13
758	13
759	13
760	14
761	13
762	12
763	13
764	13
765	13
766	13
767	14
768	13
769	12
770	13
771	12
772	12
773	13
774	13
775	12
776	13
777	13
778	13
779	12
780	13
781	13
782	12
783	12
784	12
785	13
786	13
787	13
788	13
789	13
790	12
791	13
792	12
793	13
794	13
795	13
796	12
797	13
798	12
799	13
800	12
801	13
802	13
803	12
804	13
805	13
806	12
807	13
808	13
809	13
810	13
811	14
812	12
813	13
814	13
815	13
816	12
817	13
818	12
819	12
820	13
821	12
822	12
823	13
824	13
825	13
826	13
827	13
828	13
829	13
830	12
831	13
832	14
833	13
834	13
835	13
836	13
837	13
838	14
839	12
840	12
841	13
842	12
843	13
844	12
845	13
846	12
847	12
848	13
849	13
850	14
851	12
852	12
853	12
854	12
855	14
856	12
857	12
858	14
859	13
860	13
861	12
862	12
863	13
864	13
865	12
866	13
867	12
868	12
869	13
870	13
871	12
872	14
873	12
874	13
875	12
876	13
877	13
878	13
879	13
880	13
881	12
882	12
883	14
884	13
885	13
886	12
887	13
888	12
889	13
890	13
891	13
892	12
893	12
894	13
895	14
896	13
897	13
898	13
899	13
900	12
901	14
902	12
903	14
904	13
905	13
906	13
907	12
908	13
909	13
910	13
911	14
912	14
913	12
914	13
915	13
916	13
917	13
918	12
919	12
920	13
921	13
922	13
923	12
924	13
925	12
926	12
927	13
928	13
929	13
930	13
931	13
932	13
933	13
934	13
935	13
936	13
937	12
938	13
939	13
940	14
941	12
942	13
943	13
944	12
945	13
946	12
947	14
948	13
949	13
950	12
951	13
952	12
953	13
954	13
955	13
956	13
957	13
958	13
959	12
960	13
961	12
962	14
963	12
964	13
965	12
966	12
967	12
968	12
969	12
970	13
971	12
972	13
973	13
974	12
975	12
976	13
977	14
978	12
979	13
980	13
981	13
982	12
983	12
984	13
985	13
986	13
987	12
988	12
989	13
990	13
991	12
992	13
993	13
994	13
995	13
996	13
997	12
998	13
999	13
1000	13
1001	13
1002	13
1003	13
1004	13
1005	12
1006	13
1007	13
1008	13
1009	13
1010	13
1011	13
1012	13
1013	13
1014	13
1015	13
1016	13
1017	13
1018	12
1019	12
1020	13
1021	13
1022	13
1023	14
1024	12
1025	13
1026	13
1027	12
1028	13
1029	12
1030	13
1031	13
1032	13
1033	13
1034	13
1035	13
1036	13
1037	14
1038	14
1039	12
1040	12
1041	13
1042	13
1043	13
1044	13
1045	13
1046	13
1047	13
1048	12
1049	13
1050	12
1051	13
1052	14
1053	12
1054	13
1055	14
1056	13
1057	13
1058	14
1059	13
1060	13
1061	12
1062	13
1063	13
1064	13
1065	12
1066	13
1067	13
1068	13
1069	13
1070	13
1071	12
1072	12
1073	12
1074	13
1075	13
1076	13
1077	13
1078	13
1079	12
1080	13
1081	13
1082	13
1083	12
1084	13
1085	12
1086	13
1087	12
1088	13
1089	13
1090	13
1091	13
1092	12
1093	12
1094	13
1095	13
1096	12
1097	13
1098	12
1099	13
1100	13
1101	13
1102	12
1103	13
1104	12
1105	13
1106	14
1107	13
1108	13
1109	12
1110	13
1111	13
1112	12
1113	13
1114	12
1115	13
1116	14
1117	12
1118	13
1119	13
1120	13
1121	12
1122	12
1123	13
1124	13
1125	13
1126	12
1127	12
1128	14
1129	13
1130	13
1131	12
1132	12
1133	13
1134	13
1135	13
1136	13
1137	12
1138	13
1139	13
1140	12
1141	12
1142	12
1143	13
1144	13
1145	13
1146	13
1147	13
1148	12
1149	14
1150	13
1151	12
1152	13
1153	13
1154	13
1155	13
1156	13
1157	13
1158	13
1159	12
1160	13
1161	13
1162	13
1163	13
1164	12
1165	13
1166	14
1167	12
1168	13
1169	13
1170	13
1171	13
1172	13
1173	13
1174	13
1175	13
1176	13
1177	12
1178	12
1179	13
1180	13
1181	13
1182	12
1183	13
1184	13
1185	12
1186	13
1187	12
1188	13
1189	13
1190	13
1191	13
1192	14
1193	13
1194	12
1195	13
1196	13
1197	12
1198	13
1199	12
1200	13
1201	13
1202	13
1203	13
1204	14
1205	13
1206	13
1207	12
1208	13
1209	13
1210	12
1211	12
1212	13
1213	13
1214	13
1215	13
1216	13
1217	13
1218	14
1219	13
1220	13
1221	12
1222	13
1223	12
1224	13
1225	12
1226	14
1227	13
1228	12
1229	12
1230	13
1231	12
1232	13
1233	14
1234	12
1235	13
1236	13
1237	13
1238	12
1239	13
1240	13
1241	13
1242	13
1243	13
1244	14
1245	13
1246	14
1247	13
1248	13
1249	13
1250	12
1251	13
1252	13
1253	13
1254	13
1255	13
1256	13
1257	13
1258	12
1259	12
1260	13
1261	13
1262	12
1263	12
1264	13
1265	13
1266	13
1267	13
1268	13
1269	13
1270	13
1271	13
1272	12
1273	13
1274	13
1275	13
1276	14
1277	13
1278	14
1279	12
1280	13
1281	12
1282	12
1283	13
1284	14
1285	12
1286	12
1287	12
1288	12
1289	13
1290	13
1291	13
1292	13
1293	13
1294	13
1295	13
1296	12
1297	13
1298	13
1299	13
1300	12
1301	13
1302	13
1303	13
1304	12
1305	13
1306	12
1307	13
1308	13
1309	13
1310	12
1311	13
1312	12
1313	13
1314	13
1315	13
1316	13
1317	13
1318	14
1319	13
1320	13
1321	13
1322	13
1323	13
1324	12
1325	13
1326	13
1327	13
1328	12
1329	14
1330	12
1331	14
1332	13
1333	12
1334	12
1335	13
1336	12
1337	13
1338	13
1339	12
1340	13
1341	13
1342	13
1343	13
1344	13
1345	13
1346	13
1347	13
1348	14
1349	12
1350	13
1351	14
1352	13
1353	12
1354	12
1355	13
1356	13
1357	14
1358	13
1359	13
1360	13
1361	12
1362	14
1363	13
1364	13
1365	14
1366	13
1367	13
1368	13
1369	13
1370	13
1371	13
1372	13
1373	12
1374	13
1375	12
1376	12
1377	13
1378	13
1379	15
1380	13
1381	13
1382	13
1383	12
1384	14
1385	12
1386	12
1387	13
1388	12
1389	12
1390	13
1391	12
1392	13
1393	12
1394	12
1395	13
1396	13
1397	13
1398	13
1399	13
1400	12
1401	13
1402	13
1403	12
1404	12
1405	12
1406	12
1407	13
1408	12
1409	12
1410	13
1411	13
1412	13
1413	13
1414	13
1415	13
1416	12
1417	14
1418	13
1419	12
1420	13
1421	13
1422	13
1423	13
1424	12
1425	12
1426	13
1427	13
1428	13
1429	13
1430	13
1431	13
1432	13
1433	13
1434	13
1435	13
1436	13
1437	13
1438	13
1439	12
1440	12
1441	12
1442	13
1443	13
1444	12
1445	12
1446	13
1447	13
1448	14
1449	13
1450	13
1451	12
1452	13
1453	13
1454	12
1455	13
1456	13
1457	13
1458	12
1459	13
1460	12
1461	13
1462	12
1463	12
1464	13
1465	13
1466	12
1467	13
1468	13
1469	12
1470	12
1471	13
1472	13
1473	13
1474	12
1475	13
1476	13
1477	13
1478	13
1479	13
1480	13
1481	12
1482	13
1483	12
1484	13
1485	12
1486	13
1487	13
1488	12
1489	13
1490	13
1491	12
1492	12
1493	13
1494	13
1495	12
1496	13
1497	13
1498	13
1499	13
1500	13
1501	14
1502	12
1503	13
1504	13
1505	12
1506	12
1507	13
1508	12
1509	13
1510	13
1511	13
1512	13
1513	13
1514	14
1515	13
1516	12
1517	12
1518	14
1519	13
1520	13
1521	13
1522	13
1523	13
1524	13
1525	13
1526	12
1527	12
1528	13
1529	13
1530	13
1531	12
1532	13
1533	13
1534	14
1535	12
1536	13
1537	13
1538	13
1539	12
1540	12
1541	13
1542	13
1543	13
1544	13
1545	12
1546	14
1547	13
1548	12
1549	13
1550	13
1551	12
1552	12
1553	13
1554	12
1555	13
1556	13
1557	13
1558	13
1559	13
1560	13
1561	14
1562	13
1563	13
1564	13
1565	14
1566	13
1567	12
1568	13
1569	13
1570	13
1571	14
1572	13
1573	13
1574	13
1575	13
1576	13
1577	13
1578	12
1579	13
1580	13
1581	13
1582	12
1583	13
1584	13
1585	13
1586	12
1587	12
1588	13
1589	12
1590	13
1591	13
1592	14
1593	12
1594	12
1595	12
1596	13
1597	12
1598	12
1599	13
1600	13
1601	13
1602	13
1603	14
1604	12
1605	13
1606	13
1607	12
1608	13
1609	12
1610	13
1611	13
1612	12
1613	12
1614	12
1615	13
1616	13
1617	13
1618	12
1619	12
1620	13
1621	13
1622	13
1623	13
1624	14
1625	13
1626	12
1627	13
1628	13
1629	12
1630	13
1631	13
1632	13
1633	13
1634	12
1635	13
1636	13
1637	13
1638	13
1639	14
1640	14
1641	12
1642	12
1643	13
1644	13
1645	13
1646	13
1647	13
1648	13
1649	14
1650	13
1651	13
1652	13
1653	13
1654	13
1655	12
1656	12
1657	13
1658	14
1659	13
1660	13
1661	12
1662	13
1663	13
1664	13
1665	13
1666	13
1667	13
1668	12
1669	13
1670	13
1671	13
1672	13
1673	13
1674	13
1675	12
1676	13
1677	13
1678	13
1679	13
1680	14
1681	12
1682	13
1683	13
1684	13
1685	13
1686	13
1687	12
1688	12
1689	13
1690	12
1691	12
1692	13
1693	13
1694	13
1695	13
1696	13
1697	13
1698	13
1699	13
1700	13
1701	13
1702	12
1703	13
1704	13
1705	12
1706	13
1707	12
1708	13
1709	13
1710	13
1711	13
1712	12
1713	13
1714	13
1715	13
1716	14
1717	13
1718	13
1719	13
1720	13
1721	13
1722	12
1723	14
1724	12
1725	12
1726	12
1727	13
1728	13
1729	13
1730	12
1731	12
1732	13
1733	12
1734	13
1735	12
1736	13
1737	13
1738	13
1739	12
1740	13
1741	13
1742	13
1743	13
1744	13
1745	12
1746	13
1747	13
1748	13
1749	13
1750	13
1751	12
1752	13
1753	13
1754	13
1755	13
1756	14
1757	14
1758	13
1759	13
1760	13
1761	13
1762	13
1763	12
1764	13
1765	13
1766	13
1767	13
1768	13
1769	13
1770	12
1771	12
1772	12
1773	12
1774	13
1775	12
1776	13
1777	12
1778	13
1779	13
1780	13
1781	13
1782	13
1783	12
1784	13
1785	13
1786	12
1787	13
1788	13
1789	13
1790	13
1791	13
1792	13
1793	13
1794	13
1795	13
1796	13
1797	12
1798	13
1799	13
1800	13
1801	12
1802	13
1803	13
1804	13
1805	13
1806	13
1807	14
1808	13
1809	12
1810	13
1811	12
1812	12
1813	12
1814	13
1815	12
1816	13
1817	13
1818	14
1819	13
1820	13
1821	13
1822	13
1823	14
1824	13
1825	12
1826	13
1827	13
1828	12
1829	13
1830	12
1831	13
1832	13
1833	13
1834	12
1835	12
1836	13
1837	13
1838	13
1839	13
1840	12
1841	13
1842	13
1843	13
1844	13
1845	13
1846	12
1847	14
1848	13
1849	13
1850	13
1851	12
1852	13
1853	13
1854	13
1855	14
1856	13
1857	13
1858	13
1859	13
1860	13
1861	14
1862	13
1863	12
1864	13
1865	12
1866	13
1867	13
1868	14
1869	12
1870	13
1871	13
1872	13
1873	12
1874	12
1875	12
1876	13
1877	12
1878	13
1879	13
1880	12
1881	13
1882	13
1883	12
1884	12
1885	12
1886	13
1887	13
1888	13
1889	13
1890	13
1891	14
1892	14
1893	14
1894	13
1895	13
1896	13
1897	12
1898	13
1899	13
1900	13
1901	13
1902	13
1903	13
1904	13
1905	13
1906	13
1907	13
1908	13
1909	13
1910	13
1911	13
1912	13
1913	13
1914	13
1915	13
1916	12
1917	13
1918	13
1919	13
1920	13
1921	14
1922	12
1923	13
1924	13
1925	13
1926	12
1927	13
1928	13
1929	13
1930	13
1931	13
1932	12
1933	12
1934	13
1935	12
1936	12
1937	12
1938	14
1939	12
1940	13
1941	13
1942	13
1943	13
1944	13
1945	12
1946	12
1947	13
1948	14
1949	12
1950	13
1951	13
1952	12
1953	12
1954	14
1955	13
1956	13
1957	13
1958	14
1959	13
1960	14
1961	13
1962	12
1963	13
1964	13
1965	13
1966	13
1967	13
1968	13
1969	14
1970	12
1971	13
1972	12
1973	12
1974	14
1975	12
1976	13
1977	13
1978	13
1979	13
1980	12
1981	13
1982	13
1983	13
1984	13
1985	13
1986	14
1987	13
1988	14
1989	13
1990	13
1991	13
1992	13
1993	12
1994	13
1995	13
1996	13
1997	13
1998	12
1999	13
2000	13
2001	13
2002	13
2003	13
2004	13
2005	13
2006	12
2007	12
2008	13
2009	12
2010	12
2011	13
2012	13
2013	13
2014	13
2015	12
2016	13
2017	13
2018	13
2019	12
2020	13
2021	13
2022	13
2023	13
2024	13
2025	13
2026	13
2027	13
2028	13
2029	13
2030	14
2031	13
2032	13
2033	12
2034	13
2035	12
2036	13
2037	13
2038	13
2039	13
2040	14
2041	12
2042	12
2043	12
2044	13
2045	13
2046	12
2047	12
2048	12
2049	13
2050	13
2051	13
2052	13
2053	13
2054	13
2055	13
2056	12
2057	13
2058	13
2059	13
2060	12
2061	13
2062	13
2063	13
2064	12
2065	13
2066	13
2067	12
2068	13
2069	12
2070	13
2071	13
2072	12
2073	13
2074	13
2075	13
2076	13
2077	13
2078	12
2079	12
2080	13
2081	13
2082	13
2083	13
2084	12
2085	12
2086	13
2087	13
2088	13
2089	13
2090	13
2091	13
2092	12
2093	12
2094	13
2095	12
2096	13
2097	13
2098	12
2099	12
2100	13
2101	13
2102	13
2103	13
2104	13
2105	12
2106	13
2107	13
2108	12
2109	12
2110	13
2111	13
2112	13
2113	13
2114	13
2115	13
2116	13
2117	13
2118	13
2119	13
2120	12
2121	13
2122	13
2123	13
2124	12
2125	13
2126	13
2127	13
2128	13
2129	12
2130	13
2131	13
2132	13
2133	12
2134	13
2135	12
2136	12
2137	12
2138	14
2139	12
2140	13
2141	12
2142	12
2143	12
2144	12
2145	13
2146	13
2147	13
2148	12
2149	12
2150	13
2151	13
2152	13
2153	13
2154	13
2155	12
2156	14
2157	13
2158	12
2159	13
2160	13
2161	14
2162	13
2163	13
2164	12
2165	14
2166	13
2167	13
2168	12
2169	13
2170	13
2171	14
2172	13
2173	13
2174	13
2175	13
2176	13
2177	12
2178	13
2179	13
2180	13
2181	12
2182	12
2183	13
2184	13
2185	13
2186	12
2187	13
2188	12
2189	14
2190	12
2191	13
2192	13
2193	12
2194	13
2195	13
2196	12
2197	12
2198	13
2199	12
2200	13
2201	13
2202	13
2203	13
2204	12
2205	13
2206	12
2207	13
2208	13
2209	13
2210	13
2211	13
2212	13
2213	12
2214	14
2215	13
2216	12
2217	13
2218	13
2219	13
2220	14
2221	13
2222	14
2223	13
2224	13
2225	12
2226	12
2227	13
2228	13
2229	13
2230	13
2231	12
2232	13
2233	13
2234	13
2235	13
2236	13
2237	13
2238	12
2239	12
2240	12
2241	13
2242	12
2243	13
2244	13
2245	14
2246	12
2247	13
2248	13
2249	12
2250	13
2251	12
2252	13
2253	12
2254	13
2255	14
2256	13
2257	13
2258	13
2259	13
2260	13
2261	13
2262	13
2263	13
2264	12
2265	13
2266	12
2267	13
2268	12
2269	12
2270	12
2271	13
2272	13
2273	12
2274	14
2275	13
2276	13
2277	13
2278	12
2279	13
2280	14
2281	13
2282	13
2283	13
2284	13
2285	13
2286	12
2287	13
2288	13
2289	13
2290	12
2291	13
2292	12
2293	12
2294	13
2295	13
2296	13
2297	13
2298	14
2299	13
2300	13
2301	13
2302	13
2303	13
2304	13
2305	13
2306	12
2307	13
2308	13
2309	12
2310	13
2311	13
2312	12
2313	13
2314	12
2315	13
2316	13
2317	13
2318	12
2319	12
2320	13
2321	13
2322	15
2323	13
2324	12
2325	13
2326	13
2327	12
2328	12
2329	13
2330	13
2331	12
2332	13
2333	13
2334	13
2335	13
2336	14
2337	12
2338	13
2339	13
2340	12
2341	13
2342	13
2343	12
2344	13
2345	12
2346	13
2347	14
2348	13
2349	12
2350	13
2351	13
2352	13
2353	13
2354	13
2355	13
2356	12
2357	13
2358	13
2359	12
2360	13
2361	13
2362	12
2363	13
2364	12
2365	12
2366	12
2367	13
2368	13
2369	12
2370	12
2371	13
2372	13
2373	13
2374	14
2375	13
2376	13
2377	13
2378	13
2379	12
2380	12
2381	13
2382	14
2383	12
2384	13
2385	13
2386	13
2387	13
2388	12
2389	13
2390	13
2391	13
2392	13
2393	13
2394	13
2395	13
2396	13
2397	15
2398	12
2399	13
2400	13
2401	13
2402	13
2403	13
2404	14
2405	12
2406	13
2407	12
2408	13
2409	13
2410	13
2411	13
2412	13
2413	13
2414	13
2415	13
2416	13
2417	13
2418	13
2419	12
2420	12
2421	13
2422	13
2423	13
2424	13
2425	12
2426	13
2427	13
2428	13
2429	13
2430	12
2431	13
2432	14
2433	13
2434	13
2435	13
2436	12
2437	12
2438	13
2439	14
2440	13
2441	12
2442	13
2443	14
2444	13
2445	13
2446	13
2447	13
2448	12
2449	13
2450	12
2451	13
2452	13
2453	13
2454	13
2455	12
2456	13
2457	13
2458	13
2459	13
2460	13
2461	13
2462	13
2463	13
2464	12
2465	13
2466	13
2467	12
2468	13
2469	13
2470	13
2471	13
2472	12
2473	12
2474	13
2475	13
2476	13
2477	13
2478	13
2479	13
2480	13
2481	12
2482	13
2483	13
2484	13
2485	12
2486	12
2487	12
2488	12
2489	12
2490	13
2491	13
2492	12
2493	12
2494	13
2495	12
2496	13
2497	12
2498	14
2499	12
2500	13
2501	12
2502	14
2503	13
2504	13
2505	13
2506	13
2507	13
2508	13
2509	12
2510	13
2511	13
2512	13
2513	13
2514	12
2515	13
2516	13
2517	13
2518	12
2519	13
2520	12
2521	13
2522	13
2523	13
2524	13
2525	13
2526	13
2527	13
2528	13
2529	13
2530	14
2531	13
2532	13
2533	12
2534	13
2535	14
2536	13
2537	12
2538	12
2539	12
2540	13
2541	13
2542	12
2543	13
2544	13
2545	12
2546	13
2547	13
2548	13
2549	13
2550	13
2551	12
2552	13
2553	13
2554	13
2555	13
2556	13
2557	12
2558	13
2559	12
2560	13
2561	13
2562	12
2563	14
2564	13
2565	13
2566	13
2567	13
2568	12
2569	12
2570	13
2571	12
2572	13
2573	13
2574	13
2575	13
2576	13
2577	13
2578	12
2579	13
2580	13
2581	13
2582	12
2583	13
2584	13
2585	13
2586	12
2587	13
2588	13
2589	13
2590	13
2591	13
2592	12
2593	13
2594	13
2595	12
2596	13
2597	14
2598	13
2599	14
2600	13
2601	13
2602	13
2603	13
2604	12
2605	12
2606	12
2607	13
2608	13
2609	13
2610	13
2611	13
2612	14
2613	13
2614	12
2615	13
2616	13
2617	13
2618	12
2619	13
2620	13
2621	13
2622	13
2623	12
2624	12
2625	13
2626	12
2627	12
2628	13
2629	14
2630	13
2631	13
2632	13
2633	12
2634	13
2635	12
2636	13
2637	13
2638	13
2639	12
2640	12
2641	13
2642	12
2643	13
2644	13
2645	12
2646	13
2647	13
2648	12
2649	13
2650	14
2651	14
2652	13
2653	12
2654	13
2655	13
2656	12
2657	12
2658	12
2659	13
2660	13
2661	12
2662	13
2663	13
2664	13
2665	13
2666	13
2667	12
2668	12
2669	13
2670	13
2671	13
2672	13
2673	13
2674	13
2675	13
2676	13
2677	13
2678	12
2679	14
2680	13
2681	13
2682	12
2683	12
2684	13
2685	13
2686	13
2687	13
2688	13
2689	12
2690	14
2691	14
2692	13
2693	12
2694	13
2695	13
2696	13
2697	14
2698	13
2699	12
2700	13
2701	13
2702	15
2703	13
2704	14
2705	13
2706	12
2707	13
2708	12
2709	13
2710	13
2711	13
2712	13
2713	12
2714	12
2715	13
2716	12
2717	13
2718	12
2719	12
2720	13
2721	13
2722	12
2723	13
2724	13
2725	13
2726	12
2727	14
2728	13
2729	12
2730	13
2731	12
2732	13
2733	12
2734	13
2735	12
2736	13
2737	12
2738	13
2739	13
2740	12
2741	12
2742	12
2743	13
2744	13
2745	13
2746	12
2747	14
2748	12
2749	13
2750	13
2751	13
2752	12
2753	12
2754	13
2755	13
2756	13
2757	13
2758	13
2759	12
2760	13
2761	13
2762	13
2763	12
2764	12
2765	12
2766	13
2767	13
2768	13
2769	14
2770	12
2771	13
2772	13
2773	12
2774	13
2775	13
2776	13
2777	13
2778	13
2779	14
2780	13
2781	12
2782	13
2783	13
2784	13
2785	12
2786	13
2787	13
2788	13
2789	13
2790	13
2791	13
2792	13
2793	13
2794	13
2795	13
2796	13
2797	13
2798	13
2799	12
2800	12
2801	12
2802	13
2803	13
2804	12
2805	12
2806	13
2807	13
2808	13
2809	12
2810	13
2811	13
2812	13
2813	13
2814	12
2815	13
2816	12
2817	14
2818	13
2819	13
2820	13
2821	13
2822	13
2823	12
2824	13
2825	12
2826	13
2827	13
2828	12
2829	13
2830	12
2831	14
2832	13
2833	13
2834	13
2835	12
2836	13
2837	12
2838	13
2839	12
2840	13
2841	13
2842	13
2843	13
2844	13
2845	13
2846	13
2847	14
2848	13
2849	12
2850	12
2851	13
2852	13
2853	13
2854	12
2855	12
2856	13
2857	14
2858	13
2859	13
2860	13
2861	13
2862	13
2863	13
2864	13
2865	12
2866	13
2867	13
2868	14
2869	13
2870	12
2871	13
2872	12
2873	13
2874	14
2875	13
2876	13
2877	12
2878	14
2879	12
2880	14
2881	12
2882	13
2883	13
2884	13
2885	13
2886	13
2887	14
2888	13
2889	14
2890	14
2891	12
2892	13
2893	13
2894	13
2895	13
2896	13
2897	13
2898	13
2899	13
2900	12
2901	13
2902	13
2903	13
2904	14
2905	13
2906	14
2907	14
2908	13
2909	13
2910	13
2911	13
2912	14
2913	12
2914	13
2915	14
2916	13
2917	14
2918	13
2919	13
2920	12
2921	12
2922	12
2923	12
2924	12
2925	13
2926	12
2927	13
2928	13
2929	14
2930	13
2931	13
2932	13
2933	12
2934	12
2935	13
2936	13
2937	13
2938	13
2939	12
2940	12
2941	13
2942	12
2943	13
2944	13
2945	12
2946	13
2947	12
2948	13
2949	13
2950	13
2951	13
2952	13
2953	13
2954	13
2955	13
2956	14
2957	13
2958	13
2959	13
2960	14
2961	12
2962	13
2963	12
2964	13
2965	13
2966	13
2967	12
2968	13
2969	13
2970	13
2971	13
2972	13
2973	13
2974	12
2975	13
2976	12
2977	12
2978	13
2979	13
2980	13
2981	13
2982	13
2983	13
2984	13
2985	13
2986	13
2987	14
2988	13
2989	13
2990	12
2991	13
2992	13
2993	12
2994	13
2995	12
2996	13
2997	12
2998	14
2999	13
3000	14
3001	13
3002	13
3003	12
3004	13
3005	13
3006	12
3007	13
3008	13
3009	13
3010	13
3011	13
3012	13
3013	13
3014	12
3015	13
3016	14
3017	13
3018	13
3019	12
3020	12
3021	14
3022	13
3023	12
3024	12
3025	13
3026	12
3027	13
3028	13
3029	13
3030	13
3031	13
3032	12
3033	13
3034	12
3035	13
3036	12
3037	13
3038	13
3039	12
3040	13
3041	12
3042	13
3043	13
3044	13
3045	12
3046	14
3047	13
3048	12
3049	13
3050	13
3051	12
3052	13
3053	12
3054	13
3055	13
3056	13
3057	13
3058	12
3059	12
3060	13
3061	12
3062	13
3063	12
3064	13
3065	13
3066	13
3067	12
3068	13
3069	12
3070	12
3071	12
3072	13
3073	13
3074	13
3075	14
3076	12
3077	13
3078	13
3079	13
3080	13
3081	13
3082	14
3083	12
3084	13
3085	12
3086	12
3087	12
3088	13
3089	13
3090	13
3091	14
3092	12
3093	13
3094	13
3095	12
3096	12
3097	13
3098	13
3099	12
3100	13
3101	13
3102	13
3103	13
3104	13
3105	13
3106	13
3107	13
3108	13
3109	13
3110	12
3111	13
3112	13
3113	13
3114	14
3115	13
3116	12
3117	13
3118	13
3119	13
3120	13
3121	13
3122	12
3123	13
3124	13
3125	13
3126	13
3127	14
3128	12
3129	13
3130	13
3131	12
3132	13
3133	13
3134	13
3135	12
3136	12
3137	13
3138	13
3139	12
3140	13
3141	13
3142	13
3143	13
3144	13
3145	13
3146	12
3147	12
3148	13
3149	12
3150	13
3151	13
3152	13
3153	13
3154	12
3155	14
3156	13
3157	13
3158	13
3159	12
3160	14
3161	13
3162	12
3163	13
3164	13
3165	12
3166	13
3167	12
3168	13
3169	13
3170	13
3171	13
3172	13
3173	13
3174	14
3175	13
3176	14
3177	13
3178	13
3179	13
3180	13
3181	12
3182	13
3183	13
3184	13
3185	13
3186	13
3187	13
3188	13
3189	13
3190	13
3191	13
3192	14
3193	12
3194	12
3195	13
3196	13
3197	13
3198	13
3199	13
3200	13
3201	13
3202	13
3203	12
3204	13
3205	13
3206	12
3207	12
3208	13
3209	13
3210	13
3211	13
3212	12
3213	13
3214	13
3215	13
3216	13
3217	13
3218	13
3219	13
3220	14
3221	13
3222	12
3223	14
3224	12
3225	13
3226	12
3227	13
3228	13
3229	12
3230	12
3231	14
3232	12
3233	12
3234	13
3235	13
3236	13
3237	12
3238	13
3239	13
3240	13
3241	13
3242	12
3243	13
3244	13
3245	13
3246	13
3247	13
3248	13
3249	13
3250	13
3251	12
3252	13
3253	13
3254	13
3255	13
3256	12
3257	12
3258	13
3259	12
3260	13
3261	13
3262	12
3263	13
3264	14
3265	13
3266	13
3267	15
3268	12
3269	13
3270	13
3271	12
3272	13
3273	13
3274	12
3275	14
3276	12
3277	13
3278	13
3279	14
3280	13
3281	13
3282	13
3283	12
3284	13
3285	13
3286	12
3287	13
3288	12
3289	14
3290	13
3291	13
3292	13
3293	13
3294	12
3295	13
3296	12
3297	13
3298	13
3299	13
3300	13
3301	13
3302	13
3303	13
3304	13
3305	13
3306	12
3307	13
3308	12
3309	12
3310	13
3311	13
3312	12
3313	12
3314	13
3315	13
3316	13
3317	13
3318	12
3319	13
3320	12
3321	12
3322	13
3323	13
3324	12
3325	13
3326	13
3327	13
3328	12
3329	13
3330	12
3331	13
3332	12
3333	13
3334	12
3335	14
3336	13
3337	12
3338	13
3339	12
3340	13
3341	13
3342	13
3343	14
3344	13
3345	13
3346	13
3347	13
3348	14
3349	13
3350	12
3351	12
3352	12
3353	13
3354	13
3355	12
3356	13
3357	13
3358	13
3359	13
3360	12
3361	13
3362	13
3363	13
3364	13
3365	13
3366	13
3367	13
3368	13
3369	13
3370	13
3371	14
3372	13
3373	12
3374	13
3375	13
3376	12
3377	13
3378	13
3379	13
3380	12
3381	13
3382	14
3383	13
3384	13
3385	13
3386	13
3387	13
3388	12
3389	13
3390	13
3391	14
3392	13
3393	13
3394	14
3395	13
3396	13
3397	13
3398	12
3399	13
3400	12
3401	12
3402	13
3403	13
3404	13
3405	12
3406	13
3407	13
3408	13
3409	12
3410	13
3411	13
3412	14
3413	13
3414	13
3415	12
3416	13
3417	13
3418	12
3419	13
3420	13
3421	12
3422	13
3423	13
3424	13
3425	12
3426	13
3427	13
3428	13
3429	13
3430	13
3431	13
3432	13
3433	13
3434	13
3435	13
3436	12
3437	13
3438	13
3439	12
3440	13
3441	13
3442	13
3443	13
3444	12
3445	13
3446	13
3447	13
3448	14
3449	12
3450	13
3451	13
3452	13
3453	12
3454	13
3455	12
3456	12
3457	13
3458	13
3459	14
3460	13
3461	13
3462	14
3463	13
3464	13
3465	12
3466	13
3467	13
3468	13
3469	13
3470	13
3471	13
3472	13
3473	12
3474	12
3475	12
3476	13
3477	14
3478	13
3479	13
3480	12
3481	12
3482	13
3483	13
3484	13
3485	13
3486	14
3487	13
3488	13
3489	14
3490	13
3491	13
3492	13
3493	13
3494	13
3495	14
3496	13
3497	13
3498	13
3499	12
3500	13
3501	12
3502	13
3503	13
3504	13
3505	13
3506	13
3507	13
3508	12
3509	13
3510	13
3511	13
3512	13
3513	12
3514	13
3515	13
3516	13
3517	12
3518	14
3519	13
3520	13
3521	13
3522	12
3523	13
3524	13
3525	12
3526	13
3527	13
3528	12
3529	13
3530	14
3531	13
3532	13
3533	12
3534	13
3535	13
3536	13
3537	13
3538	13
3539	12
3540	13
3541	13
3542	13
3543	13
3544	13
3545	12
3546	13
3547	13
3548	13
3549	13
3550	13
3551	13
3552	12
3553	13
3554	13
3555	13
3556	12
3557	13
3558	12
3559	13
3560	13
3561	12
3562	13
3563	13
3564	13
3565	13
3566	12
3567	13
3568	13
3569	13
3570	13
3571	13
3572	12
3573	13
3574	13
3575	13
3576	13
3577	12
3578	13
3579	12
3580	13
3581	13
3582	13
3583	14
3584	13
3585	13
3586	12
3587	14
3588	13
3589	13
3590	13
3591	13
3592	14
3593	14
3594	13
3595	14
3596	13
3597	12
3598	13
3599	12
3600	13
3601	13
3602	12
3603	13
3604	13
3605	13
3606	12
3607	12
3608	13
3609	12
3610	12
3611	13
3612	13
3613	12
3614	12
3615	13
3616	12
3617	14
3618	12
3619	13
3620	12
3621	12
3622	13
3623	13
3624	13
3625	14
3626	12
3627	12
3628	12
3629	14
3630	13
3631	13
3632	13
3633	14
3634	13
3635	13
3636	13
3637	12
3638	13
3639	13
3640	13
3641	12
3642	12
3643	13
3644	13
3645	13
3646	13
3647	13
3648	12
3649	13
3650	13
3651	13
3652	13
3653	13
3654	13
3655	13
3656	13
3657	13
3658	12
3659	13
3660	13
3661	13
3662	13
3663	13
3664	13
3665	12
3666	14
3667	12
3668	13
3669	13
3670	13
3671	12
3672	13
3673	13
3674	13
3675	13
3676	13
3677	12
3678	13
3679	12
3680	13
3681	14
3682	12
3683	13
3684	13
3685	13
3686	12
3687	13
3688	13
3689	13
3690	13
3691	13
3692	13
3693	12
3694	12
3695	12
3696	12
3697	13
3698	13
3699	13
3700	13
3701	13
3702	13
3703	13
3704	12
3705	13
3706	13
3707	13
3708	13
3709	12
3710	14
3711	13
3712	13
3713	12
3714	12
3715	13
3716	13
3717	13
3718	13
3719	14
3720	13
3721	13
3722	12
3723	13
3724	13
3725	12
3726	13
3727	12
3728	13
3729	12
3730	14
3731	12
3732	13
3733	13
3734	14
3735	12
3736	13
3737	13
3738	12
3739	13
3740	13
3741	13
3742	13
3743	13
3744	13
3745	13
3746	13
3747	13
3748	14
3749	13
3750	13
3751	13
3752	13
3753	13
3754	12
3755	13
3756	13
3757	13
3758	13
3759	14
3760	13
3761	13
3762	12
3763	13
3764	14
3765	14
3766	13
3767	12
3768	13
3769	14
3770	12
3771	13
3772	13
3773	12
3774	13
3775	13
3776	13
3777	13
3778	13
3779	13
3780	12
3781	13
3782	14
3783	13
3784	12
3785	13
3786	13
3787	13
3788	13
3789	12
3790	12
3791	13
3792	13
3793	13
3794	13
3795	13
3796	12
3797	13
3798	13
3799	13
3800	12
3801	13
3802	12
3803	12
3804	13
3805	13
3806	12
3807	12
3808	13
3809	13
3810	13
3811	15
3812	13
3813	12
3814	12
3815	13
3816	13
3817	13
3818	13
3819	13
3820	13
3821	14
3822	12
3823	13
3824	13
3825	12
3826	13
3827	13
3828	13
3829	13
3830	13
3831	13
3832	13
3833	12
3834	13
3835	13
3836	12
3837	12
3838	13
3839	13
3840	13
3841	12
3842	12
3843	12
3844	12
3845	13
3846	12
3847	13
3848	13
3849	14
3850	13
3851	13
3852	13
3853	13
3854	12
3855	13
3856	13
3857	13
3858	13
3859	13
3860	13
3861	12
3862	13
3863	13
3864	13
3865	13
3866	13
3867	13
3868	13
3869	13
3870	13
3871	13
3872	14
3873	13
3874	13
3875	12
3876	12
3877	13
3878	13
3879	13
3880	13
3881	12
3882	13
3883	13
3884	13
3885	14
3886	13
3887	12
3888	13
3889	13
3890	13
3891	13
3892	13
3893	13
3894	13
3895	12
3896	13
3897	13
3898	13
3899	12
3900	13
3901	12
3902	12
3903	13
3904	12
3905	13
3906	13
3907	13
3908	13
3909	13
3910	13
3911	12
3912	13
3913	12
3914	13
3915	13
3916	12
3917	12
3918	13
3919	13
3920	13
3921	12
3922	12
3923	13
3924	13
3925	13
3926	13
3927	13
3928	13
3929	13
3930	13
3931	15
3932	13
3933	12
3934	12
3935	13
3936	13
3937	13
3938	13
3939	12
3940	13
3941	12
3942	13
3943	12
3944	14
3945	13
3946	12
3947	13
3948	13
3949	12
3950	12
3951	12
3952	13
3953	13
3954	13
3955	13
3956	13
3957	13
3958	14
3959	13
3960	12
3961	13
3962	13
3963	12
3964	12
3965	12
3966	13
3967	13
3968	12
3969	12
3970	13
3971	13
3972	13
3973	13
3974	14
3975	12
3976	12
3977	14
3978	14
3979	13
3980	13
3981	13
3982	13
3983	13
3984	12
3985	13
3986	12
3987	13
3988	12
3989	13
3990	13
3991	13
3992	13
3993	13
3994	13
3995	13
3996	13
3997	13
3998	12
3999	12
4000	13
4001	12
4002	13
4003	13
4004	12
4005	13
4006	13
4007	13
4008	13
4009	12
4010	14
4011	12
4012	13
4013	12
4014	12
4015	13
4016	12
4017	13
4018	13
4019	13
4020	14
4021	13
4022	13
4023	13
4024	13
4025	14
4026	14
4027	12
4028	13
4029	12
4030	13
4031	12
4032	13
4033	13
4034	13
4035	13
4036	12
4037	12
4038	12
4039	13
4040	13
4041	13
4042	13
4043	13
4044	13
4045	13
4046	13
4047	13
4048	12
4049	13
4050	13
4051	12
4052	12
4053	13
4054	13
4055	13
4056	13
4057	13
4058	13
4059	13
4060	15
4061	12
4062	13
4063	13
4064	13
4065	13
4066	13
4067	12
4068	13
4069	13
4070	13
4071	12
4072	13
4073	13
4074	13
4075	12
4076	12
4077	14
4078	12
4079	13
4080	13
4081	13
4082	12
4083	13
4084	13
4085	12
4086	13
4087	14
4088	12
4089	13
4090	13
4091	13
4092	13
4093	13
4094	14
4095	13
4096	13
4097	13
4098	12
4099	13
4100	14
4101	13
4102	13
4103	12
4104	13
4105	12
4106	12
4107	13
4108	13
4109	13
4110	13
4111	13
4112	13
4113	13
4114	12
4115	13
4116	12
4117	13
4118	13
4119	13
4120	13
4121	13
4122	14
4123	13
4124	13
4125	13
4126	13
4127	12
4128	13
4129	13
4130	13
4131	13
4132	13
4133	13
4134	12
4135	12
4136	13
4137	12
4138	13
4139	13
4140	12
4141	12
4142	12
4143	14
4144	13
4145	14
4146	13
4147	13
4148	13
4149	13
4150	12
4151	13
4152	13
4153	13
4154	13
4155	13
4156	12
4157	13
4158	13
4159	13
4160	14
4161	13
4162	14
4163	13
4164	13
4165	13
4166	13
4167	13
4168	13
4169	12
4170	13
4171	13
4172	12
4173	13
4174	13
4175	14
4176	13
4177	12
4178	12
4179	12
4180	13
4181	13
4182	13
4183	13
4184	13
4185	14
4186	12
4187	14
4188	13
4189	13
4190	13
4191	13
4192	12
4193	12
4194	13
4195	13
4196	13
4197	12
4198	12
4199	13
4200	13
4201	12
4202	13
4203	13
4204	13
4205	13
4206	13
4207	13
4208	13
4209	12
4210	13
4211	13
4212	13
4213	12
4214	13
4215	13
4216	12
4217	12
4218	13
4219	13
4220	14
4221	13
4222	12
4223	13
4224	14
4225	13
4226	12
4227	12
4228	13
4229	12
4230	13
4231	13
4232	13
4233	13
4234	12
4235	13
4236	13
4237	13
4238	13
4239	13
4240	14
4241	13
4242	13
4243	12
4244	13
4245	13
4246	13
4247	12
4248	13
4249	12
4250	14
4251	13
4252	13
4253	14
4254	12
4255	13
4256	13
4257	13
4258	12
4259	13
4260	12
4261	13
4262	14
4263	12
4264	13
4265	13
4266	13
4267	13
4268	13
4269	13
4270	14
4271	13
4272	13
4273	13
4274	13
4275	13
4276	13
4277	13
4278	13
4279	14
4280	13
4281	13
4282	12
4283	13
4284	12
4285	14
4286	13
4287	12
4288	13
4289	14
4290	14
4291	12
4292	13
4293	13
4294	13
4295	13
4296	13
4297	12
4298	12
4299	13
4300	12
4301	13
4302	12
4303	13
4304	12
4305	12
4306	13
4307	13
4308	13
4309	12
4310	14
4311	12
4312	13
4313	13
4314	13
4315	12
4316	13
4317	14
4318	14
4319	12
4320	13
4321	13
4322	13
4323	13
4324	12
4325	13
4326	12
4327	12
4328	13
4329	13
4330	12
4331	13
4332	13
4333	13
4334	13
4335	13
4336	14
4337	14
4338	13
4339	13
4340	12
4341	13
4342	13
4343	13
4344	12
4345	13
4346	12
4347	13
4348	14
4349	13
4350	12
4351	13
4352	14
4353	13
4354	14
4355	13
4356	13
4357	13
4358	12
4359	13
4360	12
4361	13
4362	13
4363	12
4364	12
4365	12
4366	12
4367	13
4368	13
4369	12
4370	13
4371	13
4372	12
4373	14
4374	13
4375	12
4376	12
4377	12
4378	13
4379	13
4380	13
4381	13
4382	13
4383	13
4384	14
4385	13
4386	12
4387	12
4388	13
4389	13
4390	13
4391	13
4392	12
4393	12
4394	13
4395	13
4396	13
4397	13
4398	12
4399	12
4400	13
4401	13
4402	13
4403	13
4404	12
4405	13
4406	13
4407	13
4408	12
4409	13
4410	14
4411	13
4412	13
4413	13
4414	13
4415	13
4416	13
4417	14
4418	13
4419	12
4420	13
4421	12
4422	12
4423	12
4424	13
4425	13
4426	14
4427	13
4428	12
4429	13
4430	13
4431	13
4432	12
4433	13
4434	13
4435	12
4436	13
4437	13
4438	12
4439	12
4440	13
4441	14
4442	12
4443	13
4444	12
4445	13
4446	13
4447	13
4448	13
4449	13
4450	13
4451	13
4452	13
4453	13
4454	12
4455	13
4456	12
4457	13
4458	13
4459	13
4460	12
4461	13
4462	13
4463	13
4464	13
4465	13
4466	13
4467	13
4468	12
4469	13
4470	13
4471	13
4472	13
4473	13
4474	12
4475	12
4476	13
4477	12
4478	13
4479	12
4480	14
4481	14
4482	13
4483	13
4484	12
4485	14
4486	13
4487	13
4488	13
4489	13
4490	12
4491	13
4492	13
4493	13
4494	13
4495	13
4496	14
4497	13
4498	13
4499	13
4500	13
4501	12
4502	12
4503	13
4504	14
4505	13
4506	13
4507	13
4508	14
4509	13
4510	13
4511	12
4512	13
4513	13
4514	13
4515	13
4516	13
4517	12
4518	12
4519	13
4520	12
4521	13
4522	12
4523	13
4524	13
4525	13
4526	13
4527	12
4528	12
4529	14
4530	12
4531	14
4532	14
4533	12
4534	13
4535	13
4536	13
4537	14
4538	13
4539	14
4540	12
4541	12
4542	13
4543	13
4544	12
4545	12
4546	12
4547	13
4548	13
4549	13
4550	13
4551	13
4552	13
4553	13
4554	13
4555	13
4556	12
4557	13
4558	13
4559	13
4560	14
4561	12
4562	12
4563	13
4564	12
4565	13
4566	13
4567	12
4568	13
4569	12
4570	13
4571	12
4572	14
4573	13
4574	12
4575	12
4576	13
4577	13
4578	13
4579	12
4580	13
4581	13
4582	13
4583	13
4584	13
4585	13
4586	12
4587	13
4588	13
4589	13
4590	12
4591	12
4592	13
4593	13
4594	12
4595	14
4596	13
4597	14
4598	12
4599	13
4600	13
4601	13
4602	12
4603	12
4604	12
4605	13
4606	13
4607	14
4608	14
4609	14
4610	13
4611	13
4612	12
4613	14
4614	13
4615	13
4616	12
4617	13
4618	12
4619	14
4620	13
4621	13
4622	13
4623	13
4624	13
4625	13
4626	12
4627	13
4628	12
4629	13
4630	13
4631	13
4632	13
4633	13
4634	13
4635	13
4636	14
4637	13
4638	13
4639	12
4640	12
4641	13
4642	12
4643	12
4644	12
4645	13
4646	13
4647	13
4648	13
4649	13
4650	12
4651	12
4652	13
4653	13
4654	12
4655	13
4656	13
4657	12
4658	13
4659	13
4660	13
4661	13
4662	13
4663	12
4664	13
4665	13
4666	13
4667	13
4668	14
4669	13
4670	13
4671	13
4672	14
4673	12
4674	13
4675	12
4676	12
4677	12
4678	13
4679	12
4680	12
4681	13
4682	13
4683	13
4684	12
4685	13
4686	12
4687	13
4688	13
4689	13
4690	12
4691	13
4692	13
4693	13
4694	13
4695	13
4696	13
4697	13
4698	12
4699	13
4700	13
4701	12
4702	14
4703	12
4704	13
4705	12
4706	14
4707	12
4708	13
4709	13
4710	14
4711	13
4712	13
4713	13
4714	13
4715	12
4716	12
4717	13
4718	13
4719	12
4720	16
4721	13
4722	13
4723	13
4724	13
4725	13
4726	13
4727	14
4728	13
4729	12
4730	13
4731	13
4732	12
4733	14
4734	13
4735	13
4736	13
4737	13
4738	13
4739	12
4740	13
4741	13
4742	12
4743	13
4744	12
4745	13
4746	14
4747	12
4748	13
4749	13
4750	13
4751	13
4752	12
4753	13
4754	13
4755	12
4756	13
4757	13
4758	14
4759	12
4760	13
4761	12
4762	13
4763	12
4764	13
4765	12
4766	13
4767	13
4768	13
4769	13
4770	13
4771	12
4772	12
4773	14
4774	14
4775	13
4776	13
4777	13
4778	13
4779	14
4780	13
4781	13
4782	13
4783	12
4784	12
4785	13
4786	12
4787	13
4788	13
4789	12
4790	13
4791	13
4792	13
4793	13
4794	13
4795	13
4796	13
4797	13
4798	13
4799	13
4800	13
4801	13
4802	12
4803	13
4804	13
4805	13
4806	13
4807	13
4808	13
4809	13
4810	14
4811	13
4812	13
4813	13
4814	12
4815	14
4816	13
4817	13
4818	13
4819	13
4820	13
4821	13
4822	12
4823	13
4824	13
4825	12
4826	13
4827	13
4828	12
4829	13
4830	13
4831	12
4832	13
4833	12
4834	13
4835	13
4836	13
4837	12
4838	12
4839	14
4840	13
4841	13
4842	13
4843	13
4844	14
4845	13
4846	13
4847	13
4848	13
4849	13
4850	13
4851	13
4852	13
4853	13
4854	13
4855	13
4856	13
4857	13
4858	14
4859	13
4860	13
4861	13
4862	12
4863	12
4864	13
4865	13
4866	13
4867	13
4868	13
4869	12
4870	13
4871	13
4872	13
4873	12
4874	13
4875	12
4876	13
4877	13
4878	13
4879	13
4880	13
4881	13
4882	12
4883	12
4884	13
4885	12
4886	13
4887	12
4888	12
4889	12
4890	13
4891	13
4892	14
4893	13
4894	13
4895	12
4896	13
4897	14
4898	13
4899	12
4900	13
4901	12
4902	13
4903	12
4904	12
4905	12
4906	13
4907	13
4908	13
4909	13
4910	13
4911	13
4912	13
4913	12
4914	13
4915	13
4916	12
4917	12
4918	12
4919	12
4920	13
4921	12
4922	12
4923	13
4924	13
4925	13
4926	12
4927	13
4928	13
4929	13
4930	14
4931	13
4932	13
4933	12
4934	13
4935	12
4936	14
4937	13
4938	13
4939	12
4940	12
4941	12
4942	13
4943	13
4944	13
4945	12
4946	13
4947	12
4948	12
4949	13
4950	13
4951	13
4952	13
4953	13
4954	12
4955	13
4956	14
4957	14
4958	13
4959	13
4960	13
4961	13
4962	12
4963	13
4964	13
4965	13
4966	12
4967	13
4968	13
4969	12
4970	12
4971	13
4972	13
4973	13
4974	12
4975	12
4976	13
4977	13
4978	12
4979	12
4980	13
4981	12
4982	12
4983	13
4984	13
4985	13
4986	13
4987	13
4988	13
4989	14
4990	13
4991	12
4992	13
4993	14
4994	14
4995	13
4996	13
4997	13
4998	13
4999	13
5000	13
5001	13
5002	13
5003	12
5004	13
5005	13
5006	12
5007	13
5008	12
5009	13
5010	13
5011	13
5012	13
5013	13
5014	14
5015	13
5016	12
5017	13
5018	13
5019	12
5020	13
5021	12
5022	12
5023	13
5024	13
5025	12
5026	14
5027	14
5028	14
5029	13
5030	13
5031	14
5032	12
5033	13
5034	13
5035	12
5036	13
5037	13
5038	13
5039	13
5040	13
5041	13
5042	12
5043	13
5044	13
5045	13
5046	13
5047	12
5048	13
5049	13
5050	13
5051	13
5052	13
5053	12
5054	13
5055	13
5056	13
5057	13
5058	13
5059	13
5060	12
5061	13
5062	13
5063	12
5064	13
5065	13
5066	13
5067	13
5068	13
5069	12
5070	13
5071	13
5072	13
5073	13
5074	13
5075	13
5076	13
5077	14
5078	13
5079	13
5080	12
5081	13
5082	12
5083	13
5084	13
5085	13
5086	13
5087	13
5088	13
5089	13
5090	13
5091	13
5092	13
5093	13
5094	14
5095	14
5096	12
5097	12
5098	12
5099	12
5100	13
5101	13
5102	12
5103	13
5104	13
5105	13
5106	12
5107	13
5108	13
5109	12
5110	13
5111	13
5112	13
5113	13
5114	13
5115	13
5116	13
5117	13
5118	13
5119	12
5120	13
5121	13
5122	13
5123	13
5124	13
5125	13
5126	13
5127	12
5128	12
5129	14
5130	12
5131	13
5132	13
5133	13
5134	13
5135	13
5136	13
5137	13
5138	13
5139	13
5140	13
5141	12
5142	12
5143	13
5144	13
5145	13
5146	13
5147	13
5148	12
5149	13
5150	13
5151	13
5152	13
5153	12
5154	13
5155	13
5156	13
5157	12
5158	13
5159	13
5160	13
5161	14
5162	13
5163	12
5164	13
5165	12
5166	12
5167	12
5168	12
5169	13
5170	13
5171	13
5172	13
5173	12
5174	13
5175	13
5176	13
5177	13
5178	13
5179	12
5180	13
5181	13
5182	13
5183	13
5184	12
5185	13
5186	13
5187	13
5188	13
5189	12
5190	13
5191	13
5192	13
5193	12
5194	13
5195	13
5196	13
5197	13
5198	13
5199	13
5200	14
5201	14
5202	12
5203	13
5204	13
5205	13
5206	13
5207	13
5208	13
5209	13
5210	13
5211	13
5212	12
5213	13
5214	13
5215	13
5216	12
5217	14
5218	13
5219	12
5220	12
5221	13
5222	13
5223	13
5224	13
5225	13
5226	13
5227	13
5228	13
5229	13
5230	13
5231	13
5232	13
5233	13
5234	13
5235	13
5236	13
5237	13
5238	13
5239	12
5240	13
5241	13
5242	13
5243	14
5244	12
5245	13
5246	13
5247	14
5248	12
5249	12
5250	12
5251	12
5252	13
5253	13
5254	13
5255	12
5256	13
5257	13
5258	13
5259	13
5260	13
5261	12
5262	13
5263	13
5264	13
5265	13
5266	12
5267	12
5268	13
5269	13
5270	13
5271	13
5272	13
5273	13
5274	13
5275	13
5276	13
5277	13
5278	13
5279	12
5280	13
5281	12
5282	13
5283	12
5284	13
5285	13
5286	13
5287	12
5288	13
5289	13
5290	12
5291	13
5292	12
5293	12
5294	12
5295	12
5296	13
5297	13
5298	13
5299	13
5300	13
5301	12
5302	13
5303	13
5304	13
5305	13
5306	13
5307	13
5308	13
5309	13
5310	12
5311	13
5312	13
5313	13
5314	12
5315	12
5316	13
5317	13
5318	13
5319	13
5320	13
5321	13
5322	13
5323	12
5324	13
5325	14
5326	13
5327	12
5328	12
5329	12
5330	13
5331	12
5332	13
5333	13
5334	13
5335	13
5336	13
5337	13
5338	12
5339	13
5340	13
5341	13
5342	13
5343	13
5344	13
5345	12
5346	12
5347	13
5348	13
5349	14
5350	13
5351	12
5352	13
5353	13
5354	13
5355	12
5356	13
5357	13
5358	13
5359	13
5360	14
5361	13
5362	13
5363	12
5364	13
5365	12
5366	13
5367	13
5368	13
5369	13
5370	14
5371	13
5372	12
5373	12
5374	13
5375	13
5376	13
5377	13
5378	12
5379	13
5380	12
5381	13
5382	12
5383	12
5384	13
5385	12
5386	13
5387	13
5388	12
5389	12
5390	13
5391	13
5392	14
5393	13
5394	12
5395	13
5396	12
5397	14
5398	13
5399	13
5400	13
5401	13
5402	13
5403	13
5404	13
5405	13
5406	13
5407	12
5408	12
5409	13
5410	13
5411	13
5412	13
5413	14
5414	12
5415	13
5416	13
5417	13
5418	13
5419	13
5420	12
5421	13
5422	13
5423	14
5424	12
5425	13
5426	13
5427	14
5428	13
5429	12
5430	13
5431	13
5432	12
5433	12
5434	14
5435	13
5436	13
5437	12
5438	13
5439	12
5440	13
5441	14
5442	13
5443	12
5444	14
5445	13
5446	13
5447	13
5448	13
5449	13
5450	13
5451	12
5452	12
5453	13
5454	13
5455	13
5456	13
5457	12
5458	12
5459	13
5460	13
5461	14
5462	13
5463	12
5464	13
5465	13
5466	12
5467	13
5468	13
5469	13
5470	12
5471	12
5472	13
5473	13
5474	13
5475	12
5476	13
5477	13
5478	13
5479	13
5480	14
5481	12
5482	13
5483	13
5484	13
5485	13
5486	13
5487	14
5488	12
5489	13
5490	13
5491	13
5492	13
5493	13
5494	12
5495	13
5496	13
5497	14
5498	12
5499	13
5500	14
5501	13
5502	12
5503	12
5504	13
5505	13
5506	12
5507	13
5508	13
5509	13
5510	12
5511	13
5512	12
5513	12
5514	12
5515	12
5516	13
5517	13
5518	12
5519	13
5520	12
5521	13
5522	13
5523	13
5524	12
5525	12
5526	14
5527	13
5528	13
5529	13
5530	12
5531	13
5532	13
5533	14
5534	12
5535	13
5536	13
5537	13
5538	12
5539	13
5540	12
5541	13
5542	13
5543	13
5544	13
5545	12
5546	12
5547	13
5548	13
5549	13
5550	13
5551	13
5552	13
5553	13
5554	12
5555	13
5556	13
5557	13
5558	13
5559	13
5560	13
5561	13
5562	14
5563	13
5564	13
5565	13
5566	13
5567	13
5568	12
5569	14
5570	12
5571	13
5572	13
5573	13
5574	13
5575	13
5576	12
5577	13
5578	12
5579	12
5580	13
5581	12
5582	13
5583	12
5584	13
5585	12
5586	14
5587	12
5588	12
5589	13
5590	13
5591	13
5592	13
5593	13
5594	13
5595	13
5596	12
5597	12
5598	13
5599	13
5600	13
5601	12
5602	13
5603	13
5604	13
5605	12
5606	14
5607	13
5608	12
5609	13
5610	13
5611	13
5612	14
5613	13
5614	12
5615	13
5616	13
5617	13
5618	13
5619	13
5620	13
5621	14
5622	14
5623	13
5624	13
5625	13
5626	13
5627	12
5628	13
5629	13
5630	13
5631	13
5632	12
5633	13
5634	12
5635	14
5636	13
5637	12
5638	14
5639	13
5640	13
5641	13
5642	12
5643	13
5644	12
5645	12
5646	13
5647	13
5648	12
5649	13
5650	12
5651	13
5652	13
5653	12
5654	13
5655	13
5656	12
5657	13
5658	13
5659	12
5660	12
5661	13
5662	13
5663	13
5664	12
5665	13
5666	13
5667	13
5668	12
5669	13
5670	16
5671	14
5672	13
5673	13
5674	14
5675	13
5676	13
5677	13
5678	13
5679	13
5680	13
5681	12
5682	13
5683	13
5684	13
5685	12
5686	13
5687	12
5688	13
5689	13
5690	14
5691	13
5692	14
5693	12
5694	14
5695	13
5696	12
5697	13
5698	12
5699	12
5700	14
5701	13
5702	13
5703	12
5704	13
5705	13
5706	13
5707	13
5708	12
5709	12
5710	13
5711	13
5712	14
5713	13
5714	13
5715	13
5716	13
5717	13
5718	13
5719	12
5720	13
5721	12
5722	13
5723	12
5724	13
5725	13
5726	13
5727	14
5728	14
5729	13
5730	12
5731	13
5732	13
5733	13
5734	13
5735	14
5736	13
5737	13
5738	13
5739	13
5740	14
5741	12
5742	13
5743	12
5744	13
5745	13
5746	13
5747	13
5748	12
5749	13
5750	13
5751	13
5752	13
5753	12
5754	13
5755	13
5756	13
5757	13
5758	13
5759	13
5760	13
5761	13
5762	13
5763	13
5764	13
5765	13
5766	13
5767	12
5768	13
5769	12
5770	13
5771	13
5772	13
5773	13
5774	14
5775	14
5776	13
5777	12
5778	14
5779	13
5780	14
5781	13
5782	14
5783	13
5784	13
5785	12
5786	13
5787	13
5788	12
5789	12
5790	12
5791	15
5792	13
5793	12
5794	12
5795	13
5796	13
5797	13
5798	13
5799	13
5800	14
5801	12
5802	13
5803	13
5804	13
5805	12
5806	13
5807	13
5808	13
5809	14
5810	13
5811	13
5812	12
5813	13
5814	14
5815	13
5816	13
5817	13
5818	13
5819	13
5820	13
5821	12
5822	13
5823	12
5824	13
5825	13
5826	13
5827	13
5828	13
5829	13
5830	13
5831	13
5832	13
5833	13
5834	13
5835	13
5836	12
5837	13
5838	13
5839	12
5840	13
5841	13
5842	12
5843	14
5844	14
5845	12
5846	13
5847	13
5848	13
5849	13
5850	12
5851	13
5852	14
5853	13
5854	13
5855	13
5856	12
5857	13
5858	12
5859	14
5860	13
5861	14
5862	13
5863	13
5864	13
5865	13
5866	12
5867	12
5868	13
5869	12
5870	13
5871	12
5872	13
5873	12
5874	13
5875	13
5876	13
5877	13
5878	13
5879	13
5880	13
5881	13
5882	13
5883	13
5884	13
5885	13
5886	12
5887	13
5888	12
5889	12
5890	13
5891	12
5892	12
5893	12
5894	13
5895	13
5896	12
5897	13
5898	14
5899	12
5900	12
5901	13
5902	13
5903	13
5904	13
5905	12
5906	12
5907	13
5908	12
5909	13
5910	13
5911	12
5912	13
5913	13
5914	13
5915	12
5916	12
5917	12
5918	13
5919	12
5920	12
5921	13
5922	13
5923	13
5924	14
5925	13
5926	13
5927	13
5928	14
5929	13
5930	13
5931	13
5932	14
5933	13
5934	13
5935	12
5936	13
5937	13
5938	13
5939	13
5940	13
5941	13
5942	13
5943	13
5944	13
5945	12
5946	12
5947	13
5948	13
5949	13
5950	12
5951	12
5952	13
5953	13
5954	12
5955	12
5956	12
5957	13
5958	13
5959	13
5960	12
5961	13
5962	13
5963	14
5964	13
5965	13
5966	13
5967	12
5968	12
5969	13
5970	13
5971	12
5972	12
5973	13
5974	13
5975	13
5976	12
5977	13
5978	13
5979	13
5980	12
5981	13
5982	13
5983	12
5984	12
5985	13
5986	13
5987	13
5988	13
5989	13
5990	13
5991	13
5992	13
5993	14
5994	13
5995	13
5996	12
5997	13
5998	12
5999	13
6000	12
6001	12
6002	13
6003	12
6004	13
6005	14
6006	13
6007	13
6008	13
6009	12
6010	13
6011	12
6012	13
6013	13
6014	12
6015	12
6016	13
6017	12
6018	12
6019	13
6020	13
6021	13
6022	12
6023	12
6024	13
6025	13
6026	13
6027	13
6028	12
6029	13
6030	12
6031	13
6032	13
6033	13
6034	12
6035	13
6036	13
6037	12
6038	12
6039	13
6040	12
6041	13
6042	12
6043	13
6044	13
6045	13
6046	13
6047	13
6048	12
6049	12
6050	12
6051	12
6052	13
6053	13
6054	13
6055	12
6056	12
6057	13
6058	12
6059	12
6060	12
6061	13
6062	13
6063	13
6064	13
6065	13
6066	12
6067	13
6068	13
6069	13
6070	13
6071	12
6072	13
6073	13
6074	12
6075	14
6076	12
6077	13
6078	12
6079	13
6080	12
6081	13
6082	12
6083	13
6084	13
6085	13
6086	13
6087	13
6088	13
6089	12
6090	13
6091	12
6092	13
6093	13
6094	12
6095	13
6096	12
6097	13
6098	12
6099	13
6100	13
6101	12
6102	13
6103	13
6104	13
6105	13
6106	13
6107	14
6108	12
6109	13
6110	13
6111	13
6112	13
6113	13
6114	13
6115	13
6116	12
6117	12
6118	13
6119	13
6120	13
6121	13
6122	13
6123	13
6124	12
6125	13
6126	13
6127	13
6128	13
6129	12
6130	13
6131	12
6132	12
6133	12
6134	13
6135	12
6136	12
6137	12
6138	14
6139	12
6140	13
6141	13
6142	13
6143	13
6144	13
6145	13
6146	12
6147	13
6148	13
6149	13
6150	13
6151	13
6152	12
6153	12
6154	13
6155	13
6156	13
6157	12
6158	14
6159	14
6160	13
6161	13
6162	14
6163	13
6164	13
6165	12
6166	13
6167	13
6168	13
6169	12
6170	14
6171	13
6172	13
6173	13
6174	12
6175	13
6176	13
6177	14
6178	13
6179	13
6180	13
6181	12
6182	12
6183	12
6184	13
6185	13
6186	12
6187	13
6188	13
6189	13
6190	13
6191	13
6192	13
6193	13
6194	13
6195	13
6196	13
6197	12
6198	13
6199	13
6200	13
6201	13
6202	13
6203	13
6204	13
6205	12
6206	13
6207	13
6208	14
6209	13
6210	12
6211	12
6212	13
6213	12
6214	12
6215	13
6216	12
6217	13
6218	13
6219	13
6220	13
6221	12
6222	14
6223	13
6224	13
6225	13
6226	13
6227	12
6228	12
6229	13
6230	12
6231	13
6232	13
6233	12
6234	14
6235	13
6236	12
6237	12
6238	13
6239	13
6240	13
6241	12
6242	13
6243	13
6244	12
6245	12
6246	12
6247	13
6248	14
6249	13
6250	12
6251	13
6252	13
6253	13
6254	12
6255	12
6256	13
6257	12
6258	13
6259	13
6260	12
6261	12
6262	13
6263	13
6264	13
6265	13
6266	13
6267	14
6268	13
6269	14
6270	13
6271	13
6272	12
6273	12
6274	15
6275	13
6276	12
6277	13
6278	13
6279	13
6280	13
6281	12
6282	12
6283	13
6284	12
6285	13
6286	13
6287	13
6288	12
6289	13
6290	13
6291	13
6292	13
6293	13
6294	12
6295	13
6296	13
6297	13
6298	12
6299	12
6300	12
6301	13
6302	13
6303	14
6304	13
6305	13
6306	12
6307	13
6308	13
6309	13
6310	13
6311	13
6312	12
6313	12
6314	13
6315	12
6316	13
6317	12
6318	12
6319	13
6320	12
6321	13
6322	13
6323	12
6324	12
6325	13
6326	13
6327	14
6328	12
6329	12
6330	12
6331	13
6332	14
6333	14
6334	13
6335	14
6336	12
6337	12
6338	13
6339	12
6340	12
6341	13
6342	12
6343	13
6344	13
6345	12
6346	13
6347	13
6348	13
6349	12
6350	13
6351	13
6352	12
6353	13
6354	13
6355	13
6356	13
6357	13
6358	12
6359	13
6360	12
6361	13
6362	13
6363	13
6364	14
6365	13
6366	13
6367	13
6368	13
6369	13
6370	13
6371	13
6372	14
6373	13
6374	12
6375	13
6376	12
6377	12
6378	13
6379	13
6380	13
6381	13
6382	12
6383	13
6384	13
6385	12
6386	14
6387	13
6388	13
6389	13
6390	13
6391	12
6392	12
6393	13
6394	12
6395	12
6396	14
6397	13
6398	13
6399	13
6400	14
6401	13
6402	13
6403	13
6404	13
6405	13
6406	12
6407	13
6408	13
6409	13
6410	13
6411	13
6412	14
6413	12
6414	13
6415	12
6416	12
6417	13
6418	14
6419	13
6420	13
6421	12
6422	13
6423	13
6424	13
6425	13
6426	13
6427	13
6428	12
6429	12
6430	12
6431	13
6432	13
6433	13
6434	13
6435	12
6436	12
6437	13
6438	13
6439	14
6440	13
6441	12
6442	13
6443	13
6444	13
6445	12
6446	12
6447	13
6448	13
6449	12
6450	14
6451	12
6452	13
6453	14
6454	13
6455	13
6456	12
6457	13
6458	13
6459	13
6460	13
6461	12
6462	13
6463	12
6464	12
6465	13
6466	14
6467	13
6468	12
6469	13
6470	13
6471	13
6472	14
6473	12
6474	13
6475	12
6476	13
6477	13
6478	13
6479	12
6480	13
6481	13
6482	13
6483	13
6484	12
6485	13
6486	12
6487	13
6488	13
6489	13
6490	13
6491	13
6492	13
6493	13
6494	14
6495	13
6496	13
6497	12
6498	13
6499	13
6500	13
6501	12
6502	13
6503	13
6504	13
6505	13
6506	13
6507	13
6508	12
6509	13
6510	13
6511	13
6512	13
6513	14
6514	14
6515	13
6516	12
6517	13
6518	13
6519	12
6520	13
6521	12
6522	13
6523	13
6524	13
6525	13
6526	12
6527	13
6528	13
6529	13
6530	12
6531	13
6532	12
6533	13
6534	13
6535	13
6536	13
6537	14
6538	14
6539	13
6540	13
6541	13
6542	12
6543	12
6544	13
6545	13
6546	12
6547	13
6548	13
6549	13
6550	12
6551	14
6552	13
6553	13
6554	13
6555	13
6556	13
6557	13
6558	13
6559	12
6560	12
6561	13
6562	13
6563	13
6564	12
6565	13
6566	13
6567	12
6568	12
6569	13
6570	13
6571	13
6572	13
6573	12
6574	12
6575	13
6576	13
6577	12
6578	13
6579	13
6580	14
6581	13
6582	12
6583	13
6584	12
6585	12
6586	13
6587	13
6588	13
6589	13
6590	13
6591	13
6592	12
6593	12
6594	13
6595	13
6596	13
6597	13
6598	13
6599	13
6600	12
6601	12
6602	13
6603	12
6604	13
6605	13
6606	13
6607	14
6608	13
6609	14
6610	12
6611	13
6612	13
6613	13
6614	13
6615	13
6616	13
6617	13
6618	12
6619	13
6620	14
6621	13
6622	13
6623	13
6624	12
6625	14
6626	12
6627	12
6628	12
6629	13
6630	12
6631	13
6632	14
6633	13
6634	13
6635	13
6636	12
6637	13
6638	13
6639	13
6640	13
6641	12
6642	13
6643	12
6644	13
6645	13
6646	12
6647	13
6648	13
6649	13
6650	14
6651	13
6652	13
6653	12
6654	12
6655	13
6656	12
6657	12
6658	12
6659	13
6660	13
6661	13
6662	13
6663	13
6664	13
6665	13
6666	14
6667	12
6668	13
6669	13
6670	13
6671	13
6672	12
6673	13
6674	13
6675	12
6676	13
6677	13
6678	13
6679	12
6680	12
6681	13
6682	12
6683	13
6684	13
6685	13
6686	13
6687	12
6688	13
6689	14
6690	12
6691	13
6692	13
6693	12
6694	12
6695	12
6696	12
6697	13
6698	13
6699	14
6700	13
6701	13
6702	13
6703	14
6704	12
6705	13
6706	14
6707	13
6708	14
6709	13
6710	13
6711	13
6712	12
6713	13
6714	13
6715	13
6716	13
6717	12
6718	13
6719	12
6720	13
6721	13
6722	13
6723	13
6724	14
6725	13
6726	13
6727	13
6728	12
6729	13
6730	12
6731	12
6732	12
6733	12
6734	12
6735	12
6736	13
6737	13
6738	13
6739	13
6740	14
6741	13
6742	13
6743	13
6744	12
6745	13
6746	13
6747	12
6748	12
6749	12
6750	13
6751	13
6752	13
6753	13
6754	13
6755	13
6756	13
6757	13
6758	13
6759	13
6760	13
6761	12
6762	13
6763	12
6764	13
6765	13
6766	14
6767	12
6768	13
6769	13
6770	13
6771	13
6772	13
6773	12
6774	13
6775	12
6776	12
6777	13
6778	13
6779	12
6780	13
6781	13
6782	13
6783	13
6784	13
6785	12
6786	12
6787	13
6788	13
6789	14
6790	13
6791	13
6792	13
6793	13
6794	14
6795	13
6796	13
6797	13
6798	12
6799	13
6800	13
6801	13
6802	13
6803	13
6804	13
6805	13
6806	12
6807	13
6808	12
6809	13
6810	13
6811	13
6812	13
6813	13
6814	12
6815	12
6816	12
6817	13
6818	13
6819	12
6820	13
6821	13
6822	12
6823	13
6824	14
6825	13
6826	13
6827	12
6828	14
6829	12
6830	13
6831	12
6832	13
6833	13
6834	13
6835	13
6836	13
6837	13
6838	13
6839	12
6840	13
6841	13
6842	13
6843	13
6844	13
6845	13
6846	12
6847	12
6848	13
6849	13
6850	13
6851	12
6852	13
6853	12
6854	13
6855	13
6856	13
6857	13
6858	12
6859	13
6860	13
6861	13
6862	12
6863	13
6864	13
6865	12
6866	12
6867	13
6868	12
6869	13
6870	13
6871	13
6872	12
6873	13
6874	13
6875	13
6876	13
6877	12
6878	13
6879	13
6880	12
6881	12
6882	13
6883	13
6884	13
6885	13
6886	13
6887	13
6888	12
6889	13
6890	13
6891	14
6892	12
6893	13
6894	12
6895	13
6896	13
6897	13
6898	13
6899	13
6900	13
6901	12
6902	13
6903	13
6904	12
6905	13
6906	13
6907	14
6908	13
6909	13
6910	13
6911	13
6912	13
6913	13
6914	13
6915	13
6916	12
6917	13
6918	13
6919	13
6920	12
6921	12
6922	12
6923	13
6924	13
6925	13
6926	13
6927	13
6928	12
6929	13
6930	13
6931	13
6932	14
6933	12
6934	14
6935	13
6936	13
6937	13
6938	12
6939	12
6940	13
6941	12
6942	13
6943	13
6944	13
6945	13
6946	13
6947	12
6948	13
6949	13
6950	13
6951	12
6952	13
6953	13
6954	13
6955	13
6956	13
6957	13
6958	12
6959	13
6960	13
6961	13
6962	13
6963	13
6964	13
6965	13
6966	13
6967	12
6968	12
6969	13
6970	12
6971	13
6972	13
6973	12
6974	13
6975	13
6976	13
6977	12
6978	13
6979	13
6980	12
6981	13
6982	13
6983	12
6984	13
6985	13
6986	14
6987	13
6988	13
6989	13
6990	12
6991	12
6992	13
6993	13
6994	13
6995	13
6996	12
6997	14
6998	13
6999	12
7000	13
7001	13
7002	13
7003	13
7004	12
7005	13
7006	12
7007	13
7008	13
7009	12
7010	12
7011	13
7012	13
7013	12
7014	12
7015	13
7016	12
7017	12
7018	13
7019	13
7020	12
7021	13
7022	13
7023	13
7024	13
7025	12
7026	13
7027	13
7028	13
7029	14
7030	13
7031	13
7032	12
7033	12
7034	13
7035	13
7036	13
7037	12
7038	13
7039	14
7040	13
7041	13
7042	13
7043	13
7044	13
7045	13
7046	13
7047	13
7048	13
7049	13
7050	14
7051	13
7052	13
7053	13
7054	12
7055	13
7056	13
7057	13
7058	13
7059	13
7060	13
7061	13
7062	13
7063	13
7064	13
7065	13
7066	12
7067	14
7068	12
7069	13
7070	12
7071	12
7072	13
7073	13
7074	13
7075	13
7076	13
7077	14
7078	13
7079	13
7080	13
7081	13
7082	14
7083	13
7084	14
7085	13
7086	13
7087	13
7088	14
7089	13
7090	13
7091	13
7092	13
7093	13
7094	13
7095	13
7096	13
7097	13
7098	13
7099	13
7100	13
7101	13
7102	13
7103	13
7104	13
7105	14
7106	13
7107	13
7108	13
7109	13
7110	13
7111	12
7112	13
7113	15
7114	13
7115	13
7116	13
7117	12
7118	13
7119	13
7120	13
7121	13
7122	13
7123	14
7124	12
7125	13
7126	13
7127	13
7128	13
7129	13
7130	13
7131	14
7132	14
7133	13
7134	13
7135	13
7136	13
7137	13
7138	13
7139	13
7140	13
7141	13
7142	13
7143	13
7144	13
7145	13
7146	13
7147	12
7148	13
7149	12
7150	12
7151	13
7152	13
7153	12
7154	13
7155	13
7156	14
7157	13
7158	13
7159	13
7160	12
7161	13
7162	13
7163	13
7164	13
7165	12
7166	13
7167	13
7168	13
7169	13
7170	13
7171	12
7172	13
7173	13
7174	13
7175	13
7176	13
7177	13
7178	13
7179	12
7180	14
7181	13
7182	13
7183	14
7184	14
7185	13
7186	13
7187	13
7188	12
7189	13
7190	14
7191	13
7192	13
7193	13
7194	13
7195	12
7196	13
7197	13
7198	13
7199	12
7200	13
7201	13
7202	13
7203	13
7204	13
7205	13
7206	13
7207	13
7208	12
7209	13
7210	13
7211	13
7212	13
7213	13
7214	13
7215	13
7216	14
7217	13
7218	13
7219	14
7220	14
7221	13
7222	13
7223	13
7224	13
7225	13
7226	13
7227	13
7228	13
7229	13
7230	12
7231	14
7232	13
7233	14
7234	13
7235	14
7236	13
7237	12
7238	13
7239	13
7240	13
7241	13
7242	13
7243	13
7244	12
7245	13
7246	12
7247	13
7248	13
7249	13
7250	13
7251	13
7252	12
7253	13
7254	13
7255	14
7256	12
7257	13
7258	12
7259	13
7260	12
7261	13
7262	13
7263	13
7264	12
7265	13
7266	13
7267	13
7268	14
7269	13
7270	13
7271	13
7272	13
7273	12
7274	13
7275	13
7276	13
7277	13
7278	13
7279	13
7280	12
7281	13
7282	13
7283	12
7284	12
7285	13
7286	12
7287	13
7288	13
7289	14
7290	13
7291	13
7292	13
7293	13
7294	13
7295	12
7296	13
7297	13
7298	13
7299	13
7300	13
7301	13
7302	13
7303	12
7304	12
7305	12
7306	13
7307	13
7308	13
7309	13
7310	12
7311	12
7312	13
7313	12
7314	13
7315	13
7316	13
7317	13
7318	13
7319	13
7320	14
7321	13
7322	13
7323	13
7324	13
7325	13
7326	13
7327	14
7328	13
7329	14
7330	13
7331	14
7332	12
7333	14
7334	13
7335	13
7336	13
7337	14
7338	13
7339	13
7340	12
7341	12
7342	12
7343	13
7344	14
7345	13
7346	12
7347	13
7348	13
7349	13
7350	13
7351	13
7352	12
7353	13
7354	12
7355	13
7356	12
7357	13
7358	13
7359	13
7360	13
7361	13
7362	13
7363	13
7364	13
7365	13
7366	13
7367	13
7368	13
7369	13
7370	12
7371	12
7372	12
7373	13
7374	13
7375	12
7376	12
7377	12
7378	13
