/*--------------------------------*- C++ -*----------------------------------*\
| =========                 |                                                 |
| \\      /  F ield         | OpenFOAM: The Open Source CFD Toolbox           |
|  \\    /   O peration     | Version:  2012                                  |
|   \\  /    A nd           | Website:  www.openfoam.com                      |
|    \\/     M anipulation  |                                                 |
\*---------------------------------------------------------------------------*/
FoamFile
{
    version     2.0;
    format      ascii;
    class       volScalarField;
    location    "1";
    object      gradTx;
}
// * * * * * * * * * * * * * * * * * * * * * * * * * * * * * * * * * * * * * //

dimensions      [0 -1 0 1 0 0 0];


internalField   nonuniform List<scalar> 
1000
(
0.030004
0.027696
0.0255653
0.0235982
0.0217821
0.0201054
0.0185574
0.0171282
0.0158086
0.0145902
0.0134651
0.0124262
0.0114669
0.0105809
0.00976269
0.00900692
0.00830881
0.00766386
0.00706797
0.00651731
0.00600837
0.00553787
0.00510282
0.00470043
0.00432812
0.00398351
0.00366439
0.00336874
0.00309462
0.00284034
0.00260421
0.00238477
0.00218056
0.00199035
0.00181283
0.00164696
0.00149159
0.0013458
0.00120859
0.00107915
0.000956575
0.000840172
0.000729093
0.000622734
0.000520306
0.000421264
0.00032486
0.000230594
0.000137745
4.58371e-05
-4.58371e-05
-0.000137745
-0.000230594
-0.00032486
-0.000421264
-0.000520306
-0.000622734
-0.000729093
-0.000840172
-0.000956575
-0.00107915
-0.00120859
-0.0013458
-0.00149159
-0.00164696
-0.00181283
-0.00199035
-0.00218056
-0.00238477
-0.00260421
-0.00284034
-0.00309462
-0.00336874
-0.00366439
-0.00398351
-0.00432812
-0.00470043
-0.00510282
-0.00553787
-0.00600837
-0.00651731
-0.00706797
-0.00766386
-0.00830881
-0.00900692
-0.00976269
-0.0105809
-0.0114669
-0.0124262
-0.0134651
-0.0145902
-0.0158086
-0.0171282
-0.0185574
-0.0201054
-0.0217821
-0.0235982
-0.0255653
-0.027696
-0.030004
0.0300039
0.027696
0.0255653
0.0235982
0.0217821
0.0201054
0.0185574
0.0171282
0.0158086
0.0145902
0.0134651
0.0124263
0.0114669
0.0105809
0.00976268
0.00900693
0.0083088
0.00766387
0.00706797
0.00651732
0.00600837
0.00553788
0.00510283
0.00470043
0.00432813
0.00398351
0.0036644
0.00336873
0.00309464
0.00284033
0.00260422
0.00238476
0.00218058
0.00199033
0.00181286
0.00164694
0.00149161
0.00134578
0.00120861
0.00107913
0.000956604
0.000840146
0.000729123
0.000622707
0.000520337
0.000421235
0.000324892
0.000230564
0.000137777
4.58062e-05
-4.58062e-05
-0.000137777
-0.000230564
-0.000324892
-0.000421235
-0.000520337
-0.000622707
-0.000729123
-0.000840146
-0.000956604
-0.00107913
-0.00120861
-0.00134578
-0.00149161
-0.00164694
-0.00181286
-0.00199033
-0.00218058
-0.00238476
-0.00260422
-0.00284033
-0.00309464
-0.00336873
-0.0036644
-0.00398351
-0.00432813
-0.00470043
-0.00510283
-0.00553788
-0.00600837
-0.00651732
-0.00706797
-0.00766387
-0.0083088
-0.00900693
-0.00976268
-0.0105809
-0.0114669
-0.0124263
-0.0134651
-0.0145902
-0.0158086
-0.0171282
-0.0185574
-0.0201054
-0.0217821
-0.0235982
-0.0255653
-0.027696
-0.0300039
0.030004
0.027696
0.0255653
0.0235982
0.0217821
0.0201054
0.0185574
0.0171282
0.0158086
0.0145902
0.0134651
0.0124262
0.0114669
0.0105809
0.00976269
0.00900692
0.00830881
0.00766386
0.00706797
0.00651731
0.00600837
0.00553787
0.00510282
0.00470043
0.00432812
0.00398352
0.00366439
0.00336874
0.00309463
0.00284034
0.00260421
0.00238477
0.00218057
0.00199035
0.00181284
0.00164696
0.00149159
0.0013458
0.00120859
0.00107915
0.000956576
0.000840174
0.000729094
0.000622736
0.000520306
0.000421265
0.00032486
0.000230595
0.000137745
4.58379e-05
-4.58379e-05
-0.000137745
-0.000230595
-0.00032486
-0.000421265
-0.000520306
-0.000622736
-0.000729094
-0.000840174
-0.000956576
-0.00107915
-0.00120859
-0.0013458
-0.00149159
-0.00164696
-0.00181284
-0.00199035
-0.00218057
-0.00238477
-0.00260421
-0.00284034
-0.00309463
-0.00336874
-0.00366439
-0.00398352
-0.00432812
-0.00470043
-0.00510282
-0.00553787
-0.00600837
-0.00651731
-0.00706797
-0.00766386
-0.00830881
-0.00900692
-0.00976269
-0.0105809
-0.0114669
-0.0124262
-0.0134651
-0.0145902
-0.0158086
-0.0171282
-0.0185574
-0.0201054
-0.0217821
-0.0235982
-0.0255653
-0.027696
-0.030004
0.0300039
0.027696
0.0255653
0.0235982
0.0217821
0.0201054
0.0185574
0.0171282
0.0158086
0.0145902
0.0134651
0.0124263
0.0114669
0.0105809
0.00976268
0.00900693
0.0083088
0.00766387
0.00706797
0.00651732
0.00600837
0.00553788
0.00510283
0.00470043
0.00432813
0.00398351
0.00366441
0.00336873
0.00309464
0.00284033
0.00260423
0.00238476
0.00218059
0.00199034
0.00181286
0.00164694
0.00149161
0.00134578
0.00120861
0.00107913
0.000956605
0.000840149
0.000729123
0.000622709
0.000520337
0.000421237
0.000324891
0.000230566
0.000137776
4.58074e-05
-4.58074e-05
-0.000137776
-0.000230566
-0.000324891
-0.000421237
-0.000520337
-0.000622709
-0.000729123
-0.000840149
-0.000956605
-0.00107913
-0.00120861
-0.00134578
-0.00149161
-0.00164694
-0.00181286
-0.00199034
-0.00218059
-0.00238476
-0.00260423
-0.00284033
-0.00309464
-0.00336873
-0.00366441
-0.00398351
-0.00432813
-0.00470043
-0.00510283
-0.00553788
-0.00600837
-0.00651732
-0.00706797
-0.00766387
-0.0083088
-0.00900693
-0.00976268
-0.0105809
-0.0114669
-0.0124263
-0.0134651
-0.0145902
-0.0158086
-0.0171282
-0.0185574
-0.0201054
-0.0217821
-0.0235982
-0.0255653
-0.027696
-0.0300039
0.030004
0.027696
0.0255653
0.0235982
0.0217821
0.0201054
0.0185574
0.0171282
0.0158086
0.0145902
0.0134651
0.0124262
0.0114669
0.0105809
0.00976269
0.00900692
0.00830881
0.00766386
0.00706798
0.00651731
0.00600837
0.00553788
0.00510283
0.00470043
0.00432812
0.00398352
0.0036644
0.00336874
0.00309463
0.00284034
0.00260421
0.00238477
0.00218057
0.00199035
0.00181284
0.00164696
0.00149159
0.0013458
0.00120859
0.00107915
0.000956579
0.000840173
0.000729096
0.000622734
0.000520309
0.000421263
0.000324863
0.000230593
0.000137747
4.58356e-05
-4.58355e-05
-0.000137747
-0.000230593
-0.000324863
-0.000421263
-0.000520309
-0.000622734
-0.000729096
-0.000840173
-0.000956579
-0.00107915
-0.00120859
-0.0013458
-0.00149159
-0.00164696
-0.00181284
-0.00199035
-0.00218057
-0.00238477
-0.00260421
-0.00284034
-0.00309463
-0.00336874
-0.0036644
-0.00398352
-0.00432812
-0.00470043
-0.00510283
-0.00553788
-0.00600837
-0.00651731
-0.00706798
-0.00766386
-0.00830881
-0.00900692
-0.00976269
-0.0105809
-0.0114669
-0.0124262
-0.0134651
-0.0145902
-0.0158086
-0.0171282
-0.0185574
-0.0201054
-0.0217821
-0.0235982
-0.0255653
-0.027696
-0.030004
0.0300039
0.027696
0.0255653
0.0235982
0.0217821
0.0201054
0.0185574
0.0171282
0.0158086
0.0145902
0.0134651
0.0124262
0.0114669
0.0105809
0.00976268
0.00900693
0.00830881
0.00766387
0.00706797
0.00651732
0.00600837
0.00553788
0.00510283
0.00470044
0.00432813
0.00398352
0.00366441
0.00336874
0.00309464
0.00284034
0.00260423
0.00238476
0.00218059
0.00199034
0.00181286
0.00164695
0.00149161
0.00134579
0.00120861
0.00107914
0.000956602
0.000840153
0.00072912
0.000622713
0.000520333
0.000421241
0.000324888
0.00023057
0.000137772
4.58112e-05
-4.58112e-05
-0.000137772
-0.00023057
-0.000324888
-0.000421241
-0.000520333
-0.000622713
-0.00072912
-0.000840153
-0.000956602
-0.00107914
-0.00120861
-0.00134579
-0.00149161
-0.00164695
-0.00181286
-0.00199034
-0.00218059
-0.00238476
-0.00260423
-0.00284034
-0.00309464
-0.00336874
-0.00366441
-0.00398352
-0.00432813
-0.00470044
-0.00510283
-0.00553788
-0.00600837
-0.00651732
-0.00706797
-0.00766387
-0.00830881
-0.00900693
-0.00976268
-0.0105809
-0.0114669
-0.0124262
-0.0134651
-0.0145902
-0.0158086
-0.0171282
-0.0185574
-0.0201054
-0.0217821
-0.0235982
-0.0255653
-0.027696
-0.0300039
0.030004
0.027696
0.0255653
0.0235982
0.0217821
0.0201054
0.0185574
0.0171282
0.0158086
0.0145902
0.0134651
0.0124262
0.0114669
0.0105809
0.00976269
0.00900692
0.00830881
0.00766386
0.00706798
0.00651732
0.00600837
0.00553788
0.00510283
0.00470043
0.00432812
0.00398352
0.0036644
0.00336874
0.00309463
0.00284034
0.00260421
0.00238477
0.00218057
0.00199035
0.00181284
0.00164696
0.00149159
0.0013458
0.00120859
0.00107915
0.000956584
0.000840169
0.000729101
0.000622731
0.000520313
0.00042126
0.000324867
0.000230589
0.000137752
4.58313e-05
-4.58313e-05
-0.000137752
-0.000230589
-0.000324867
-0.00042126
-0.000520313
-0.000622731
-0.000729101
-0.000840169
-0.000956584
-0.00107915
-0.00120859
-0.0013458
-0.00149159
-0.00164696
-0.00181284
-0.00199035
-0.00218057
-0.00238477
-0.00260421
-0.00284034
-0.00309463
-0.00336874
-0.0036644
-0.00398352
-0.00432812
-0.00470043
-0.00510283
-0.00553788
-0.00600837
-0.00651732
-0.00706798
-0.00766386
-0.00830881
-0.00900692
-0.00976269
-0.0105809
-0.0114669
-0.0124262
-0.0134651
-0.0145902
-0.0158086
-0.0171282
-0.0185574
-0.0201054
-0.0217821
-0.0235982
-0.0255653
-0.027696
-0.030004
0.0300039
0.027696
0.0255653
0.0235982
0.0217821
0.0201054
0.0185574
0.0171282
0.0158086
0.0145902
0.0134651
0.0124262
0.0114669
0.0105809
0.00976269
0.00900693
0.00830881
0.00766387
0.00706798
0.00651732
0.00600837
0.00553788
0.00510283
0.00470044
0.00432813
0.00398352
0.00366441
0.00336874
0.00309464
0.00284034
0.00260422
0.00238477
0.00218058
0.00199034
0.00181285
0.00164695
0.00149161
0.00134579
0.00120861
0.00107914
0.000956599
0.000840157
0.000729116
0.000622718
0.000520329
0.000421245
0.000324883
0.000230574
0.000137768
4.58159e-05
-4.58159e-05
-0.000137768
-0.000230574
-0.000324883
-0.000421245
-0.000520329
-0.000622718
-0.000729116
-0.000840157
-0.000956599
-0.00107914
-0.00120861
-0.00134579
-0.00149161
-0.00164695
-0.00181285
-0.00199034
-0.00218058
-0.00238477
-0.00260422
-0.00284034
-0.00309464
-0.00336874
-0.00366441
-0.00398352
-0.00432813
-0.00470044
-0.00510283
-0.00553788
-0.00600837
-0.00651732
-0.00706798
-0.00766387
-0.00830881
-0.00900693
-0.00976269
-0.0105809
-0.0114669
-0.0124262
-0.0134651
-0.0145902
-0.0158086
-0.0171282
-0.0185574
-0.0201054
-0.0217821
-0.0235982
-0.0255653
-0.027696
-0.0300039
0.030004
0.027696
0.0255653
0.0235982
0.0217821
0.0201054
0.0185574
0.0171282
0.0158086
0.0145902
0.0134651
0.0124262
0.0114669
0.0105809
0.00976269
0.00900692
0.00830881
0.00766387
0.00706798
0.00651732
0.00600837
0.00553788
0.00510283
0.00470044
0.00432813
0.00398352
0.0036644
0.00336874
0.00309463
0.00284034
0.00260422
0.00238477
0.00218058
0.00199035
0.00181285
0.00164696
0.0014916
0.0013458
0.0012086
0.00107915
0.000956588
0.000840166
0.000729105
0.000622728
0.000520318
0.000421256
0.000324872
0.000230585
0.000137756
4.58273e-05
-4.58273e-05
-0.000137756
-0.000230585
-0.000324872
-0.000421256
-0.000520318
-0.000622728
-0.000729105
-0.000840166
-0.000956588
-0.00107915
-0.0012086
-0.0013458
-0.0014916
-0.00164696
-0.00181285
-0.00199035
-0.00218058
-0.00238477
-0.00260422
-0.00284034
-0.00309463
-0.00336874
-0.0036644
-0.00398352
-0.00432813
-0.00470044
-0.00510283
-0.00553788
-0.00600837
-0.00651732
-0.00706798
-0.00766387
-0.00830881
-0.00900692
-0.00976269
-0.0105809
-0.0114669
-0.0124262
-0.0134651
-0.0145902
-0.0158086
-0.0171282
-0.0185574
-0.0201054
-0.0217821
-0.0235982
-0.0255653
-0.027696
-0.030004
0.0300039
0.027696
0.0255653
0.0235982
0.0217821
0.0201054
0.0185574
0.0171282
0.0158086
0.0145902
0.0134651
0.0124262
0.0114669
0.0105809
0.00976269
0.00900693
0.00830881
0.00766387
0.00706798
0.00651732
0.00600837
0.00553788
0.00510283
0.00470044
0.00432813
0.00398352
0.0036644
0.00336874
0.00309464
0.00284034
0.00260422
0.00238477
0.00218058
0.00199034
0.00181285
0.00164695
0.00149161
0.0013458
0.00120861
0.00107914
0.000956596
0.000840161
0.000729113
0.000622721
0.000520326
0.000421249
0.00032488
0.000230578
0.000137764
4.58197e-05
-4.58198e-05
-0.000137764
-0.000230578
-0.00032488
-0.000421249
-0.000520326
-0.000622721
-0.000729113
-0.000840161
-0.000956596
-0.00107914
-0.00120861
-0.0013458
-0.00149161
-0.00164695
-0.00181285
-0.00199034
-0.00218058
-0.00238477
-0.00260422
-0.00284034
-0.00309464
-0.00336874
-0.0036644
-0.00398352
-0.00432813
-0.00470044
-0.00510283
-0.00553788
-0.00600837
-0.00651732
-0.00706798
-0.00766387
-0.00830881
-0.00900693
-0.00976269
-0.0105809
-0.0114669
-0.0124262
-0.0134651
-0.0145902
-0.0158086
-0.0171282
-0.0185574
-0.0201054
-0.0217821
-0.0235982
-0.0255653
-0.027696
-0.0300039
)
;

boundaryField
{
    left
    {
        type            calculated;
        value           nonuniform List<scalar> 10(-0.031204 -0.0312041 -0.031204 -0.0312041 -0.031204 -0.0312041 -0.031204 -0.0312041 -0.031204 -0.0312041);
    }
    right
    {
        type            calculated;
        value           nonuniform List<scalar> 10(0.031204 0.0312041 0.031204 0.0312041 0.031204 0.0312041 0.031204 0.0312041 0.031204 0.0312041);
    }
    bottom
    {
        type            calculated;
        value           nonuniform List<scalar> 
1000
(
0.030004
0.0300039
0.030004
0.0300039
0.030004
0.0300039
0.030004
0.0300039
0.030004
0.0300039
0.027696
0.027696
0.027696
0.027696
0.027696
0.027696
0.027696
0.027696
0.027696
0.027696
0.0255653
0.0255653
0.0255653
0.0255653
0.0255653
0.0255653
0.0255653
0.0255653
0.0255653
0.0255653
0.0235982
0.0235982
0.0235982
0.0235982
0.0235982
0.0235982
0.0235982
0.0235982
0.0235982
0.0235982
0.0217821
0.0217821
0.0217821
0.0217821
0.0217821
0.0217821
0.0217821
0.0217821
0.0217821
0.0217821
0.0201054
0.0201054
0.0201054
0.0201054
0.0201054
0.0201054
0.0201054
0.0201054
0.0201054
0.0201054
0.0185574
0.0185574
0.0185574
0.0185574
0.0185574
0.0185574
0.0185574
0.0185574
0.0185574
0.0185574
0.0171282
0.0171282
0.0171282
0.0171282
0.0171282
0.0171282
0.0171282
0.0171282
0.0171282
0.0171282
0.0158086
0.0158086
0.0158086
0.0158086
0.0158086
0.0158086
0.0158086
0.0158086
0.0158086
0.0158086
0.0145902
0.0145902
0.0145902
0.0145902
0.0145902
0.0145902
0.0145902
0.0145902
0.0145902
0.0145902
0.0134651
0.0134651
0.0134651
0.0134651
0.0134651
0.0134651
0.0134651
0.0134651
0.0134651
0.0134651
0.0124262
0.0124263
0.0124262
0.0124263
0.0124262
0.0124262
0.0124262
0.0124262
0.0124262
0.0124262
0.0114669
0.0114669
0.0114669
0.0114669
0.0114669
0.0114669
0.0114669
0.0114669
0.0114669
0.0114669
0.0105809
0.0105809
0.0105809
0.0105809
0.0105809
0.0105809
0.0105809
0.0105809
0.0105809
0.0105809
0.00976269
0.00976268
0.00976269
0.00976268
0.00976269
0.00976268
0.00976269
0.00976269
0.00976269
0.00976269
0.00900692
0.00900693
0.00900692
0.00900693
0.00900692
0.00900693
0.00900692
0.00900693
0.00900692
0.00900693
0.00830881
0.0083088
0.00830881
0.0083088
0.00830881
0.00830881
0.00830881
0.00830881
0.00830881
0.00830881
0.00766386
0.00766387
0.00766386
0.00766387
0.00766386
0.00766387
0.00766386
0.00766387
0.00766387
0.00766387
0.00706797
0.00706797
0.00706797
0.00706797
0.00706798
0.00706797
0.00706798
0.00706798
0.00706798
0.00706798
0.00651731
0.00651732
0.00651731
0.00651732
0.00651731
0.00651732
0.00651732
0.00651732
0.00651732
0.00651732
0.00600837
0.00600837
0.00600837
0.00600837
0.00600837
0.00600837
0.00600837
0.00600837
0.00600837
0.00600837
0.00553787
0.00553788
0.00553787
0.00553788
0.00553788
0.00553788
0.00553788
0.00553788
0.00553788
0.00553788
0.00510282
0.00510283
0.00510282
0.00510283
0.00510283
0.00510283
0.00510283
0.00510283
0.00510283
0.00510283
0.00470043
0.00470043
0.00470043
0.00470043
0.00470043
0.00470044
0.00470043
0.00470044
0.00470044
0.00470044
0.00432812
0.00432813
0.00432812
0.00432813
0.00432812
0.00432813
0.00432812
0.00432813
0.00432813
0.00432813
0.00398351
0.00398351
0.00398352
0.00398351
0.00398352
0.00398352
0.00398352
0.00398352
0.00398352
0.00398352
0.00366439
0.0036644
0.00366439
0.00366441
0.0036644
0.00366441
0.0036644
0.00366441
0.0036644
0.0036644
0.00336874
0.00336873
0.00336874
0.00336873
0.00336874
0.00336874
0.00336874
0.00336874
0.00336874
0.00336874
0.00309462
0.00309464
0.00309463
0.00309464
0.00309463
0.00309464
0.00309463
0.00309464
0.00309463
0.00309464
0.00284034
0.00284033
0.00284034
0.00284033
0.00284034
0.00284034
0.00284034
0.00284034
0.00284034
0.00284034
0.00260421
0.00260422
0.00260421
0.00260423
0.00260421
0.00260423
0.00260421
0.00260422
0.00260422
0.00260422
0.00238477
0.00238476
0.00238477
0.00238476
0.00238477
0.00238476
0.00238477
0.00238477
0.00238477
0.00238477
0.00218056
0.00218058
0.00218057
0.00218059
0.00218057
0.00218059
0.00218057
0.00218058
0.00218058
0.00218058
0.00199035
0.00199033
0.00199035
0.00199034
0.00199035
0.00199034
0.00199035
0.00199034
0.00199035
0.00199034
0.00181283
0.00181286
0.00181284
0.00181286
0.00181284
0.00181286
0.00181284
0.00181285
0.00181285
0.00181285
0.00164696
0.00164694
0.00164696
0.00164694
0.00164696
0.00164695
0.00164696
0.00164695
0.00164696
0.00164695
0.00149159
0.00149161
0.00149159
0.00149161
0.00149159
0.00149161
0.00149159
0.00149161
0.0014916
0.00149161
0.0013458
0.00134578
0.0013458
0.00134578
0.0013458
0.00134579
0.0013458
0.00134579
0.0013458
0.0013458
0.00120859
0.00120861
0.00120859
0.00120861
0.00120859
0.00120861
0.00120859
0.00120861
0.0012086
0.00120861
0.00107915
0.00107913
0.00107915
0.00107913
0.00107915
0.00107914
0.00107915
0.00107914
0.00107915
0.00107914
0.000956575
0.000956604
0.000956576
0.000956605
0.000956579
0.000956602
0.000956584
0.000956599
0.000956588
0.000956596
0.000840172
0.000840146
0.000840174
0.000840149
0.000840173
0.000840153
0.000840169
0.000840157
0.000840166
0.000840161
0.000729093
0.000729123
0.000729094
0.000729123
0.000729096
0.00072912
0.000729101
0.000729116
0.000729105
0.000729113
0.000622734
0.000622707
0.000622736
0.000622709
0.000622734
0.000622713
0.000622731
0.000622718
0.000622728
0.000622721
0.000520306
0.000520337
0.000520306
0.000520337
0.000520309
0.000520333
0.000520313
0.000520329
0.000520318
0.000520326
0.000421264
0.000421235
0.000421265
0.000421237
0.000421263
0.000421241
0.00042126
0.000421245
0.000421256
0.000421249
0.00032486
0.000324892
0.00032486
0.000324891
0.000324863
0.000324888
0.000324867
0.000324883
0.000324872
0.00032488
0.000230594
0.000230564
0.000230595
0.000230566
0.000230593
0.00023057
0.000230589
0.000230574
0.000230585
0.000230578
0.000137745
0.000137777
0.000137745
0.000137776
0.000137747
0.000137772
0.000137752
0.000137768
0.000137756
0.000137764
4.58371e-05
4.58062e-05
4.58379e-05
4.58074e-05
4.58356e-05
4.58112e-05
4.58313e-05
4.58159e-05
4.58273e-05
4.58197e-05
-4.58371e-05
-4.58062e-05
-4.58379e-05
-4.58074e-05
-4.58355e-05
-4.58112e-05
-4.58313e-05
-4.58159e-05
-4.58273e-05
-4.58198e-05
-0.000137745
-0.000137777
-0.000137745
-0.000137776
-0.000137747
-0.000137772
-0.000137752
-0.000137768
-0.000137756
-0.000137764
-0.000230594
-0.000230564
-0.000230595
-0.000230566
-0.000230593
-0.00023057
-0.000230589
-0.000230574
-0.000230585
-0.000230578
-0.00032486
-0.000324892
-0.00032486
-0.000324891
-0.000324863
-0.000324888
-0.000324867
-0.000324883
-0.000324872
-0.00032488
-0.000421264
-0.000421235
-0.000421265
-0.000421237
-0.000421263
-0.000421241
-0.00042126
-0.000421245
-0.000421256
-0.000421249
-0.000520306
-0.000520337
-0.000520306
-0.000520337
-0.000520309
-0.000520333
-0.000520313
-0.000520329
-0.000520318
-0.000520326
-0.000622734
-0.000622707
-0.000622736
-0.000622709
-0.000622734
-0.000622713
-0.000622731
-0.000622718
-0.000622728
-0.000622721
-0.000729093
-0.000729123
-0.000729094
-0.000729123
-0.000729096
-0.00072912
-0.000729101
-0.000729116
-0.000729105
-0.000729113
-0.000840172
-0.000840146
-0.000840174
-0.000840149
-0.000840173
-0.000840153
-0.000840169
-0.000840157
-0.000840166
-0.000840161
-0.000956575
-0.000956604
-0.000956576
-0.000956605
-0.000956579
-0.000956602
-0.000956584
-0.000956599
-0.000956588
-0.000956596
-0.00107915
-0.00107913
-0.00107915
-0.00107913
-0.00107915
-0.00107914
-0.00107915
-0.00107914
-0.00107915
-0.00107914
-0.00120859
-0.00120861
-0.00120859
-0.00120861
-0.00120859
-0.00120861
-0.00120859
-0.00120861
-0.0012086
-0.00120861
-0.0013458
-0.00134578
-0.0013458
-0.00134578
-0.0013458
-0.00134579
-0.0013458
-0.00134579
-0.0013458
-0.0013458
-0.00149159
-0.00149161
-0.00149159
-0.00149161
-0.00149159
-0.00149161
-0.00149159
-0.00149161
-0.0014916
-0.00149161
-0.00164696
-0.00164694
-0.00164696
-0.00164694
-0.00164696
-0.00164695
-0.00164696
-0.00164695
-0.00164696
-0.00164695
-0.00181283
-0.00181286
-0.00181284
-0.00181286
-0.00181284
-0.00181286
-0.00181284
-0.00181285
-0.00181285
-0.00181285
-0.00199035
-0.00199033
-0.00199035
-0.00199034
-0.00199035
-0.00199034
-0.00199035
-0.00199034
-0.00199035
-0.00199034
-0.00218056
-0.00218058
-0.00218057
-0.00218059
-0.00218057
-0.00218059
-0.00218057
-0.00218058
-0.00218058
-0.00218058
-0.00238477
-0.00238476
-0.00238477
-0.00238476
-0.00238477
-0.00238476
-0.00238477
-0.00238477
-0.00238477
-0.00238477
-0.00260421
-0.00260422
-0.00260421
-0.00260423
-0.00260421
-0.00260423
-0.00260421
-0.00260422
-0.00260422
-0.00260422
-0.00284034
-0.00284033
-0.00284034
-0.00284033
-0.00284034
-0.00284034
-0.00284034
-0.00284034
-0.00284034
-0.00284034
-0.00309462
-0.00309464
-0.00309463
-0.00309464
-0.00309463
-0.00309464
-0.00309463
-0.00309464
-0.00309463
-0.00309464
-0.00336874
-0.00336873
-0.00336874
-0.00336873
-0.00336874
-0.00336874
-0.00336874
-0.00336874
-0.00336874
-0.00336874
-0.00366439
-0.0036644
-0.00366439
-0.00366441
-0.0036644
-0.00366441
-0.0036644
-0.00366441
-0.0036644
-0.0036644
-0.00398351
-0.00398351
-0.00398352
-0.00398351
-0.00398352
-0.00398352
-0.00398352
-0.00398352
-0.00398352
-0.00398352
-0.00432812
-0.00432813
-0.00432812
-0.00432813
-0.00432812
-0.00432813
-0.00432812
-0.00432813
-0.00432813
-0.00432813
-0.00470043
-0.00470043
-0.00470043
-0.00470043
-0.00470043
-0.00470044
-0.00470043
-0.00470044
-0.00470044
-0.00470044
-0.00510282
-0.00510283
-0.00510282
-0.00510283
-0.00510283
-0.00510283
-0.00510283
-0.00510283
-0.00510283
-0.00510283
-0.00553787
-0.00553788
-0.00553787
-0.00553788
-0.00553788
-0.00553788
-0.00553788
-0.00553788
-0.00553788
-0.00553788
-0.00600837
-0.00600837
-0.00600837
-0.00600837
-0.00600837
-0.00600837
-0.00600837
-0.00600837
-0.00600837
-0.00600837
-0.00651731
-0.00651732
-0.00651731
-0.00651732
-0.00651731
-0.00651732
-0.00651732
-0.00651732
-0.00651732
-0.00651732
-0.00706797
-0.00706797
-0.00706797
-0.00706797
-0.00706798
-0.00706797
-0.00706798
-0.00706798
-0.00706798
-0.00706798
-0.00766386
-0.00766387
-0.00766386
-0.00766387
-0.00766386
-0.00766387
-0.00766386
-0.00766387
-0.00766387
-0.00766387
-0.00830881
-0.0083088
-0.00830881
-0.0083088
-0.00830881
-0.00830881
-0.00830881
-0.00830881
-0.00830881
-0.00830881
-0.00900692
-0.00900693
-0.00900692
-0.00900693
-0.00900692
-0.00900693
-0.00900692
-0.00900693
-0.00900692
-0.00900693
-0.00976269
-0.00976268
-0.00976269
-0.00976268
-0.00976269
-0.00976268
-0.00976269
-0.00976269
-0.00976269
-0.00976269
-0.0105809
-0.0105809
-0.0105809
-0.0105809
-0.0105809
-0.0105809
-0.0105809
-0.0105809
-0.0105809
-0.0105809
-0.0114669
-0.0114669
-0.0114669
-0.0114669
-0.0114669
-0.0114669
-0.0114669
-0.0114669
-0.0114669
-0.0114669
-0.0124262
-0.0124263
-0.0124262
-0.0124263
-0.0124262
-0.0124262
-0.0124262
-0.0124262
-0.0124262
-0.0124262
-0.0134651
-0.0134651
-0.0134651
-0.0134651
-0.0134651
-0.0134651
-0.0134651
-0.0134651
-0.0134651
-0.0134651
-0.0145902
-0.0145902
-0.0145902
-0.0145902
-0.0145902
-0.0145902
-0.0145902
-0.0145902
-0.0145902
-0.0145902
-0.0158086
-0.0158086
-0.0158086
-0.0158086
-0.0158086
-0.0158086
-0.0158086
-0.0158086
-0.0158086
-0.0158086
-0.0171282
-0.0171282
-0.0171282
-0.0171282
-0.0171282
-0.0171282
-0.0171282
-0.0171282
-0.0171282
-0.0171282
-0.0185574
-0.0185574
-0.0185574
-0.0185574
-0.0185574
-0.0185574
-0.0185574
-0.0185574
-0.0185574
-0.0185574
-0.0201054
-0.0201054
-0.0201054
-0.0201054
-0.0201054
-0.0201054
-0.0201054
-0.0201054
-0.0201054
-0.0201054
-0.0217821
-0.0217821
-0.0217821
-0.0217821
-0.0217821
-0.0217821
-0.0217821
-0.0217821
-0.0217821
-0.0217821
-0.0235982
-0.0235982
-0.0235982
-0.0235982
-0.0235982
-0.0235982
-0.0235982
-0.0235982
-0.0235982
-0.0235982
-0.0255653
-0.0255653
-0.0255653
-0.0255653
-0.0255653
-0.0255653
-0.0255653
-0.0255653
-0.0255653
-0.0255653
-0.027696
-0.027696
-0.027696
-0.027696
-0.027696
-0.027696
-0.027696
-0.027696
-0.027696
-0.027696
-0.030004
-0.0300039
-0.030004
-0.0300039
-0.030004
-0.0300039
-0.030004
-0.0300039
-0.030004
-0.0300039
)
;
    }
    top
    {
        type            calculated;
        value           nonuniform List<scalar> 
1000
(
0.030004
0.0300039
0.030004
0.0300039
0.030004
0.0300039
0.030004
0.0300039
0.030004
0.0300039
0.027696
0.027696
0.027696
0.027696
0.027696
0.027696
0.027696
0.027696
0.027696
0.027696
0.0255653
0.0255653
0.0255653
0.0255653
0.0255653
0.0255653
0.0255653
0.0255653
0.0255653
0.0255653
0.0235982
0.0235982
0.0235982
0.0235982
0.0235982
0.0235982
0.0235982
0.0235982
0.0235982
0.0235982
0.0217821
0.0217821
0.0217821
0.0217821
0.0217821
0.0217821
0.0217821
0.0217821
0.0217821
0.0217821
0.0201054
0.0201054
0.0201054
0.0201054
0.0201054
0.0201054
0.0201054
0.0201054
0.0201054
0.0201054
0.0185574
0.0185574
0.0185574
0.0185574
0.0185574
0.0185574
0.0185574
0.0185574
0.0185574
0.0185574
0.0171282
0.0171282
0.0171282
0.0171282
0.0171282
0.0171282
0.0171282
0.0171282
0.0171282
0.0171282
0.0158086
0.0158086
0.0158086
0.0158086
0.0158086
0.0158086
0.0158086
0.0158086
0.0158086
0.0158086
0.0145902
0.0145902
0.0145902
0.0145902
0.0145902
0.0145902
0.0145902
0.0145902
0.0145902
0.0145902
0.0134651
0.0134651
0.0134651
0.0134651
0.0134651
0.0134651
0.0134651
0.0134651
0.0134651
0.0134651
0.0124262
0.0124263
0.0124262
0.0124263
0.0124262
0.0124262
0.0124262
0.0124262
0.0124262
0.0124262
0.0114669
0.0114669
0.0114669
0.0114669
0.0114669
0.0114669
0.0114669
0.0114669
0.0114669
0.0114669
0.0105809
0.0105809
0.0105809
0.0105809
0.0105809
0.0105809
0.0105809
0.0105809
0.0105809
0.0105809
0.00976269
0.00976268
0.00976269
0.00976268
0.00976269
0.00976268
0.00976269
0.00976269
0.00976269
0.00976269
0.00900692
0.00900693
0.00900692
0.00900693
0.00900692
0.00900693
0.00900692
0.00900693
0.00900692
0.00900693
0.00830881
0.0083088
0.00830881
0.0083088
0.00830881
0.00830881
0.00830881
0.00830881
0.00830881
0.00830881
0.00766386
0.00766387
0.00766386
0.00766387
0.00766386
0.00766387
0.00766386
0.00766387
0.00766387
0.00766387
0.00706797
0.00706797
0.00706797
0.00706797
0.00706798
0.00706797
0.00706798
0.00706798
0.00706798
0.00706798
0.00651731
0.00651732
0.00651731
0.00651732
0.00651731
0.00651732
0.00651732
0.00651732
0.00651732
0.00651732
0.00600837
0.00600837
0.00600837
0.00600837
0.00600837
0.00600837
0.00600837
0.00600837
0.00600837
0.00600837
0.00553787
0.00553788
0.00553787
0.00553788
0.00553788
0.00553788
0.00553788
0.00553788
0.00553788
0.00553788
0.00510282
0.00510283
0.00510282
0.00510283
0.00510283
0.00510283
0.00510283
0.00510283
0.00510283
0.00510283
0.00470043
0.00470043
0.00470043
0.00470043
0.00470043
0.00470044
0.00470043
0.00470044
0.00470044
0.00470044
0.00432812
0.00432813
0.00432812
0.00432813
0.00432812
0.00432813
0.00432812
0.00432813
0.00432813
0.00432813
0.00398351
0.00398351
0.00398352
0.00398351
0.00398352
0.00398352
0.00398352
0.00398352
0.00398352
0.00398352
0.00366439
0.0036644
0.00366439
0.00366441
0.0036644
0.00366441
0.0036644
0.00366441
0.0036644
0.0036644
0.00336874
0.00336873
0.00336874
0.00336873
0.00336874
0.00336874
0.00336874
0.00336874
0.00336874
0.00336874
0.00309462
0.00309464
0.00309463
0.00309464
0.00309463
0.00309464
0.00309463
0.00309464
0.00309463
0.00309464
0.00284034
0.00284033
0.00284034
0.00284033
0.00284034
0.00284034
0.00284034
0.00284034
0.00284034
0.00284034
0.00260421
0.00260422
0.00260421
0.00260423
0.00260421
0.00260423
0.00260421
0.00260422
0.00260422
0.00260422
0.00238477
0.00238476
0.00238477
0.00238476
0.00238477
0.00238476
0.00238477
0.00238477
0.00238477
0.00238477
0.00218056
0.00218058
0.00218057
0.00218059
0.00218057
0.00218059
0.00218057
0.00218058
0.00218058
0.00218058
0.00199035
0.00199033
0.00199035
0.00199034
0.00199035
0.00199034
0.00199035
0.00199034
0.00199035
0.00199034
0.00181283
0.00181286
0.00181284
0.00181286
0.00181284
0.00181286
0.00181284
0.00181285
0.00181285
0.00181285
0.00164696
0.00164694
0.00164696
0.00164694
0.00164696
0.00164695
0.00164696
0.00164695
0.00164696
0.00164695
0.00149159
0.00149161
0.00149159
0.00149161
0.00149159
0.00149161
0.00149159
0.00149161
0.0014916
0.00149161
0.0013458
0.00134578
0.0013458
0.00134578
0.0013458
0.00134579
0.0013458
0.00134579
0.0013458
0.0013458
0.00120859
0.00120861
0.00120859
0.00120861
0.00120859
0.00120861
0.00120859
0.00120861
0.0012086
0.00120861
0.00107915
0.00107913
0.00107915
0.00107913
0.00107915
0.00107914
0.00107915
0.00107914
0.00107915
0.00107914
0.000956575
0.000956604
0.000956576
0.000956605
0.000956579
0.000956602
0.000956584
0.000956599
0.000956588
0.000956596
0.000840172
0.000840146
0.000840174
0.000840149
0.000840173
0.000840153
0.000840169
0.000840157
0.000840166
0.000840161
0.000729093
0.000729123
0.000729094
0.000729123
0.000729096
0.00072912
0.000729101
0.000729116
0.000729105
0.000729113
0.000622734
0.000622707
0.000622736
0.000622709
0.000622734
0.000622713
0.000622731
0.000622718
0.000622728
0.000622721
0.000520306
0.000520337
0.000520306
0.000520337
0.000520309
0.000520333
0.000520313
0.000520329
0.000520318
0.000520326
0.000421264
0.000421235
0.000421265
0.000421237
0.000421263
0.000421241
0.00042126
0.000421245
0.000421256
0.000421249
0.00032486
0.000324892
0.00032486
0.000324891
0.000324863
0.000324888
0.000324867
0.000324883
0.000324872
0.00032488
0.000230594
0.000230564
0.000230595
0.000230566
0.000230593
0.00023057
0.000230589
0.000230574
0.000230585
0.000230578
0.000137745
0.000137777
0.000137745
0.000137776
0.000137747
0.000137772
0.000137752
0.000137768
0.000137756
0.000137764
4.58371e-05
4.58062e-05
4.58379e-05
4.58074e-05
4.58356e-05
4.58112e-05
4.58313e-05
4.58159e-05
4.58273e-05
4.58197e-05
-4.58371e-05
-4.58062e-05
-4.58379e-05
-4.58074e-05
-4.58355e-05
-4.58112e-05
-4.58313e-05
-4.58159e-05
-4.58273e-05
-4.58198e-05
-0.000137745
-0.000137777
-0.000137745
-0.000137776
-0.000137747
-0.000137772
-0.000137752
-0.000137768
-0.000137756
-0.000137764
-0.000230594
-0.000230564
-0.000230595
-0.000230566
-0.000230593
-0.00023057
-0.000230589
-0.000230574
-0.000230585
-0.000230578
-0.00032486
-0.000324892
-0.00032486
-0.000324891
-0.000324863
-0.000324888
-0.000324867
-0.000324883
-0.000324872
-0.00032488
-0.000421264
-0.000421235
-0.000421265
-0.000421237
-0.000421263
-0.000421241
-0.00042126
-0.000421245
-0.000421256
-0.000421249
-0.000520306
-0.000520337
-0.000520306
-0.000520337
-0.000520309
-0.000520333
-0.000520313
-0.000520329
-0.000520318
-0.000520326
-0.000622734
-0.000622707
-0.000622736
-0.000622709
-0.000622734
-0.000622713
-0.000622731
-0.000622718
-0.000622728
-0.000622721
-0.000729093
-0.000729123
-0.000729094
-0.000729123
-0.000729096
-0.00072912
-0.000729101
-0.000729116
-0.000729105
-0.000729113
-0.000840172
-0.000840146
-0.000840174
-0.000840149
-0.000840173
-0.000840153
-0.000840169
-0.000840157
-0.000840166
-0.000840161
-0.000956575
-0.000956604
-0.000956576
-0.000956605
-0.000956579
-0.000956602
-0.000956584
-0.000956599
-0.000956588
-0.000956596
-0.00107915
-0.00107913
-0.00107915
-0.00107913
-0.00107915
-0.00107914
-0.00107915
-0.00107914
-0.00107915
-0.00107914
-0.00120859
-0.00120861
-0.00120859
-0.00120861
-0.00120859
-0.00120861
-0.00120859
-0.00120861
-0.0012086
-0.00120861
-0.0013458
-0.00134578
-0.0013458
-0.00134578
-0.0013458
-0.00134579
-0.0013458
-0.00134579
-0.0013458
-0.0013458
-0.00149159
-0.00149161
-0.00149159
-0.00149161
-0.00149159
-0.00149161
-0.00149159
-0.00149161
-0.0014916
-0.00149161
-0.00164696
-0.00164694
-0.00164696
-0.00164694
-0.00164696
-0.00164695
-0.00164696
-0.00164695
-0.00164696
-0.00164695
-0.00181283
-0.00181286
-0.00181284
-0.00181286
-0.00181284
-0.00181286
-0.00181284
-0.00181285
-0.00181285
-0.00181285
-0.00199035
-0.00199033
-0.00199035
-0.00199034
-0.00199035
-0.00199034
-0.00199035
-0.00199034
-0.00199035
-0.00199034
-0.00218056
-0.00218058
-0.00218057
-0.00218059
-0.00218057
-0.00218059
-0.00218057
-0.00218058
-0.00218058
-0.00218058
-0.00238477
-0.00238476
-0.00238477
-0.00238476
-0.00238477
-0.00238476
-0.00238477
-0.00238477
-0.00238477
-0.00238477
-0.00260421
-0.00260422
-0.00260421
-0.00260423
-0.00260421
-0.00260423
-0.00260421
-0.00260422
-0.00260422
-0.00260422
-0.00284034
-0.00284033
-0.00284034
-0.00284033
-0.00284034
-0.00284034
-0.00284034
-0.00284034
-0.00284034
-0.00284034
-0.00309462
-0.00309464
-0.00309463
-0.00309464
-0.00309463
-0.00309464
-0.00309463
-0.00309464
-0.00309463
-0.00309464
-0.00336874
-0.00336873
-0.00336874
-0.00336873
-0.00336874
-0.00336874
-0.00336874
-0.00336874
-0.00336874
-0.00336874
-0.00366439
-0.0036644
-0.00366439
-0.00366441
-0.0036644
-0.00366441
-0.0036644
-0.00366441
-0.0036644
-0.0036644
-0.00398351
-0.00398351
-0.00398352
-0.00398351
-0.00398352
-0.00398352
-0.00398352
-0.00398352
-0.00398352
-0.00398352
-0.00432812
-0.00432813
-0.00432812
-0.00432813
-0.00432812
-0.00432813
-0.00432812
-0.00432813
-0.00432813
-0.00432813
-0.00470043
-0.00470043
-0.00470043
-0.00470043
-0.00470043
-0.00470044
-0.00470043
-0.00470044
-0.00470044
-0.00470044
-0.00510282
-0.00510283
-0.00510282
-0.00510283
-0.00510283
-0.00510283
-0.00510283
-0.00510283
-0.00510283
-0.00510283
-0.00553787
-0.00553788
-0.00553787
-0.00553788
-0.00553788
-0.00553788
-0.00553788
-0.00553788
-0.00553788
-0.00553788
-0.00600837
-0.00600837
-0.00600837
-0.00600837
-0.00600837
-0.00600837
-0.00600837
-0.00600837
-0.00600837
-0.00600837
-0.00651731
-0.00651732
-0.00651731
-0.00651732
-0.00651731
-0.00651732
-0.00651732
-0.00651732
-0.00651732
-0.00651732
-0.00706797
-0.00706797
-0.00706797
-0.00706797
-0.00706798
-0.00706797
-0.00706798
-0.00706798
-0.00706798
-0.00706798
-0.00766386
-0.00766387
-0.00766386
-0.00766387
-0.00766386
-0.00766387
-0.00766386
-0.00766387
-0.00766387
-0.00766387
-0.00830881
-0.0083088
-0.00830881
-0.0083088
-0.00830881
-0.00830881
-0.00830881
-0.00830881
-0.00830881
-0.00830881
-0.00900692
-0.00900693
-0.00900692
-0.00900693
-0.00900692
-0.00900693
-0.00900692
-0.00900693
-0.00900692
-0.00900693
-0.00976269
-0.00976268
-0.00976269
-0.00976268
-0.00976269
-0.00976268
-0.00976269
-0.00976269
-0.00976269
-0.00976269
-0.0105809
-0.0105809
-0.0105809
-0.0105809
-0.0105809
-0.0105809
-0.0105809
-0.0105809
-0.0105809
-0.0105809
-0.0114669
-0.0114669
-0.0114669
-0.0114669
-0.0114669
-0.0114669
-0.0114669
-0.0114669
-0.0114669
-0.0114669
-0.0124262
-0.0124263
-0.0124262
-0.0124263
-0.0124262
-0.0124262
-0.0124262
-0.0124262
-0.0124262
-0.0124262
-0.0134651
-0.0134651
-0.0134651
-0.0134651
-0.0134651
-0.0134651
-0.0134651
-0.0134651
-0.0134651
-0.0134651
-0.0145902
-0.0145902
-0.0145902
-0.0145902
-0.0145902
-0.0145902
-0.0145902
-0.0145902
-0.0145902
-0.0145902
-0.0158086
-0.0158086
-0.0158086
-0.0158086
-0.0158086
-0.0158086
-0.0158086
-0.0158086
-0.0158086
-0.0158086
-0.0171282
-0.0171282
-0.0171282
-0.0171282
-0.0171282
-0.0171282
-0.0171282
-0.0171282
-0.0171282
-0.0171282
-0.0185574
-0.0185574
-0.0185574
-0.0185574
-0.0185574
-0.0185574
-0.0185574
-0.0185574
-0.0185574
-0.0185574
-0.0201054
-0.0201054
-0.0201054
-0.0201054
-0.0201054
-0.0201054
-0.0201054
-0.0201054
-0.0201054
-0.0201054
-0.0217821
-0.0217821
-0.0217821
-0.0217821
-0.0217821
-0.0217821
-0.0217821
-0.0217821
-0.0217821
-0.0217821
-0.0235982
-0.0235982
-0.0235982
-0.0235982
-0.0235982
-0.0235982
-0.0235982
-0.0235982
-0.0235982
-0.0235982
-0.0255653
-0.0255653
-0.0255653
-0.0255653
-0.0255653
-0.0255653
-0.0255653
-0.0255653
-0.0255653
-0.0255653
-0.027696
-0.027696
-0.027696
-0.027696
-0.027696
-0.027696
-0.027696
-0.027696
-0.027696
-0.027696
-0.030004
-0.0300039
-0.030004
-0.0300039
-0.030004
-0.0300039
-0.030004
-0.0300039
-0.030004
-0.0300039
)
;
    }
    empty
    {
        type            empty;
    }
}


// ************************************************************************* //
