/*--------------------------------*- C++ -*----------------------------------*\
| =========                 |                                                 |
| \\      /  F ield         | OpenFOAM: The Open Source CFD Toolbox           |
|  \\    /   O peration     | Version:  2012                                  |
|   \\  /    A nd           | Website:  www.openfoam.com                      |
|    \\/     M anipulation  |                                                 |
\*---------------------------------------------------------------------------*/
FoamFile
{
    version     2.0;
    format      ascii;
    class       volScalarField;
    location    "1";
    object      T;
}
// * * * * * * * * * * * * * * * * * * * * * * * * * * * * * * * * * * * * * //

dimensions      [0 0 0 1 0 0 0];


internalField   nonuniform List<scalar> 
1000
(
0.00124816
0.00355248
0.00567952
0.00764293
0.00945522
0.0111281
0.0126721
0.0140973
0.0154126
0.0166266
0.017747
0.0187811
0.0197352
0.0206158
0.0214282
0.0221778
0.0228693
0.0235072
0.0240955
0.0246381
0.0251383
0.0255994
0.0260243
0.0264159
0.0267764
0.0271084
0.0274138
0.0276947
0.0279527
0.0281898
0.0284072
0.0286065
0.0287888
0.0289554
0.0291072
0.0292454
0.0293707
0.0294841
0.0295861
0.0296775
0.0297587
0.0298305
0.0298932
0.0299472
0.0299928
0.0300304
0.0300602
0.0300824
0.0300971
0.0301044
0.0301044
0.0300971
0.0300824
0.0300602
0.0300304
0.0299928
0.0299472
0.0298932
0.0298305
0.0297587
0.0296775
0.0295861
0.0294841
0.0293707
0.0292454
0.0291072
0.0289554
0.0287888
0.0286065
0.0284072
0.0281898
0.0279527
0.0276947
0.0274138
0.0271084
0.0267764
0.0264159
0.0260243
0.0255994
0.0251383
0.0246381
0.0240955
0.0235072
0.0228693
0.0221778
0.0214282
0.0206158
0.0197352
0.0187811
0.017747
0.0166266
0.0154126
0.0140973
0.0126721
0.0111281
0.00945522
0.00764293
0.00567952
0.00355248
0.00124816
0.00124816
0.00355247
0.00567953
0.00764291
0.00945524
0.011128
0.0126721
0.0140972
0.0154126
0.0166266
0.0177471
0.018781
0.0197353
0.0206157
0.0214282
0.0221777
0.0228693
0.0235072
0.0240955
0.024638
0.0251383
0.0255994
0.0260244
0.0264158
0.0267764
0.0271083
0.0274138
0.0276946
0.0279528
0.0281898
0.0284072
0.0286064
0.0287888
0.0289553
0.0291073
0.0292454
0.0293708
0.0294841
0.0295861
0.0296774
0.0297588
0.0298305
0.0298932
0.0299471
0.0299928
0.0300304
0.0300602
0.0300824
0.0300971
0.0301044
0.0301044
0.0300971
0.0300824
0.0300602
0.0300304
0.0299928
0.0299471
0.0298932
0.0298305
0.0297588
0.0296774
0.0295861
0.0294841
0.0293708
0.0292454
0.0291073
0.0289553
0.0287888
0.0286064
0.0284072
0.0281898
0.0279528
0.0276946
0.0274138
0.0271083
0.0267764
0.0264158
0.0260244
0.0255994
0.0251383
0.024638
0.0240955
0.0235072
0.0228693
0.0221777
0.0214282
0.0206157
0.0197353
0.018781
0.0177471
0.0166266
0.0154126
0.0140972
0.0126721
0.011128
0.00945524
0.00764291
0.00567953
0.00355247
0.00124816
0.00124816
0.00355248
0.00567951
0.00764293
0.00945522
0.0111281
0.0126721
0.0140973
0.0154126
0.0166266
0.017747
0.0187811
0.0197352
0.0206158
0.0214282
0.0221778
0.0228693
0.0235072
0.0240955
0.0246381
0.0251383
0.0255994
0.0260243
0.0264159
0.0267764
0.0271084
0.0274138
0.0276947
0.0279527
0.0281898
0.0284072
0.0286065
0.0287888
0.0289554
0.0291072
0.0292454
0.0293707
0.0294841
0.0295861
0.0296775
0.0297587
0.0298305
0.0298932
0.0299472
0.0299928
0.0300304
0.0300602
0.0300824
0.0300971
0.0301044
0.0301044
0.0300971
0.0300824
0.0300602
0.0300304
0.0299928
0.0299472
0.0298932
0.0298305
0.0297587
0.0296775
0.0295861
0.0294841
0.0293707
0.0292454
0.0291072
0.0289554
0.0287888
0.0286065
0.0284072
0.0281898
0.0279527
0.0276947
0.0274138
0.0271084
0.0267764
0.0264159
0.0260243
0.0255994
0.0251383
0.0246381
0.0240955
0.0235072
0.0228693
0.0221778
0.0214282
0.0206158
0.0197352
0.0187811
0.017747
0.0166266
0.0154126
0.0140973
0.0126721
0.0111281
0.00945522
0.00764293
0.00567951
0.00355248
0.00124816
0.00124816
0.00355247
0.00567953
0.00764291
0.00945524
0.011128
0.0126721
0.0140972
0.0154126
0.0166266
0.0177471
0.018781
0.0197353
0.0206157
0.0214282
0.0221777
0.0228693
0.0235072
0.0240955
0.024638
0.0251383
0.0255994
0.0260244
0.0264158
0.0267764
0.0271083
0.0274138
0.0276946
0.0279528
0.0281898
0.0284072
0.0286064
0.0287888
0.0289553
0.0291073
0.0292454
0.0293708
0.0294841
0.0295861
0.0296774
0.0297588
0.0298305
0.0298932
0.0299472
0.0299928
0.0300304
0.0300602
0.0300824
0.0300971
0.0301044
0.0301044
0.0300971
0.0300824
0.0300602
0.0300304
0.0299928
0.0299472
0.0298932
0.0298305
0.0297588
0.0296774
0.0295861
0.0294841
0.0293708
0.0292454
0.0291073
0.0289553
0.0287888
0.0286064
0.0284072
0.0281898
0.0279528
0.0276946
0.0274138
0.0271083
0.0267764
0.0264158
0.0260244
0.0255994
0.0251383
0.024638
0.0240955
0.0235072
0.0228693
0.0221777
0.0214282
0.0206157
0.0197353
0.018781
0.0177471
0.0166266
0.0154126
0.0140972
0.0126721
0.011128
0.00945524
0.00764291
0.00567953
0.00355247
0.00124816
0.00124816
0.00355248
0.00567952
0.00764293
0.00945522
0.0111281
0.0126721
0.0140973
0.0154126
0.0166266
0.017747
0.0187811
0.0197352
0.0206158
0.0214282
0.0221778
0.0228693
0.0235072
0.0240955
0.0246381
0.0251383
0.0255994
0.0260243
0.0264159
0.0267764
0.0271084
0.0274138
0.0276947
0.0279528
0.0281898
0.0284072
0.0286065
0.0287888
0.0289554
0.0291072
0.0292454
0.0293707
0.0294841
0.0295861
0.0296775
0.0297587
0.0298305
0.0298932
0.0299472
0.0299928
0.0300304
0.0300602
0.0300824
0.0300971
0.0301044
0.0301044
0.0300971
0.0300824
0.0300602
0.0300304
0.0299928
0.0299472
0.0298932
0.0298305
0.0297587
0.0296775
0.0295861
0.0294841
0.0293707
0.0292454
0.0291072
0.0289554
0.0287888
0.0286065
0.0284072
0.0281898
0.0279528
0.0276947
0.0274138
0.0271084
0.0267764
0.0264159
0.0260243
0.0255994
0.0251383
0.0246381
0.0240955
0.0235072
0.0228693
0.0221778
0.0214282
0.0206158
0.0197352
0.0187811
0.017747
0.0166266
0.0154126
0.0140973
0.0126721
0.0111281
0.00945522
0.00764293
0.00567952
0.00355248
0.00124816
0.00124816
0.00355247
0.00567953
0.00764291
0.00945523
0.011128
0.0126721
0.0140972
0.0154126
0.0166266
0.017747
0.018781
0.0197352
0.0206157
0.0214282
0.0221778
0.0228693
0.0235072
0.0240955
0.024638
0.0251383
0.0255994
0.0260244
0.0264158
0.0267764
0.0271083
0.0274138
0.0276946
0.0279528
0.0281898
0.0284072
0.0286065
0.0287888
0.0289553
0.0291073
0.0292454
0.0293708
0.0294841
0.0295861
0.0296774
0.0297588
0.0298305
0.0298932
0.0299472
0.0299928
0.0300304
0.0300602
0.0300824
0.0300971
0.0301044
0.0301044
0.0300971
0.0300824
0.0300602
0.0300304
0.0299928
0.0299472
0.0298932
0.0298305
0.0297588
0.0296774
0.0295861
0.0294841
0.0293708
0.0292454
0.0291073
0.0289553
0.0287888
0.0286065
0.0284072
0.0281898
0.0279528
0.0276946
0.0274138
0.0271083
0.0267764
0.0264158
0.0260244
0.0255994
0.0251383
0.024638
0.0240955
0.0235072
0.0228693
0.0221778
0.0214282
0.0206157
0.0197352
0.018781
0.017747
0.0166266
0.0154126
0.0140972
0.0126721
0.011128
0.00945523
0.00764291
0.00567953
0.00355247
0.00124816
0.00124816
0.00355248
0.00567952
0.00764293
0.00945522
0.0111281
0.0126721
0.0140973
0.0154126
0.0166266
0.017747
0.018781
0.0197352
0.0206158
0.0214282
0.0221778
0.0228693
0.0235072
0.0240955
0.0246381
0.0251383
0.0255994
0.0260243
0.0264159
0.0267764
0.0271084
0.0274138
0.0276947
0.0279528
0.0281898
0.0284072
0.0286065
0.0287888
0.0289554
0.0291072
0.0292454
0.0293707
0.0294841
0.0295861
0.0296775
0.0297587
0.0298305
0.0298932
0.0299472
0.0299928
0.0300304
0.0300602
0.0300824
0.0300971
0.0301044
0.0301044
0.0300971
0.0300824
0.0300602
0.0300304
0.0299928
0.0299472
0.0298932
0.0298305
0.0297587
0.0296775
0.0295861
0.0294841
0.0293707
0.0292454
0.0291072
0.0289554
0.0287888
0.0286065
0.0284072
0.0281898
0.0279528
0.0276947
0.0274138
0.0271084
0.0267764
0.0264159
0.0260243
0.0255994
0.0251383
0.0246381
0.0240955
0.0235072
0.0228693
0.0221778
0.0214282
0.0206158
0.0197352
0.018781
0.017747
0.0166266
0.0154126
0.0140973
0.0126721
0.0111281
0.00945522
0.00764293
0.00567952
0.00355248
0.00124816
0.00124816
0.00355247
0.00567952
0.00764291
0.00945523
0.011128
0.0126721
0.0140972
0.0154126
0.0166266
0.017747
0.018781
0.0197352
0.0206157
0.0214282
0.0221778
0.0228693
0.0235072
0.0240955
0.024638
0.0251383
0.0255994
0.0260244
0.0264158
0.0267764
0.0271083
0.0274138
0.0276946
0.0279528
0.0281898
0.0284072
0.0286065
0.0287888
0.0289554
0.0291073
0.0292454
0.0293708
0.0294841
0.0295861
0.0296774
0.0297588
0.0298305
0.0298932
0.0299472
0.0299928
0.0300304
0.0300602
0.0300824
0.0300971
0.0301044
0.0301044
0.0300971
0.0300824
0.0300602
0.0300304
0.0299928
0.0299472
0.0298932
0.0298305
0.0297588
0.0296774
0.0295861
0.0294841
0.0293708
0.0292454
0.0291073
0.0289554
0.0287888
0.0286065
0.0284072
0.0281898
0.0279528
0.0276946
0.0274138
0.0271083
0.0267764
0.0264158
0.0260244
0.0255994
0.0251383
0.024638
0.0240955
0.0235072
0.0228693
0.0221778
0.0214282
0.0206157
0.0197352
0.018781
0.017747
0.0166266
0.0154126
0.0140972
0.0126721
0.011128
0.00945523
0.00764291
0.00567952
0.00355247
0.00124816
0.00124816
0.00355248
0.00567952
0.00764292
0.00945523
0.0111281
0.0126721
0.0140972
0.0154126
0.0166266
0.017747
0.018781
0.0197352
0.0206157
0.0214282
0.0221778
0.0228693
0.0235072
0.0240955
0.0246381
0.0251383
0.0255994
0.0260243
0.0264159
0.0267764
0.0271084
0.0274138
0.0276947
0.0279528
0.0281898
0.0284072
0.0286065
0.0287888
0.0289554
0.0291072
0.0292454
0.0293708
0.0294841
0.0295861
0.0296775
0.0297587
0.0298305
0.0298932
0.0299472
0.0299928
0.0300304
0.0300602
0.0300824
0.0300971
0.0301044
0.0301044
0.0300971
0.0300824
0.0300602
0.0300304
0.0299928
0.0299472
0.0298932
0.0298305
0.0297587
0.0296775
0.0295861
0.0294841
0.0293708
0.0292454
0.0291072
0.0289554
0.0287888
0.0286065
0.0284072
0.0281898
0.0279528
0.0276947
0.0274138
0.0271084
0.0267764
0.0264159
0.0260243
0.0255994
0.0251383
0.0246381
0.0240955
0.0235072
0.0228693
0.0221778
0.0214282
0.0206157
0.0197352
0.018781
0.017747
0.0166266
0.0154126
0.0140972
0.0126721
0.0111281
0.00945523
0.00764292
0.00567952
0.00355248
0.00124816
0.00124816
0.00355247
0.00567952
0.00764291
0.00945523
0.011128
0.0126721
0.0140972
0.0154126
0.0166266
0.017747
0.018781
0.0197352
0.0206157
0.0214282
0.0221778
0.0228693
0.0235072
0.0240955
0.0246381
0.0251383
0.0255994
0.0260243
0.0264158
0.0267764
0.0271083
0.0274138
0.0276947
0.0279528
0.0281898
0.0284072
0.0286065
0.0287888
0.0289554
0.0291073
0.0292454
0.0293708
0.0294841
0.0295861
0.0296775
0.0297588
0.0298305
0.0298932
0.0299472
0.0299928
0.0300304
0.0300602
0.0300824
0.0300971
0.0301044
0.0301044
0.0300971
0.0300824
0.0300602
0.0300304
0.0299928
0.0299472
0.0298932
0.0298305
0.0297588
0.0296775
0.0295861
0.0294841
0.0293708
0.0292454
0.0291073
0.0289554
0.0287888
0.0286065
0.0284072
0.0281898
0.0279528
0.0276947
0.0274138
0.0271083
0.0267764
0.0264158
0.0260243
0.0255994
0.0251383
0.0246381
0.0240955
0.0235072
0.0228693
0.0221778
0.0214282
0.0206157
0.0197352
0.018781
0.017747
0.0166266
0.0154126
0.0140972
0.0126721
0.011128
0.00945523
0.00764291
0.00567952
0.00355247
0.00124816
)
;

boundaryField
{
    left
    {
        type            fixedValue;
        value           uniform 0;
    }
    right
    {
        type            fixedValue;
        value           uniform 0;
    }
    bottom
    {
        type            fixedValue;
        value           uniform 0;
    }
    top
    {
        type            fixedValue;
        value           uniform 0;
    }
    empty
    {
        type            empty;
    }
}


// ************************************************************************* //
