/*--------------------------------*- C++ -*----------------------------------*\
| =========                 |                                                 |
| \\      /  F ield         | OpenFOAM: The Open Source CFD Toolbox           |
|  \\    /   O peration     | Version:  2012                                  |
|   \\  /    A nd           | Website:  www.openfoam.com                      |
|    \\/     M anipulation  |                                                 |
\*---------------------------------------------------------------------------*/
FoamFile
{
    version     2.0;
    format      ascii;
    class       vectorField;
    location    "constant/polyMesh";
    object      points;
}
// * * * * * * * * * * * * * * * * * * * * * * * * * * * * * * * * * * * * * //


2222
(
(-4 -1 -1)
(-3.92 -1 -1)
(-3.84 -1 -1)
(-3.76 -1 -1)
(-3.68 -1 -1)
(-3.6 -1 -1)
(-3.52 -1 -1)
(-3.44 -1 -1)
(-3.36 -1 -1)
(-3.28 -1 -1)
(-3.2 -1 -1)
(-3.12 -1 -1)
(-3.04 -1 -1)
(-2.96 -1 -1)
(-2.88 -1 -1)
(-2.8 -1 -1)
(-2.72 -1 -1)
(-2.64 -1 -1)
(-2.56 -1 -1)
(-2.48 -1 -1)
(-2.4 -1 -1)
(-2.32 -1 -1)
(-2.24 -1 -1)
(-2.16 -1 -1)
(-2.08 -1 -1)
(-2 -1 -1)
(-1.92 -1 -1)
(-1.84 -1 -1)
(-1.76 -1 -1)
(-1.68 -1 -1)
(-1.6 -1 -1)
(-1.52 -1 -1)
(-1.44 -1 -1)
(-1.36 -1 -1)
(-1.28 -1 -1)
(-1.2 -1 -1)
(-1.12 -1 -1)
(-1.04 -1 -1)
(-0.96 -1 -1)
(-0.88 -1 -1)
(-0.8 -1 -1)
(-0.72 -1 -1)
(-0.64 -1 -1)
(-0.56 -1 -1)
(-0.48 -1 -1)
(-0.4 -1 -1)
(-0.32 -1 -1)
(-0.24 -1 -1)
(-0.16 -1 -1)
(-0.08 -1 -1)
(0 -1 -1)
(0.08 -1 -1)
(0.16 -1 -1)
(0.24 -1 -1)
(0.32 -1 -1)
(0.4 -1 -1)
(0.48 -1 -1)
(0.56 -1 -1)
(0.64 -1 -1)
(0.72 -1 -1)
(0.8 -1 -1)
(0.88 -1 -1)
(0.96 -1 -1)
(1.04 -1 -1)
(1.12 -1 -1)
(1.2 -1 -1)
(1.28 -1 -1)
(1.36 -1 -1)
(1.44 -1 -1)
(1.52 -1 -1)
(1.6 -1 -1)
(1.68 -1 -1)
(1.76 -1 -1)
(1.84 -1 -1)
(1.92 -1 -1)
(2 -1 -1)
(2.08 -1 -1)
(2.16 -1 -1)
(2.24 -1 -1)
(2.32 -1 -1)
(2.4 -1 -1)
(2.48 -1 -1)
(2.56 -1 -1)
(2.64 -1 -1)
(2.72 -1 -1)
(2.8 -1 -1)
(2.88 -1 -1)
(2.96 -1 -1)
(3.04 -1 -1)
(3.12 -1 -1)
(3.2 -1 -1)
(3.28 -1 -1)
(3.36 -1 -1)
(3.44 -1 -1)
(3.52 -1 -1)
(3.6 -1 -1)
(3.68 -1 -1)
(3.76 -1 -1)
(3.84 -1 -1)
(3.92 -1 -1)
(4 -1 -1)
(-4 -0.8619801832 -1)
(-3.92 -0.8619801832 -1)
(-3.84 -0.8619801832 -1)
(-3.76 -0.8619801832 -1)
(-3.68 -0.8619801832 -1)
(-3.6 -0.8619801832 -1)
(-3.52 -0.8619801832 -1)
(-3.44 -0.8619801832 -1)
(-3.36 -0.8619801832 -1)
(-3.28 -0.8619801832 -1)
(-3.2 -0.8619801832 -1)
(-3.12 -0.8619801832 -1)
(-3.04 -0.8619801832 -1)
(-2.96 -0.8619801832 -1)
(-2.88 -0.8619801832 -1)
(-2.8 -0.8619801832 -1)
(-2.72 -0.8619801832 -1)
(-2.64 -0.8619801832 -1)
(-2.56 -0.8619801832 -1)
(-2.48 -0.8619801832 -1)
(-2.4 -0.8619801832 -1)
(-2.32 -0.8619801832 -1)
(-2.24 -0.8619801832 -1)
(-2.16 -0.8619801832 -1)
(-2.08 -0.8619801832 -1)
(-2 -0.8619801832 -1)
(-1.92 -0.8619801832 -1)
(-1.84 -0.8619801832 -1)
(-1.76 -0.8619801832 -1)
(-1.68 -0.8619801832 -1)
(-1.6 -0.8619801832 -1)
(-1.52 -0.8619801832 -1)
(-1.44 -0.8619801832 -1)
(-1.36 -0.8619801832 -1)
(-1.28 -0.8619801832 -1)
(-1.2 -0.8619801832 -1)
(-1.12 -0.8619801832 -1)
(-1.04 -0.8619801832 -1)
(-0.96 -0.8619801832 -1)
(-0.88 -0.8619801832 -1)
(-0.8 -0.8619801832 -1)
(-0.72 -0.8619801832 -1)
(-0.64 -0.8619801832 -1)
(-0.56 -0.8619801832 -1)
(-0.48 -0.8619801832 -1)
(-0.4 -0.8619801832 -1)
(-0.32 -0.8619801832 -1)
(-0.24 -0.8619801832 -1)
(-0.16 -0.8619801832 -1)
(-0.08 -0.8619801832 -1)
(0 -0.8619801832 -1)
(0.08 -0.8619801832 -1)
(0.16 -0.8619801832 -1)
(0.24 -0.8619801832 -1)
(0.32 -0.8619801832 -1)
(0.4 -0.8619801832 -1)
(0.48 -0.8619801832 -1)
(0.56 -0.8619801832 -1)
(0.64 -0.8619801832 -1)
(0.72 -0.8619801832 -1)
(0.8 -0.8619801832 -1)
(0.88 -0.8619801832 -1)
(0.96 -0.8619801832 -1)
(1.04 -0.8619801832 -1)
(1.12 -0.8619801832 -1)
(1.2 -0.8619801832 -1)
(1.28 -0.8619801832 -1)
(1.36 -0.8619801832 -1)
(1.44 -0.8619801832 -1)
(1.52 -0.8619801832 -1)
(1.6 -0.8619801832 -1)
(1.68 -0.8619801832 -1)
(1.76 -0.8619801832 -1)
(1.84 -0.8619801832 -1)
(1.92 -0.8619801832 -1)
(2 -0.8619801832 -1)
(2.08 -0.8619801832 -1)
(2.16 -0.8619801832 -1)
(2.24 -0.8619801832 -1)
(2.32 -0.8619801832 -1)
(2.4 -0.8619801832 -1)
(2.48 -0.8619801832 -1)
(2.56 -0.8619801832 -1)
(2.64 -0.8619801832 -1)
(2.72 -0.8619801832 -1)
(2.8 -0.8619801832 -1)
(2.88 -0.8619801832 -1)
(2.96 -0.8619801832 -1)
(3.04 -0.8619801832 -1)
(3.12 -0.8619801832 -1)
(3.2 -0.8619801832 -1)
(3.28 -0.8619801832 -1)
(3.36 -0.8619801832 -1)
(3.44 -0.8619801832 -1)
(3.52 -0.8619801832 -1)
(3.6 -0.8619801832 -1)
(3.68 -0.8619801832 -1)
(3.76 -0.8619801832 -1)
(3.84 -0.8619801832 -1)
(3.92 -0.8619801832 -1)
(4 -0.8619801832 -1)
(-4 -0.7129105359 -1)
(-3.92 -0.7129105359 -1)
(-3.84 -0.7129105359 -1)
(-3.76 -0.7129105359 -1)
(-3.68 -0.7129105359 -1)
(-3.6 -0.7129105359 -1)
(-3.52 -0.7129105359 -1)
(-3.44 -0.7129105359 -1)
(-3.36 -0.7129105359 -1)
(-3.28 -0.7129105359 -1)
(-3.2 -0.7129105359 -1)
(-3.12 -0.7129105359 -1)
(-3.04 -0.7129105359 -1)
(-2.96 -0.7129105359 -1)
(-2.88 -0.7129105359 -1)
(-2.8 -0.7129105359 -1)
(-2.72 -0.7129105359 -1)
(-2.64 -0.7129105359 -1)
(-2.56 -0.7129105359 -1)
(-2.48 -0.7129105359 -1)
(-2.4 -0.7129105359 -1)
(-2.32 -0.7129105359 -1)
(-2.24 -0.7129105359 -1)
(-2.16 -0.7129105359 -1)
(-2.08 -0.7129105359 -1)
(-2 -0.7129105359 -1)
(-1.92 -0.7129105359 -1)
(-1.84 -0.7129105359 -1)
(-1.76 -0.7129105359 -1)
(-1.68 -0.7129105359 -1)
(-1.6 -0.7129105359 -1)
(-1.52 -0.7129105359 -1)
(-1.44 -0.7129105359 -1)
(-1.36 -0.7129105359 -1)
(-1.28 -0.7129105359 -1)
(-1.2 -0.7129105359 -1)
(-1.12 -0.7129105359 -1)
(-1.04 -0.7129105359 -1)
(-0.96 -0.7129105359 -1)
(-0.88 -0.7129105359 -1)
(-0.8 -0.7129105359 -1)
(-0.72 -0.7129105359 -1)
(-0.64 -0.7129105359 -1)
(-0.56 -0.7129105359 -1)
(-0.48 -0.7129105359 -1)
(-0.4 -0.7129105359 -1)
(-0.32 -0.7129105359 -1)
(-0.24 -0.7129105359 -1)
(-0.16 -0.7129105359 -1)
(-0.08 -0.7129105359 -1)
(0 -0.7129105359 -1)
(0.08 -0.7129105359 -1)
(0.16 -0.7129105359 -1)
(0.24 -0.7129105359 -1)
(0.32 -0.7129105359 -1)
(0.4 -0.7129105359 -1)
(0.48 -0.7129105359 -1)
(0.56 -0.7129105359 -1)
(0.64 -0.7129105359 -1)
(0.72 -0.7129105359 -1)
(0.8 -0.7129105359 -1)
(0.88 -0.7129105359 -1)
(0.96 -0.7129105359 -1)
(1.04 -0.7129105359 -1)
(1.12 -0.7129105359 -1)
(1.2 -0.7129105359 -1)
(1.28 -0.7129105359 -1)
(1.36 -0.7129105359 -1)
(1.44 -0.7129105359 -1)
(1.52 -0.7129105359 -1)
(1.6 -0.7129105359 -1)
(1.68 -0.7129105359 -1)
(1.76 -0.7129105359 -1)
(1.84 -0.7129105359 -1)
(1.92 -0.7129105359 -1)
(2 -0.7129105359 -1)
(2.08 -0.7129105359 -1)
(2.16 -0.7129105359 -1)
(2.24 -0.7129105359 -1)
(2.32 -0.7129105359 -1)
(2.4 -0.7129105359 -1)
(2.48 -0.7129105359 -1)
(2.56 -0.7129105359 -1)
(2.64 -0.7129105359 -1)
(2.72 -0.7129105359 -1)
(2.8 -0.7129105359 -1)
(2.88 -0.7129105359 -1)
(2.96 -0.7129105359 -1)
(3.04 -0.7129105359 -1)
(3.12 -0.7129105359 -1)
(3.2 -0.7129105359 -1)
(3.28 -0.7129105359 -1)
(3.36 -0.7129105359 -1)
(3.44 -0.7129105359 -1)
(3.52 -0.7129105359 -1)
(3.6 -0.7129105359 -1)
(3.68 -0.7129105359 -1)
(3.76 -0.7129105359 -1)
(3.84 -0.7129105359 -1)
(3.92 -0.7129105359 -1)
(4 -0.7129105359 -1)
(-4 -0.5519064116 -1)
(-3.92 -0.5519064116 -1)
(-3.84 -0.5519064116 -1)
(-3.76 -0.5519064116 -1)
(-3.68 -0.5519064116 -1)
(-3.6 -0.5519064116 -1)
(-3.52 -0.5519064116 -1)
(-3.44 -0.5519064116 -1)
(-3.36 -0.5519064116 -1)
(-3.28 -0.5519064116 -1)
(-3.2 -0.5519064116 -1)
(-3.12 -0.5519064116 -1)
(-3.04 -0.5519064116 -1)
(-2.96 -0.5519064116 -1)
(-2.88 -0.5519064116 -1)
(-2.8 -0.5519064116 -1)
(-2.72 -0.5519064116 -1)
(-2.64 -0.5519064116 -1)
(-2.56 -0.5519064116 -1)
(-2.48 -0.5519064116 -1)
(-2.4 -0.5519064116 -1)
(-2.32 -0.5519064116 -1)
(-2.24 -0.5519064116 -1)
(-2.16 -0.5519064116 -1)
(-2.08 -0.5519064116 -1)
(-2 -0.5519064116 -1)
(-1.92 -0.5519064116 -1)
(-1.84 -0.5519064116 -1)
(-1.76 -0.5519064116 -1)
(-1.68 -0.5519064116 -1)
(-1.6 -0.5519064116 -1)
(-1.52 -0.5519064116 -1)
(-1.44 -0.5519064116 -1)
(-1.36 -0.5519064116 -1)
(-1.28 -0.5519064116 -1)
(-1.2 -0.5519064116 -1)
(-1.12 -0.5519064116 -1)
(-1.04 -0.5519064116 -1)
(-0.96 -0.5519064116 -1)
(-0.88 -0.5519064116 -1)
(-0.8 -0.5519064116 -1)
(-0.72 -0.5519064116 -1)
(-0.64 -0.5519064116 -1)
(-0.56 -0.5519064116 -1)
(-0.48 -0.5519064116 -1)
(-0.4 -0.5519064116 -1)
(-0.32 -0.5519064116 -1)
(-0.24 -0.5519064116 -1)
(-0.16 -0.5519064116 -1)
(-0.08 -0.5519064116 -1)
(0 -0.5519064116 -1)
(0.08 -0.5519064116 -1)
(0.16 -0.5519064116 -1)
(0.24 -0.5519064116 -1)
(0.32 -0.5519064116 -1)
(0.4 -0.5519064116 -1)
(0.48 -0.5519064116 -1)
(0.56 -0.5519064116 -1)
(0.64 -0.5519064116 -1)
(0.72 -0.5519064116 -1)
(0.8 -0.5519064116 -1)
(0.88 -0.5519064116 -1)
(0.96 -0.5519064116 -1)
(1.04 -0.5519064116 -1)
(1.12 -0.5519064116 -1)
(1.2 -0.5519064116 -1)
(1.28 -0.5519064116 -1)
(1.36 -0.5519064116 -1)
(1.44 -0.5519064116 -1)
(1.52 -0.5519064116 -1)
(1.6 -0.5519064116 -1)
(1.68 -0.5519064116 -1)
(1.76 -0.5519064116 -1)
(1.84 -0.5519064116 -1)
(1.92 -0.5519064116 -1)
(2 -0.5519064116 -1)
(2.08 -0.5519064116 -1)
(2.16 -0.5519064116 -1)
(2.24 -0.5519064116 -1)
(2.32 -0.5519064116 -1)
(2.4 -0.5519064116 -1)
(2.48 -0.5519064116 -1)
(2.56 -0.5519064116 -1)
(2.64 -0.5519064116 -1)
(2.72 -0.5519064116 -1)
(2.8 -0.5519064116 -1)
(2.88 -0.5519064116 -1)
(2.96 -0.5519064116 -1)
(3.04 -0.5519064116 -1)
(3.12 -0.5519064116 -1)
(3.2 -0.5519064116 -1)
(3.28 -0.5519064116 -1)
(3.36 -0.5519064116 -1)
(3.44 -0.5519064116 -1)
(3.52 -0.5519064116 -1)
(3.6 -0.5519064116 -1)
(3.68 -0.5519064116 -1)
(3.76 -0.5519064116 -1)
(3.84 -0.5519064116 -1)
(3.92 -0.5519064116 -1)
(4 -0.5519064116 -1)
(-4 -0.3780123391 -1)
(-3.92 -0.3780123391 -1)
(-3.84 -0.3780123391 -1)
(-3.76 -0.3780123391 -1)
(-3.68 -0.3780123391 -1)
(-3.6 -0.3780123391 -1)
(-3.52 -0.3780123391 -1)
(-3.44 -0.3780123391 -1)
(-3.36 -0.3780123391 -1)
(-3.28 -0.3780123391 -1)
(-3.2 -0.3780123391 -1)
(-3.12 -0.3780123391 -1)
(-3.04 -0.3780123391 -1)
(-2.96 -0.3780123391 -1)
(-2.88 -0.3780123391 -1)
(-2.8 -0.3780123391 -1)
(-2.72 -0.3780123391 -1)
(-2.64 -0.3780123391 -1)
(-2.56 -0.3780123391 -1)
(-2.48 -0.3780123391 -1)
(-2.4 -0.3780123391 -1)
(-2.32 -0.3780123391 -1)
(-2.24 -0.3780123391 -1)
(-2.16 -0.3780123391 -1)
(-2.08 -0.3780123391 -1)
(-2 -0.3780123391 -1)
(-1.92 -0.3780123391 -1)
(-1.84 -0.3780123391 -1)
(-1.76 -0.3780123391 -1)
(-1.68 -0.3780123391 -1)
(-1.6 -0.3780123391 -1)
(-1.52 -0.3780123391 -1)
(-1.44 -0.3780123391 -1)
(-1.36 -0.3780123391 -1)
(-1.28 -0.3780123391 -1)
(-1.2 -0.3780123391 -1)
(-1.12 -0.3780123391 -1)
(-1.04 -0.3780123391 -1)
(-0.96 -0.3780123391 -1)
(-0.88 -0.3780123391 -1)
(-0.8 -0.3780123391 -1)
(-0.72 -0.3780123391 -1)
(-0.64 -0.3780123391 -1)
(-0.56 -0.3780123391 -1)
(-0.48 -0.3780123391 -1)
(-0.4 -0.3780123391 -1)
(-0.32 -0.3780123391 -1)
(-0.24 -0.3780123391 -1)
(-0.16 -0.3780123391 -1)
(-0.08 -0.3780123391 -1)
(0 -0.3780123391 -1)
(0.08 -0.3780123391 -1)
(0.16 -0.3780123391 -1)
(0.24 -0.3780123391 -1)
(0.32 -0.3780123391 -1)
(0.4 -0.3780123391 -1)
(0.48 -0.3780123391 -1)
(0.56 -0.3780123391 -1)
(0.64 -0.3780123391 -1)
(0.72 -0.3780123391 -1)
(0.8 -0.3780123391 -1)
(0.88 -0.3780123391 -1)
(0.96 -0.3780123391 -1)
(1.04 -0.3780123391 -1)
(1.12 -0.3780123391 -1)
(1.2 -0.3780123391 -1)
(1.28 -0.3780123391 -1)
(1.36 -0.3780123391 -1)
(1.44 -0.3780123391 -1)
(1.52 -0.3780123391 -1)
(1.6 -0.3780123391 -1)
(1.68 -0.3780123391 -1)
(1.76 -0.3780123391 -1)
(1.84 -0.3780123391 -1)
(1.92 -0.3780123391 -1)
(2 -0.3780123391 -1)
(2.08 -0.3780123391 -1)
(2.16 -0.3780123391 -1)
(2.24 -0.3780123391 -1)
(2.32 -0.3780123391 -1)
(2.4 -0.3780123391 -1)
(2.48 -0.3780123391 -1)
(2.56 -0.3780123391 -1)
(2.64 -0.3780123391 -1)
(2.72 -0.3780123391 -1)
(2.8 -0.3780123391 -1)
(2.88 -0.3780123391 -1)
(2.96 -0.3780123391 -1)
(3.04 -0.3780123391 -1)
(3.12 -0.3780123391 -1)
(3.2 -0.3780123391 -1)
(3.28 -0.3780123391 -1)
(3.36 -0.3780123391 -1)
(3.44 -0.3780123391 -1)
(3.52 -0.3780123391 -1)
(3.6 -0.3780123391 -1)
(3.68 -0.3780123391 -1)
(3.76 -0.3780123391 -1)
(3.84 -0.3780123391 -1)
(3.92 -0.3780123391 -1)
(4 -0.3780123391 -1)
(-4 -0.1901963526 -1)
(-3.92 -0.1901963526 -1)
(-3.84 -0.1901963526 -1)
(-3.76 -0.1901963526 -1)
(-3.68 -0.1901963526 -1)
(-3.6 -0.1901963526 -1)
(-3.52 -0.1901963526 -1)
(-3.44 -0.1901963526 -1)
(-3.36 -0.1901963526 -1)
(-3.28 -0.1901963526 -1)
(-3.2 -0.1901963526 -1)
(-3.12 -0.1901963526 -1)
(-3.04 -0.1901963526 -1)
(-2.96 -0.1901963526 -1)
(-2.88 -0.1901963526 -1)
(-2.8 -0.1901963526 -1)
(-2.72 -0.1901963526 -1)
(-2.64 -0.1901963526 -1)
(-2.56 -0.1901963526 -1)
(-2.48 -0.1901963526 -1)
(-2.4 -0.1901963526 -1)
(-2.32 -0.1901963526 -1)
(-2.24 -0.1901963526 -1)
(-2.16 -0.1901963526 -1)
(-2.08 -0.1901963526 -1)
(-2 -0.1901963526 -1)
(-1.92 -0.1901963526 -1)
(-1.84 -0.1901963526 -1)
(-1.76 -0.1901963526 -1)
(-1.68 -0.1901963526 -1)
(-1.6 -0.1901963526 -1)
(-1.52 -0.1901963526 -1)
(-1.44 -0.1901963526 -1)
(-1.36 -0.1901963526 -1)
(-1.28 -0.1901963526 -1)
(-1.2 -0.1901963526 -1)
(-1.12 -0.1901963526 -1)
(-1.04 -0.1901963526 -1)
(-0.96 -0.1901963526 -1)
(-0.88 -0.1901963526 -1)
(-0.8 -0.1901963526 -1)
(-0.72 -0.1901963526 -1)
(-0.64 -0.1901963526 -1)
(-0.56 -0.1901963526 -1)
(-0.48 -0.1901963526 -1)
(-0.4 -0.1901963526 -1)
(-0.32 -0.1901963526 -1)
(-0.24 -0.1901963526 -1)
(-0.16 -0.1901963526 -1)
(-0.08 -0.1901963526 -1)
(0 -0.1901963526 -1)
(0.08 -0.1901963526 -1)
(0.16 -0.1901963526 -1)
(0.24 -0.1901963526 -1)
(0.32 -0.1901963526 -1)
(0.4 -0.1901963526 -1)
(0.48 -0.1901963526 -1)
(0.56 -0.1901963526 -1)
(0.64 -0.1901963526 -1)
(0.72 -0.1901963526 -1)
(0.8 -0.1901963526 -1)
(0.88 -0.1901963526 -1)
(0.96 -0.1901963526 -1)
(1.04 -0.1901963526 -1)
(1.12 -0.1901963526 -1)
(1.2 -0.1901963526 -1)
(1.28 -0.1901963526 -1)
(1.36 -0.1901963526 -1)
(1.44 -0.1901963526 -1)
(1.52 -0.1901963526 -1)
(1.6 -0.1901963526 -1)
(1.68 -0.1901963526 -1)
(1.76 -0.1901963526 -1)
(1.84 -0.1901963526 -1)
(1.92 -0.1901963526 -1)
(2 -0.1901963526 -1)
(2.08 -0.1901963526 -1)
(2.16 -0.1901963526 -1)
(2.24 -0.1901963526 -1)
(2.32 -0.1901963526 -1)
(2.4 -0.1901963526 -1)
(2.48 -0.1901963526 -1)
(2.56 -0.1901963526 -1)
(2.64 -0.1901963526 -1)
(2.72 -0.1901963526 -1)
(2.8 -0.1901963526 -1)
(2.88 -0.1901963526 -1)
(2.96 -0.1901963526 -1)
(3.04 -0.1901963526 -1)
(3.12 -0.1901963526 -1)
(3.2 -0.1901963526 -1)
(3.28 -0.1901963526 -1)
(3.36 -0.1901963526 -1)
(3.44 -0.1901963526 -1)
(3.52 -0.1901963526 -1)
(3.6 -0.1901963526 -1)
(3.68 -0.1901963526 -1)
(3.76 -0.1901963526 -1)
(3.84 -0.1901963526 -1)
(3.92 -0.1901963526 -1)
(4 -0.1901963526 -1)
(-4 0.01265613278 -1)
(-3.92 0.01265613278 -1)
(-3.84 0.01265613278 -1)
(-3.76 0.01265613278 -1)
(-3.68 0.01265613278 -1)
(-3.6 0.01265613278 -1)
(-3.52 0.01265613278 -1)
(-3.44 0.01265613278 -1)
(-3.36 0.01265613278 -1)
(-3.28 0.01265613278 -1)
(-3.2 0.01265613278 -1)
(-3.12 0.01265613278 -1)
(-3.04 0.01265613278 -1)
(-2.96 0.01265613278 -1)
(-2.88 0.01265613278 -1)
(-2.8 0.01265613278 -1)
(-2.72 0.01265613278 -1)
(-2.64 0.01265613278 -1)
(-2.56 0.01265613278 -1)
(-2.48 0.01265613278 -1)
(-2.4 0.01265613278 -1)
(-2.32 0.01265613278 -1)
(-2.24 0.01265613278 -1)
(-2.16 0.01265613278 -1)
(-2.08 0.01265613278 -1)
(-2 0.01265613278 -1)
(-1.92 0.01265613278 -1)
(-1.84 0.01265613278 -1)
(-1.76 0.01265613278 -1)
(-1.68 0.01265613278 -1)
(-1.6 0.01265613278 -1)
(-1.52 0.01265613278 -1)
(-1.44 0.01265613278 -1)
(-1.36 0.01265613278 -1)
(-1.28 0.01265613278 -1)
(-1.2 0.01265613278 -1)
(-1.12 0.01265613278 -1)
(-1.04 0.01265613278 -1)
(-0.96 0.01265613278 -1)
(-0.88 0.01265613278 -1)
(-0.8 0.01265613278 -1)
(-0.72 0.01265613278 -1)
(-0.64 0.01265613278 -1)
(-0.56 0.01265613278 -1)
(-0.48 0.01265613278 -1)
(-0.4 0.01265613278 -1)
(-0.32 0.01265613278 -1)
(-0.24 0.01265613278 -1)
(-0.16 0.01265613278 -1)
(-0.08 0.01265613278 -1)
(0 0.01265613278 -1)
(0.08 0.01265613278 -1)
(0.16 0.01265613278 -1)
(0.24 0.01265613278 -1)
(0.32 0.01265613278 -1)
(0.4 0.01265613278 -1)
(0.48 0.01265613278 -1)
(0.56 0.01265613278 -1)
(0.64 0.01265613278 -1)
(0.72 0.01265613278 -1)
(0.8 0.01265613278 -1)
(0.88 0.01265613278 -1)
(0.96 0.01265613278 -1)
(1.04 0.01265613278 -1)
(1.12 0.01265613278 -1)
(1.2 0.01265613278 -1)
(1.28 0.01265613278 -1)
(1.36 0.01265613278 -1)
(1.44 0.01265613278 -1)
(1.52 0.01265613278 -1)
(1.6 0.01265613278 -1)
(1.68 0.01265613278 -1)
(1.76 0.01265613278 -1)
(1.84 0.01265613278 -1)
(1.92 0.01265613278 -1)
(2 0.01265613278 -1)
(2.08 0.01265613278 -1)
(2.16 0.01265613278 -1)
(2.24 0.01265613278 -1)
(2.32 0.01265613278 -1)
(2.4 0.01265613278 -1)
(2.48 0.01265613278 -1)
(2.56 0.01265613278 -1)
(2.64 0.01265613278 -1)
(2.72 0.01265613278 -1)
(2.8 0.01265613278 -1)
(2.88 0.01265613278 -1)
(2.96 0.01265613278 -1)
(3.04 0.01265613278 -1)
(3.12 0.01265613278 -1)
(3.2 0.01265613278 -1)
(3.28 0.01265613278 -1)
(3.36 0.01265613278 -1)
(3.44 0.01265613278 -1)
(3.52 0.01265613278 -1)
(3.6 0.01265613278 -1)
(3.68 0.01265613278 -1)
(3.76 0.01265613278 -1)
(3.84 0.01265613278 -1)
(3.92 0.01265613278 -1)
(4 0.01265613278 -1)
(-4 0.2317489352 -1)
(-3.92 0.2317489352 -1)
(-3.84 0.2317489352 -1)
(-3.76 0.2317489352 -1)
(-3.68 0.2317489352 -1)
(-3.6 0.2317489352 -1)
(-3.52 0.2317489352 -1)
(-3.44 0.2317489352 -1)
(-3.36 0.2317489352 -1)
(-3.28 0.2317489352 -1)
(-3.2 0.2317489352 -1)
(-3.12 0.2317489352 -1)
(-3.04 0.2317489352 -1)
(-2.96 0.2317489352 -1)
(-2.88 0.2317489352 -1)
(-2.8 0.2317489352 -1)
(-2.72 0.2317489352 -1)
(-2.64 0.2317489352 -1)
(-2.56 0.2317489352 -1)
(-2.48 0.2317489352 -1)
(-2.4 0.2317489352 -1)
(-2.32 0.2317489352 -1)
(-2.24 0.2317489352 -1)
(-2.16 0.2317489352 -1)
(-2.08 0.2317489352 -1)
(-2 0.2317489352 -1)
(-1.92 0.2317489352 -1)
(-1.84 0.2317489352 -1)
(-1.76 0.2317489352 -1)
(-1.68 0.2317489352 -1)
(-1.6 0.2317489352 -1)
(-1.52 0.2317489352 -1)
(-1.44 0.2317489352 -1)
(-1.36 0.2317489352 -1)
(-1.28 0.2317489352 -1)
(-1.2 0.2317489352 -1)
(-1.12 0.2317489352 -1)
(-1.04 0.2317489352 -1)
(-0.96 0.2317489352 -1)
(-0.88 0.2317489352 -1)
(-0.8 0.2317489352 -1)
(-0.72 0.2317489352 -1)
(-0.64 0.2317489352 -1)
(-0.56 0.2317489352 -1)
(-0.48 0.2317489352 -1)
(-0.4 0.2317489352 -1)
(-0.32 0.2317489352 -1)
(-0.24 0.2317489352 -1)
(-0.16 0.2317489352 -1)
(-0.08 0.2317489352 -1)
(0 0.2317489352 -1)
(0.08 0.2317489352 -1)
(0.16 0.2317489352 -1)
(0.24 0.2317489352 -1)
(0.32 0.2317489352 -1)
(0.4 0.2317489352 -1)
(0.48 0.2317489352 -1)
(0.56 0.2317489352 -1)
(0.64 0.2317489352 -1)
(0.72 0.2317489352 -1)
(0.8 0.2317489352 -1)
(0.88 0.2317489352 -1)
(0.96 0.2317489352 -1)
(1.04 0.2317489352 -1)
(1.12 0.2317489352 -1)
(1.2 0.2317489352 -1)
(1.28 0.2317489352 -1)
(1.36 0.2317489352 -1)
(1.44 0.2317489352 -1)
(1.52 0.2317489352 -1)
(1.6 0.2317489352 -1)
(1.68 0.2317489352 -1)
(1.76 0.2317489352 -1)
(1.84 0.2317489352 -1)
(1.92 0.2317489352 -1)
(2 0.2317489352 -1)
(2.08 0.2317489352 -1)
(2.16 0.2317489352 -1)
(2.24 0.2317489352 -1)
(2.32 0.2317489352 -1)
(2.4 0.2317489352 -1)
(2.48 0.2317489352 -1)
(2.56 0.2317489352 -1)
(2.64 0.2317489352 -1)
(2.72 0.2317489352 -1)
(2.8 0.2317489352 -1)
(2.88 0.2317489352 -1)
(2.96 0.2317489352 -1)
(3.04 0.2317489352 -1)
(3.12 0.2317489352 -1)
(3.2 0.2317489352 -1)
(3.28 0.2317489352 -1)
(3.36 0.2317489352 -1)
(3.44 0.2317489352 -1)
(3.52 0.2317489352 -1)
(3.6 0.2317489352 -1)
(3.68 0.2317489352 -1)
(3.76 0.2317489352 -1)
(3.84 0.2317489352 -1)
(3.92 0.2317489352 -1)
(4 0.2317489352 -1)
(-4 0.4683822501 -1)
(-3.92 0.4683822501 -1)
(-3.84 0.4683822501 -1)
(-3.76 0.4683822501 -1)
(-3.68 0.4683822501 -1)
(-3.6 0.4683822501 -1)
(-3.52 0.4683822501 -1)
(-3.44 0.4683822501 -1)
(-3.36 0.4683822501 -1)
(-3.28 0.4683822501 -1)
(-3.2 0.4683822501 -1)
(-3.12 0.4683822501 -1)
(-3.04 0.4683822501 -1)
(-2.96 0.4683822501 -1)
(-2.88 0.4683822501 -1)
(-2.8 0.4683822501 -1)
(-2.72 0.4683822501 -1)
(-2.64 0.4683822501 -1)
(-2.56 0.4683822501 -1)
(-2.48 0.4683822501 -1)
(-2.4 0.4683822501 -1)
(-2.32 0.4683822501 -1)
(-2.24 0.4683822501 -1)
(-2.16 0.4683822501 -1)
(-2.08 0.4683822501 -1)
(-2 0.4683822501 -1)
(-1.92 0.4683822501 -1)
(-1.84 0.4683822501 -1)
(-1.76 0.4683822501 -1)
(-1.68 0.4683822501 -1)
(-1.6 0.4683822501 -1)
(-1.52 0.4683822501 -1)
(-1.44 0.4683822501 -1)
(-1.36 0.4683822501 -1)
(-1.28 0.4683822501 -1)
(-1.2 0.4683822501 -1)
(-1.12 0.4683822501 -1)
(-1.04 0.4683822501 -1)
(-0.96 0.4683822501 -1)
(-0.88 0.4683822501 -1)
(-0.8 0.4683822501 -1)
(-0.72 0.4683822501 -1)
(-0.64 0.4683822501 -1)
(-0.56 0.4683822501 -1)
(-0.48 0.4683822501 -1)
(-0.4 0.4683822501 -1)
(-0.32 0.4683822501 -1)
(-0.24 0.4683822501 -1)
(-0.16 0.4683822501 -1)
(-0.08 0.4683822501 -1)
(0 0.4683822501 -1)
(0.08 0.4683822501 -1)
(0.16 0.4683822501 -1)
(0.24 0.4683822501 -1)
(0.32 0.4683822501 -1)
(0.4 0.4683822501 -1)
(0.48 0.4683822501 -1)
(0.56 0.4683822501 -1)
(0.64 0.4683822501 -1)
(0.72 0.4683822501 -1)
(0.8 0.4683822501 -1)
(0.88 0.4683822501 -1)
(0.96 0.4683822501 -1)
(1.04 0.4683822501 -1)
(1.12 0.4683822501 -1)
(1.2 0.4683822501 -1)
(1.28 0.4683822501 -1)
(1.36 0.4683822501 -1)
(1.44 0.4683822501 -1)
(1.52 0.4683822501 -1)
(1.6 0.4683822501 -1)
(1.68 0.4683822501 -1)
(1.76 0.4683822501 -1)
(1.84 0.4683822501 -1)
(1.92 0.4683822501 -1)
(2 0.4683822501 -1)
(2.08 0.4683822501 -1)
(2.16 0.4683822501 -1)
(2.24 0.4683822501 -1)
(2.32 0.4683822501 -1)
(2.4 0.4683822501 -1)
(2.48 0.4683822501 -1)
(2.56 0.4683822501 -1)
(2.64 0.4683822501 -1)
(2.72 0.4683822501 -1)
(2.8 0.4683822501 -1)
(2.88 0.4683822501 -1)
(2.96 0.4683822501 -1)
(3.04 0.4683822501 -1)
(3.12 0.4683822501 -1)
(3.2 0.4683822501 -1)
(3.28 0.4683822501 -1)
(3.36 0.4683822501 -1)
(3.44 0.4683822501 -1)
(3.52 0.4683822501 -1)
(3.6 0.4683822501 -1)
(3.68 0.4683822501 -1)
(3.76 0.4683822501 -1)
(3.84 0.4683822501 -1)
(3.92 0.4683822501 -1)
(4 0.4683822501 -1)
(-4 0.7239603664 -1)
(-3.92 0.7239603664 -1)
(-3.84 0.7239603664 -1)
(-3.76 0.7239603664 -1)
(-3.68 0.7239603664 -1)
(-3.6 0.7239603664 -1)
(-3.52 0.7239603664 -1)
(-3.44 0.7239603664 -1)
(-3.36 0.7239603664 -1)
(-3.28 0.7239603664 -1)
(-3.2 0.7239603664 -1)
(-3.12 0.7239603664 -1)
(-3.04 0.7239603664 -1)
(-2.96 0.7239603664 -1)
(-2.88 0.7239603664 -1)
(-2.8 0.7239603664 -1)
(-2.72 0.7239603664 -1)
(-2.64 0.7239603664 -1)
(-2.56 0.7239603664 -1)
(-2.48 0.7239603664 -1)
(-2.4 0.7239603664 -1)
(-2.32 0.7239603664 -1)
(-2.24 0.7239603664 -1)
(-2.16 0.7239603664 -1)
(-2.08 0.7239603664 -1)
(-2 0.7239603664 -1)
(-1.92 0.7239603664 -1)
(-1.84 0.7239603664 -1)
(-1.76 0.7239603664 -1)
(-1.68 0.7239603664 -1)
(-1.6 0.7239603664 -1)
(-1.52 0.7239603664 -1)
(-1.44 0.7239603664 -1)
(-1.36 0.7239603664 -1)
(-1.28 0.7239603664 -1)
(-1.2 0.7239603664 -1)
(-1.12 0.7239603664 -1)
(-1.04 0.7239603664 -1)
(-0.96 0.7239603664 -1)
(-0.88 0.7239603664 -1)
(-0.8 0.7239603664 -1)
(-0.72 0.7239603664 -1)
(-0.64 0.7239603664 -1)
(-0.56 0.7239603664 -1)
(-0.48 0.7239603664 -1)
(-0.4 0.7239603664 -1)
(-0.32 0.7239603664 -1)
(-0.24 0.7239603664 -1)
(-0.16 0.7239603664 -1)
(-0.08 0.7239603664 -1)
(0 0.7239603664 -1)
(0.08 0.7239603664 -1)
(0.16 0.7239603664 -1)
(0.24 0.7239603664 -1)
(0.32 0.7239603664 -1)
(0.4 0.7239603664 -1)
(0.48 0.7239603664 -1)
(0.56 0.7239603664 -1)
(0.64 0.7239603664 -1)
(0.72 0.7239603664 -1)
(0.8 0.7239603664 -1)
(0.88 0.7239603664 -1)
(0.96 0.7239603664 -1)
(1.04 0.7239603664 -1)
(1.12 0.7239603664 -1)
(1.2 0.7239603664 -1)
(1.28 0.7239603664 -1)
(1.36 0.7239603664 -1)
(1.44 0.7239603664 -1)
(1.52 0.7239603664 -1)
(1.6 0.7239603664 -1)
(1.68 0.7239603664 -1)
(1.76 0.7239603664 -1)
(1.84 0.7239603664 -1)
(1.92 0.7239603664 -1)
(2 0.7239603664 -1)
(2.08 0.7239603664 -1)
(2.16 0.7239603664 -1)
(2.24 0.7239603664 -1)
(2.32 0.7239603664 -1)
(2.4 0.7239603664 -1)
(2.48 0.7239603664 -1)
(2.56 0.7239603664 -1)
(2.64 0.7239603664 -1)
(2.72 0.7239603664 -1)
(2.8 0.7239603664 -1)
(2.88 0.7239603664 -1)
(2.96 0.7239603664 -1)
(3.04 0.7239603664 -1)
(3.12 0.7239603664 -1)
(3.2 0.7239603664 -1)
(3.28 0.7239603664 -1)
(3.36 0.7239603664 -1)
(3.44 0.7239603664 -1)
(3.52 0.7239603664 -1)
(3.6 0.7239603664 -1)
(3.68 0.7239603664 -1)
(3.76 0.7239603664 -1)
(3.84 0.7239603664 -1)
(3.92 0.7239603664 -1)
(4 0.7239603664 -1)
(-4 1 -1)
(-3.92 1 -1)
(-3.84 1 -1)
(-3.76 1 -1)
(-3.68 1 -1)
(-3.6 1 -1)
(-3.52 1 -1)
(-3.44 1 -1)
(-3.36 1 -1)
(-3.28 1 -1)
(-3.2 1 -1)
(-3.12 1 -1)
(-3.04 1 -1)
(-2.96 1 -1)
(-2.88 1 -1)
(-2.8 1 -1)
(-2.72 1 -1)
(-2.64 1 -1)
(-2.56 1 -1)
(-2.48 1 -1)
(-2.4 1 -1)
(-2.32 1 -1)
(-2.24 1 -1)
(-2.16 1 -1)
(-2.08 1 -1)
(-2 1 -1)
(-1.92 1 -1)
(-1.84 1 -1)
(-1.76 1 -1)
(-1.68 1 -1)
(-1.6 1 -1)
(-1.52 1 -1)
(-1.44 1 -1)
(-1.36 1 -1)
(-1.28 1 -1)
(-1.2 1 -1)
(-1.12 1 -1)
(-1.04 1 -1)
(-0.96 1 -1)
(-0.88 1 -1)
(-0.8 1 -1)
(-0.72 1 -1)
(-0.64 1 -1)
(-0.56 1 -1)
(-0.48 1 -1)
(-0.4 1 -1)
(-0.32 1 -1)
(-0.24 1 -1)
(-0.16 1 -1)
(-0.08 1 -1)
(0 1 -1)
(0.08 1 -1)
(0.16 1 -1)
(0.24 1 -1)
(0.32 1 -1)
(0.4 1 -1)
(0.48 1 -1)
(0.56 1 -1)
(0.64 1 -1)
(0.72 1 -1)
(0.8 1 -1)
(0.88 1 -1)
(0.96 1 -1)
(1.04 1 -1)
(1.12 1 -1)
(1.2 1 -1)
(1.28 1 -1)
(1.36 1 -1)
(1.44 1 -1)
(1.52 1 -1)
(1.6 1 -1)
(1.68 1 -1)
(1.76 1 -1)
(1.84 1 -1)
(1.92 1 -1)
(2 1 -1)
(2.08 1 -1)
(2.16 1 -1)
(2.24 1 -1)
(2.32 1 -1)
(2.4 1 -1)
(2.48 1 -1)
(2.56 1 -1)
(2.64 1 -1)
(2.72 1 -1)
(2.8 1 -1)
(2.88 1 -1)
(2.96 1 -1)
(3.04 1 -1)
(3.12 1 -1)
(3.2 1 -1)
(3.28 1 -1)
(3.36 1 -1)
(3.44 1 -1)
(3.52 1 -1)
(3.6 1 -1)
(3.68 1 -1)
(3.76 1 -1)
(3.84 1 -1)
(3.92 1 -1)
(4 1 -1)
(-4 -1 1)
(-3.92 -1 1)
(-3.84 -1 1)
(-3.76 -1 1)
(-3.68 -1 1)
(-3.6 -1 1)
(-3.52 -1 1)
(-3.44 -1 1)
(-3.36 -1 1)
(-3.28 -1 1)
(-3.2 -1 1)
(-3.12 -1 1)
(-3.04 -1 1)
(-2.96 -1 1)
(-2.88 -1 1)
(-2.8 -1 1)
(-2.72 -1 1)
(-2.64 -1 1)
(-2.56 -1 1)
(-2.48 -1 1)
(-2.4 -1 1)
(-2.32 -1 1)
(-2.24 -1 1)
(-2.16 -1 1)
(-2.08 -1 1)
(-2 -1 1)
(-1.92 -1 1)
(-1.84 -1 1)
(-1.76 -1 1)
(-1.68 -1 1)
(-1.6 -1 1)
(-1.52 -1 1)
(-1.44 -1 1)
(-1.36 -1 1)
(-1.28 -1 1)
(-1.2 -1 1)
(-1.12 -1 1)
(-1.04 -1 1)
(-0.96 -1 1)
(-0.88 -1 1)
(-0.8 -1 1)
(-0.72 -1 1)
(-0.64 -1 1)
(-0.56 -1 1)
(-0.48 -1 1)
(-0.4 -1 1)
(-0.32 -1 1)
(-0.24 -1 1)
(-0.16 -1 1)
(-0.08 -1 1)
(0 -1 1)
(0.08 -1 1)
(0.16 -1 1)
(0.24 -1 1)
(0.32 -1 1)
(0.4 -1 1)
(0.48 -1 1)
(0.56 -1 1)
(0.64 -1 1)
(0.72 -1 1)
(0.8 -1 1)
(0.88 -1 1)
(0.96 -1 1)
(1.04 -1 1)
(1.12 -1 1)
(1.2 -1 1)
(1.28 -1 1)
(1.36 -1 1)
(1.44 -1 1)
(1.52 -1 1)
(1.6 -1 1)
(1.68 -1 1)
(1.76 -1 1)
(1.84 -1 1)
(1.92 -1 1)
(2 -1 1)
(2.08 -1 1)
(2.16 -1 1)
(2.24 -1 1)
(2.32 -1 1)
(2.4 -1 1)
(2.48 -1 1)
(2.56 -1 1)
(2.64 -1 1)
(2.72 -1 1)
(2.8 -1 1)
(2.88 -1 1)
(2.96 -1 1)
(3.04 -1 1)
(3.12 -1 1)
(3.2 -1 1)
(3.28 -1 1)
(3.36 -1 1)
(3.44 -1 1)
(3.52 -1 1)
(3.6 -1 1)
(3.68 -1 1)
(3.76 -1 1)
(3.84 -1 1)
(3.92 -1 1)
(4 -1 1)
(-4 -0.8619801832 1)
(-3.92 -0.8619801832 1)
(-3.84 -0.8619801832 1)
(-3.76 -0.8619801832 1)
(-3.68 -0.8619801832 1)
(-3.6 -0.8619801832 1)
(-3.52 -0.8619801832 1)
(-3.44 -0.8619801832 1)
(-3.36 -0.8619801832 1)
(-3.28 -0.8619801832 1)
(-3.2 -0.8619801832 1)
(-3.12 -0.8619801832 1)
(-3.04 -0.8619801832 1)
(-2.96 -0.8619801832 1)
(-2.88 -0.8619801832 1)
(-2.8 -0.8619801832 1)
(-2.72 -0.8619801832 1)
(-2.64 -0.8619801832 1)
(-2.56 -0.8619801832 1)
(-2.48 -0.8619801832 1)
(-2.4 -0.8619801832 1)
(-2.32 -0.8619801832 1)
(-2.24 -0.8619801832 1)
(-2.16 -0.8619801832 1)
(-2.08 -0.8619801832 1)
(-2 -0.8619801832 1)
(-1.92 -0.8619801832 1)
(-1.84 -0.8619801832 1)
(-1.76 -0.8619801832 1)
(-1.68 -0.8619801832 1)
(-1.6 -0.8619801832 1)
(-1.52 -0.8619801832 1)
(-1.44 -0.8619801832 1)
(-1.36 -0.8619801832 1)
(-1.28 -0.8619801832 1)
(-1.2 -0.8619801832 1)
(-1.12 -0.8619801832 1)
(-1.04 -0.8619801832 1)
(-0.96 -0.8619801832 1)
(-0.88 -0.8619801832 1)
(-0.8 -0.8619801832 1)
(-0.72 -0.8619801832 1)
(-0.64 -0.8619801832 1)
(-0.56 -0.8619801832 1)
(-0.48 -0.8619801832 1)
(-0.4 -0.8619801832 1)
(-0.32 -0.8619801832 1)
(-0.24 -0.8619801832 1)
(-0.16 -0.8619801832 1)
(-0.08 -0.8619801832 1)
(0 -0.8619801832 1)
(0.08 -0.8619801832 1)
(0.16 -0.8619801832 1)
(0.24 -0.8619801832 1)
(0.32 -0.8619801832 1)
(0.4 -0.8619801832 1)
(0.48 -0.8619801832 1)
(0.56 -0.8619801832 1)
(0.64 -0.8619801832 1)
(0.72 -0.8619801832 1)
(0.8 -0.8619801832 1)
(0.88 -0.8619801832 1)
(0.96 -0.8619801832 1)
(1.04 -0.8619801832 1)
(1.12 -0.8619801832 1)
(1.2 -0.8619801832 1)
(1.28 -0.8619801832 1)
(1.36 -0.8619801832 1)
(1.44 -0.8619801832 1)
(1.52 -0.8619801832 1)
(1.6 -0.8619801832 1)
(1.68 -0.8619801832 1)
(1.76 -0.8619801832 1)
(1.84 -0.8619801832 1)
(1.92 -0.8619801832 1)
(2 -0.8619801832 1)
(2.08 -0.8619801832 1)
(2.16 -0.8619801832 1)
(2.24 -0.8619801832 1)
(2.32 -0.8619801832 1)
(2.4 -0.8619801832 1)
(2.48 -0.8619801832 1)
(2.56 -0.8619801832 1)
(2.64 -0.8619801832 1)
(2.72 -0.8619801832 1)
(2.8 -0.8619801832 1)
(2.88 -0.8619801832 1)
(2.96 -0.8619801832 1)
(3.04 -0.8619801832 1)
(3.12 -0.8619801832 1)
(3.2 -0.8619801832 1)
(3.28 -0.8619801832 1)
(3.36 -0.8619801832 1)
(3.44 -0.8619801832 1)
(3.52 -0.8619801832 1)
(3.6 -0.8619801832 1)
(3.68 -0.8619801832 1)
(3.76 -0.8619801832 1)
(3.84 -0.8619801832 1)
(3.92 -0.8619801832 1)
(4 -0.8619801832 1)
(-4 -0.7129105359 1)
(-3.92 -0.7129105359 1)
(-3.84 -0.7129105359 1)
(-3.76 -0.7129105359 1)
(-3.68 -0.7129105359 1)
(-3.6 -0.7129105359 1)
(-3.52 -0.7129105359 1)
(-3.44 -0.7129105359 1)
(-3.36 -0.7129105359 1)
(-3.28 -0.7129105359 1)
(-3.2 -0.7129105359 1)
(-3.12 -0.7129105359 1)
(-3.04 -0.7129105359 1)
(-2.96 -0.7129105359 1)
(-2.88 -0.7129105359 1)
(-2.8 -0.7129105359 1)
(-2.72 -0.7129105359 1)
(-2.64 -0.7129105359 1)
(-2.56 -0.7129105359 1)
(-2.48 -0.7129105359 1)
(-2.4 -0.7129105359 1)
(-2.32 -0.7129105359 1)
(-2.24 -0.7129105359 1)
(-2.16 -0.7129105359 1)
(-2.08 -0.7129105359 1)
(-2 -0.7129105359 1)
(-1.92 -0.7129105359 1)
(-1.84 -0.7129105359 1)
(-1.76 -0.7129105359 1)
(-1.68 -0.7129105359 1)
(-1.6 -0.7129105359 1)
(-1.52 -0.7129105359 1)
(-1.44 -0.7129105359 1)
(-1.36 -0.7129105359 1)
(-1.28 -0.7129105359 1)
(-1.2 -0.7129105359 1)
(-1.12 -0.7129105359 1)
(-1.04 -0.7129105359 1)
(-0.96 -0.7129105359 1)
(-0.88 -0.7129105359 1)
(-0.8 -0.7129105359 1)
(-0.72 -0.7129105359 1)
(-0.64 -0.7129105359 1)
(-0.56 -0.7129105359 1)
(-0.48 -0.7129105359 1)
(-0.4 -0.7129105359 1)
(-0.32 -0.7129105359 1)
(-0.24 -0.7129105359 1)
(-0.16 -0.7129105359 1)
(-0.08 -0.7129105359 1)
(0 -0.7129105359 1)
(0.08 -0.7129105359 1)
(0.16 -0.7129105359 1)
(0.24 -0.7129105359 1)
(0.32 -0.7129105359 1)
(0.4 -0.7129105359 1)
(0.48 -0.7129105359 1)
(0.56 -0.7129105359 1)
(0.64 -0.7129105359 1)
(0.72 -0.7129105359 1)
(0.8 -0.7129105359 1)
(0.88 -0.7129105359 1)
(0.96 -0.7129105359 1)
(1.04 -0.7129105359 1)
(1.12 -0.7129105359 1)
(1.2 -0.7129105359 1)
(1.28 -0.7129105359 1)
(1.36 -0.7129105359 1)
(1.44 -0.7129105359 1)
(1.52 -0.7129105359 1)
(1.6 -0.7129105359 1)
(1.68 -0.7129105359 1)
(1.76 -0.7129105359 1)
(1.84 -0.7129105359 1)
(1.92 -0.7129105359 1)
(2 -0.7129105359 1)
(2.08 -0.7129105359 1)
(2.16 -0.7129105359 1)
(2.24 -0.7129105359 1)
(2.32 -0.7129105359 1)
(2.4 -0.7129105359 1)
(2.48 -0.7129105359 1)
(2.56 -0.7129105359 1)
(2.64 -0.7129105359 1)
(2.72 -0.7129105359 1)
(2.8 -0.7129105359 1)
(2.88 -0.7129105359 1)
(2.96 -0.7129105359 1)
(3.04 -0.7129105359 1)
(3.12 -0.7129105359 1)
(3.2 -0.7129105359 1)
(3.28 -0.7129105359 1)
(3.36 -0.7129105359 1)
(3.44 -0.7129105359 1)
(3.52 -0.7129105359 1)
(3.6 -0.7129105359 1)
(3.68 -0.7129105359 1)
(3.76 -0.7129105359 1)
(3.84 -0.7129105359 1)
(3.92 -0.7129105359 1)
(4 -0.7129105359 1)
(-4 -0.5519064116 1)
(-3.92 -0.5519064116 1)
(-3.84 -0.5519064116 1)
(-3.76 -0.5519064116 1)
(-3.68 -0.5519064116 1)
(-3.6 -0.5519064116 1)
(-3.52 -0.5519064116 1)
(-3.44 -0.5519064116 1)
(-3.36 -0.5519064116 1)
(-3.28 -0.5519064116 1)
(-3.2 -0.5519064116 1)
(-3.12 -0.5519064116 1)
(-3.04 -0.5519064116 1)
(-2.96 -0.5519064116 1)
(-2.88 -0.5519064116 1)
(-2.8 -0.5519064116 1)
(-2.72 -0.5519064116 1)
(-2.64 -0.5519064116 1)
(-2.56 -0.5519064116 1)
(-2.48 -0.5519064116 1)
(-2.4 -0.5519064116 1)
(-2.32 -0.5519064116 1)
(-2.24 -0.5519064116 1)
(-2.16 -0.5519064116 1)
(-2.08 -0.5519064116 1)
(-2 -0.5519064116 1)
(-1.92 -0.5519064116 1)
(-1.84 -0.5519064116 1)
(-1.76 -0.5519064116 1)
(-1.68 -0.5519064116 1)
(-1.6 -0.5519064116 1)
(-1.52 -0.5519064116 1)
(-1.44 -0.5519064116 1)
(-1.36 -0.5519064116 1)
(-1.28 -0.5519064116 1)
(-1.2 -0.5519064116 1)
(-1.12 -0.5519064116 1)
(-1.04 -0.5519064116 1)
(-0.96 -0.5519064116 1)
(-0.88 -0.5519064116 1)
(-0.8 -0.5519064116 1)
(-0.72 -0.5519064116 1)
(-0.64 -0.5519064116 1)
(-0.56 -0.5519064116 1)
(-0.48 -0.5519064116 1)
(-0.4 -0.5519064116 1)
(-0.32 -0.5519064116 1)
(-0.24 -0.5519064116 1)
(-0.16 -0.5519064116 1)
(-0.08 -0.5519064116 1)
(0 -0.5519064116 1)
(0.08 -0.5519064116 1)
(0.16 -0.5519064116 1)
(0.24 -0.5519064116 1)
(0.32 -0.5519064116 1)
(0.4 -0.5519064116 1)
(0.48 -0.5519064116 1)
(0.56 -0.5519064116 1)
(0.64 -0.5519064116 1)
(0.72 -0.5519064116 1)
(0.8 -0.5519064116 1)
(0.88 -0.5519064116 1)
(0.96 -0.5519064116 1)
(1.04 -0.5519064116 1)
(1.12 -0.5519064116 1)
(1.2 -0.5519064116 1)
(1.28 -0.5519064116 1)
(1.36 -0.5519064116 1)
(1.44 -0.5519064116 1)
(1.52 -0.5519064116 1)
(1.6 -0.5519064116 1)
(1.68 -0.5519064116 1)
(1.76 -0.5519064116 1)
(1.84 -0.5519064116 1)
(1.92 -0.5519064116 1)
(2 -0.5519064116 1)
(2.08 -0.5519064116 1)
(2.16 -0.5519064116 1)
(2.24 -0.5519064116 1)
(2.32 -0.5519064116 1)
(2.4 -0.5519064116 1)
(2.48 -0.5519064116 1)
(2.56 -0.5519064116 1)
(2.64 -0.5519064116 1)
(2.72 -0.5519064116 1)
(2.8 -0.5519064116 1)
(2.88 -0.5519064116 1)
(2.96 -0.5519064116 1)
(3.04 -0.5519064116 1)
(3.12 -0.5519064116 1)
(3.2 -0.5519064116 1)
(3.28 -0.5519064116 1)
(3.36 -0.5519064116 1)
(3.44 -0.5519064116 1)
(3.52 -0.5519064116 1)
(3.6 -0.5519064116 1)
(3.68 -0.5519064116 1)
(3.76 -0.5519064116 1)
(3.84 -0.5519064116 1)
(3.92 -0.5519064116 1)
(4 -0.5519064116 1)
(-4 -0.3780123391 1)
(-3.92 -0.3780123391 1)
(-3.84 -0.3780123391 1)
(-3.76 -0.3780123391 1)
(-3.68 -0.3780123391 1)
(-3.6 -0.3780123391 1)
(-3.52 -0.3780123391 1)
(-3.44 -0.3780123391 1)
(-3.36 -0.3780123391 1)
(-3.28 -0.3780123391 1)
(-3.2 -0.3780123391 1)
(-3.12 -0.3780123391 1)
(-3.04 -0.3780123391 1)
(-2.96 -0.3780123391 1)
(-2.88 -0.3780123391 1)
(-2.8 -0.3780123391 1)
(-2.72 -0.3780123391 1)
(-2.64 -0.3780123391 1)
(-2.56 -0.3780123391 1)
(-2.48 -0.3780123391 1)
(-2.4 -0.3780123391 1)
(-2.32 -0.3780123391 1)
(-2.24 -0.3780123391 1)
(-2.16 -0.3780123391 1)
(-2.08 -0.3780123391 1)
(-2 -0.3780123391 1)
(-1.92 -0.3780123391 1)
(-1.84 -0.3780123391 1)
(-1.76 -0.3780123391 1)
(-1.68 -0.3780123391 1)
(-1.6 -0.3780123391 1)
(-1.52 -0.3780123391 1)
(-1.44 -0.3780123391 1)
(-1.36 -0.3780123391 1)
(-1.28 -0.3780123391 1)
(-1.2 -0.3780123391 1)
(-1.12 -0.3780123391 1)
(-1.04 -0.3780123391 1)
(-0.96 -0.3780123391 1)
(-0.88 -0.3780123391 1)
(-0.8 -0.3780123391 1)
(-0.72 -0.3780123391 1)
(-0.64 -0.3780123391 1)
(-0.56 -0.3780123391 1)
(-0.48 -0.3780123391 1)
(-0.4 -0.3780123391 1)
(-0.32 -0.3780123391 1)
(-0.24 -0.3780123391 1)
(-0.16 -0.3780123391 1)
(-0.08 -0.3780123391 1)
(0 -0.3780123391 1)
(0.08 -0.3780123391 1)
(0.16 -0.3780123391 1)
(0.24 -0.3780123391 1)
(0.32 -0.3780123391 1)
(0.4 -0.3780123391 1)
(0.48 -0.3780123391 1)
(0.56 -0.3780123391 1)
(0.64 -0.3780123391 1)
(0.72 -0.3780123391 1)
(0.8 -0.3780123391 1)
(0.88 -0.3780123391 1)
(0.96 -0.3780123391 1)
(1.04 -0.3780123391 1)
(1.12 -0.3780123391 1)
(1.2 -0.3780123391 1)
(1.28 -0.3780123391 1)
(1.36 -0.3780123391 1)
(1.44 -0.3780123391 1)
(1.52 -0.3780123391 1)
(1.6 -0.3780123391 1)
(1.68 -0.3780123391 1)
(1.76 -0.3780123391 1)
(1.84 -0.3780123391 1)
(1.92 -0.3780123391 1)
(2 -0.3780123391 1)
(2.08 -0.3780123391 1)
(2.16 -0.3780123391 1)
(2.24 -0.3780123391 1)
(2.32 -0.3780123391 1)
(2.4 -0.3780123391 1)
(2.48 -0.3780123391 1)
(2.56 -0.3780123391 1)
(2.64 -0.3780123391 1)
(2.72 -0.3780123391 1)
(2.8 -0.3780123391 1)
(2.88 -0.3780123391 1)
(2.96 -0.3780123391 1)
(3.04 -0.3780123391 1)
(3.12 -0.3780123391 1)
(3.2 -0.3780123391 1)
(3.28 -0.3780123391 1)
(3.36 -0.3780123391 1)
(3.44 -0.3780123391 1)
(3.52 -0.3780123391 1)
(3.6 -0.3780123391 1)
(3.68 -0.3780123391 1)
(3.76 -0.3780123391 1)
(3.84 -0.3780123391 1)
(3.92 -0.3780123391 1)
(4 -0.3780123391 1)
(-4 -0.1901963526 1)
(-3.92 -0.1901963526 1)
(-3.84 -0.1901963526 1)
(-3.76 -0.1901963526 1)
(-3.68 -0.1901963526 1)
(-3.6 -0.1901963526 1)
(-3.52 -0.1901963526 1)
(-3.44 -0.1901963526 1)
(-3.36 -0.1901963526 1)
(-3.28 -0.1901963526 1)
(-3.2 -0.1901963526 1)
(-3.12 -0.1901963526 1)
(-3.04 -0.1901963526 1)
(-2.96 -0.1901963526 1)
(-2.88 -0.1901963526 1)
(-2.8 -0.1901963526 1)
(-2.72 -0.1901963526 1)
(-2.64 -0.1901963526 1)
(-2.56 -0.1901963526 1)
(-2.48 -0.1901963526 1)
(-2.4 -0.1901963526 1)
(-2.32 -0.1901963526 1)
(-2.24 -0.1901963526 1)
(-2.16 -0.1901963526 1)
(-2.08 -0.1901963526 1)
(-2 -0.1901963526 1)
(-1.92 -0.1901963526 1)
(-1.84 -0.1901963526 1)
(-1.76 -0.1901963526 1)
(-1.68 -0.1901963526 1)
(-1.6 -0.1901963526 1)
(-1.52 -0.1901963526 1)
(-1.44 -0.1901963526 1)
(-1.36 -0.1901963526 1)
(-1.28 -0.1901963526 1)
(-1.2 -0.1901963526 1)
(-1.12 -0.1901963526 1)
(-1.04 -0.1901963526 1)
(-0.96 -0.1901963526 1)
(-0.88 -0.1901963526 1)
(-0.8 -0.1901963526 1)
(-0.72 -0.1901963526 1)
(-0.64 -0.1901963526 1)
(-0.56 -0.1901963526 1)
(-0.48 -0.1901963526 1)
(-0.4 -0.1901963526 1)
(-0.32 -0.1901963526 1)
(-0.24 -0.1901963526 1)
(-0.16 -0.1901963526 1)
(-0.08 -0.1901963526 1)
(0 -0.1901963526 1)
(0.08 -0.1901963526 1)
(0.16 -0.1901963526 1)
(0.24 -0.1901963526 1)
(0.32 -0.1901963526 1)
(0.4 -0.1901963526 1)
(0.48 -0.1901963526 1)
(0.56 -0.1901963526 1)
(0.64 -0.1901963526 1)
(0.72 -0.1901963526 1)
(0.8 -0.1901963526 1)
(0.88 -0.1901963526 1)
(0.96 -0.1901963526 1)
(1.04 -0.1901963526 1)
(1.12 -0.1901963526 1)
(1.2 -0.1901963526 1)
(1.28 -0.1901963526 1)
(1.36 -0.1901963526 1)
(1.44 -0.1901963526 1)
(1.52 -0.1901963526 1)
(1.6 -0.1901963526 1)
(1.68 -0.1901963526 1)
(1.76 -0.1901963526 1)
(1.84 -0.1901963526 1)
(1.92 -0.1901963526 1)
(2 -0.1901963526 1)
(2.08 -0.1901963526 1)
(2.16 -0.1901963526 1)
(2.24 -0.1901963526 1)
(2.32 -0.1901963526 1)
(2.4 -0.1901963526 1)
(2.48 -0.1901963526 1)
(2.56 -0.1901963526 1)
(2.64 -0.1901963526 1)
(2.72 -0.1901963526 1)
(2.8 -0.1901963526 1)
(2.88 -0.1901963526 1)
(2.96 -0.1901963526 1)
(3.04 -0.1901963526 1)
(3.12 -0.1901963526 1)
(3.2 -0.1901963526 1)
(3.28 -0.1901963526 1)
(3.36 -0.1901963526 1)
(3.44 -0.1901963526 1)
(3.52 -0.1901963526 1)
(3.6 -0.1901963526 1)
(3.68 -0.1901963526 1)
(3.76 -0.1901963526 1)
(3.84 -0.1901963526 1)
(3.92 -0.1901963526 1)
(4 -0.1901963526 1)
(-4 0.01265613278 1)
(-3.92 0.01265613278 1)
(-3.84 0.01265613278 1)
(-3.76 0.01265613278 1)
(-3.68 0.01265613278 1)
(-3.6 0.01265613278 1)
(-3.52 0.01265613278 1)
(-3.44 0.01265613278 1)
(-3.36 0.01265613278 1)
(-3.28 0.01265613278 1)
(-3.2 0.01265613278 1)
(-3.12 0.01265613278 1)
(-3.04 0.01265613278 1)
(-2.96 0.01265613278 1)
(-2.88 0.01265613278 1)
(-2.8 0.01265613278 1)
(-2.72 0.01265613278 1)
(-2.64 0.01265613278 1)
(-2.56 0.01265613278 1)
(-2.48 0.01265613278 1)
(-2.4 0.01265613278 1)
(-2.32 0.01265613278 1)
(-2.24 0.01265613278 1)
(-2.16 0.01265613278 1)
(-2.08 0.01265613278 1)
(-2 0.01265613278 1)
(-1.92 0.01265613278 1)
(-1.84 0.01265613278 1)
(-1.76 0.01265613278 1)
(-1.68 0.01265613278 1)
(-1.6 0.01265613278 1)
(-1.52 0.01265613278 1)
(-1.44 0.01265613278 1)
(-1.36 0.01265613278 1)
(-1.28 0.01265613278 1)
(-1.2 0.01265613278 1)
(-1.12 0.01265613278 1)
(-1.04 0.01265613278 1)
(-0.96 0.01265613278 1)
(-0.88 0.01265613278 1)
(-0.8 0.01265613278 1)
(-0.72 0.01265613278 1)
(-0.64 0.01265613278 1)
(-0.56 0.01265613278 1)
(-0.48 0.01265613278 1)
(-0.4 0.01265613278 1)
(-0.32 0.01265613278 1)
(-0.24 0.01265613278 1)
(-0.16 0.01265613278 1)
(-0.08 0.01265613278 1)
(0 0.01265613278 1)
(0.08 0.01265613278 1)
(0.16 0.01265613278 1)
(0.24 0.01265613278 1)
(0.32 0.01265613278 1)
(0.4 0.01265613278 1)
(0.48 0.01265613278 1)
(0.56 0.01265613278 1)
(0.64 0.01265613278 1)
(0.72 0.01265613278 1)
(0.8 0.01265613278 1)
(0.88 0.01265613278 1)
(0.96 0.01265613278 1)
(1.04 0.01265613278 1)
(1.12 0.01265613278 1)
(1.2 0.01265613278 1)
(1.28 0.01265613278 1)
(1.36 0.01265613278 1)
(1.44 0.01265613278 1)
(1.52 0.01265613278 1)
(1.6 0.01265613278 1)
(1.68 0.01265613278 1)
(1.76 0.01265613278 1)
(1.84 0.01265613278 1)
(1.92 0.01265613278 1)
(2 0.01265613278 1)
(2.08 0.01265613278 1)
(2.16 0.01265613278 1)
(2.24 0.01265613278 1)
(2.32 0.01265613278 1)
(2.4 0.01265613278 1)
(2.48 0.01265613278 1)
(2.56 0.01265613278 1)
(2.64 0.01265613278 1)
(2.72 0.01265613278 1)
(2.8 0.01265613278 1)
(2.88 0.01265613278 1)
(2.96 0.01265613278 1)
(3.04 0.01265613278 1)
(3.12 0.01265613278 1)
(3.2 0.01265613278 1)
(3.28 0.01265613278 1)
(3.36 0.01265613278 1)
(3.44 0.01265613278 1)
(3.52 0.01265613278 1)
(3.6 0.01265613278 1)
(3.68 0.01265613278 1)
(3.76 0.01265613278 1)
(3.84 0.01265613278 1)
(3.92 0.01265613278 1)
(4 0.01265613278 1)
(-4 0.2317489352 1)
(-3.92 0.2317489352 1)
(-3.84 0.2317489352 1)
(-3.76 0.2317489352 1)
(-3.68 0.2317489352 1)
(-3.6 0.2317489352 1)
(-3.52 0.2317489352 1)
(-3.44 0.2317489352 1)
(-3.36 0.2317489352 1)
(-3.28 0.2317489352 1)
(-3.2 0.2317489352 1)
(-3.12 0.2317489352 1)
(-3.04 0.2317489352 1)
(-2.96 0.2317489352 1)
(-2.88 0.2317489352 1)
(-2.8 0.2317489352 1)
(-2.72 0.2317489352 1)
(-2.64 0.2317489352 1)
(-2.56 0.2317489352 1)
(-2.48 0.2317489352 1)
(-2.4 0.2317489352 1)
(-2.32 0.2317489352 1)
(-2.24 0.2317489352 1)
(-2.16 0.2317489352 1)
(-2.08 0.2317489352 1)
(-2 0.2317489352 1)
(-1.92 0.2317489352 1)
(-1.84 0.2317489352 1)
(-1.76 0.2317489352 1)
(-1.68 0.2317489352 1)
(-1.6 0.2317489352 1)
(-1.52 0.2317489352 1)
(-1.44 0.2317489352 1)
(-1.36 0.2317489352 1)
(-1.28 0.2317489352 1)
(-1.2 0.2317489352 1)
(-1.12 0.2317489352 1)
(-1.04 0.2317489352 1)
(-0.96 0.2317489352 1)
(-0.88 0.2317489352 1)
(-0.8 0.2317489352 1)
(-0.72 0.2317489352 1)
(-0.64 0.2317489352 1)
(-0.56 0.2317489352 1)
(-0.48 0.2317489352 1)
(-0.4 0.2317489352 1)
(-0.32 0.2317489352 1)
(-0.24 0.2317489352 1)
(-0.16 0.2317489352 1)
(-0.08 0.2317489352 1)
(0 0.2317489352 1)
(0.08 0.2317489352 1)
(0.16 0.2317489352 1)
(0.24 0.2317489352 1)
(0.32 0.2317489352 1)
(0.4 0.2317489352 1)
(0.48 0.2317489352 1)
(0.56 0.2317489352 1)
(0.64 0.2317489352 1)
(0.72 0.2317489352 1)
(0.8 0.2317489352 1)
(0.88 0.2317489352 1)
(0.96 0.2317489352 1)
(1.04 0.2317489352 1)
(1.12 0.2317489352 1)
(1.2 0.2317489352 1)
(1.28 0.2317489352 1)
(1.36 0.2317489352 1)
(1.44 0.2317489352 1)
(1.52 0.2317489352 1)
(1.6 0.2317489352 1)
(1.68 0.2317489352 1)
(1.76 0.2317489352 1)
(1.84 0.2317489352 1)
(1.92 0.2317489352 1)
(2 0.2317489352 1)
(2.08 0.2317489352 1)
(2.16 0.2317489352 1)
(2.24 0.2317489352 1)
(2.32 0.2317489352 1)
(2.4 0.2317489352 1)
(2.48 0.2317489352 1)
(2.56 0.2317489352 1)
(2.64 0.2317489352 1)
(2.72 0.2317489352 1)
(2.8 0.2317489352 1)
(2.88 0.2317489352 1)
(2.96 0.2317489352 1)
(3.04 0.2317489352 1)
(3.12 0.2317489352 1)
(3.2 0.2317489352 1)
(3.28 0.2317489352 1)
(3.36 0.2317489352 1)
(3.44 0.2317489352 1)
(3.52 0.2317489352 1)
(3.6 0.2317489352 1)
(3.68 0.2317489352 1)
(3.76 0.2317489352 1)
(3.84 0.2317489352 1)
(3.92 0.2317489352 1)
(4 0.2317489352 1)
(-4 0.4683822501 1)
(-3.92 0.4683822501 1)
(-3.84 0.4683822501 1)
(-3.76 0.4683822501 1)
(-3.68 0.4683822501 1)
(-3.6 0.4683822501 1)
(-3.52 0.4683822501 1)
(-3.44 0.4683822501 1)
(-3.36 0.4683822501 1)
(-3.28 0.4683822501 1)
(-3.2 0.4683822501 1)
(-3.12 0.4683822501 1)
(-3.04 0.4683822501 1)
(-2.96 0.4683822501 1)
(-2.88 0.4683822501 1)
(-2.8 0.4683822501 1)
(-2.72 0.4683822501 1)
(-2.64 0.4683822501 1)
(-2.56 0.4683822501 1)
(-2.48 0.4683822501 1)
(-2.4 0.4683822501 1)
(-2.32 0.4683822501 1)
(-2.24 0.4683822501 1)
(-2.16 0.4683822501 1)
(-2.08 0.4683822501 1)
(-2 0.4683822501 1)
(-1.92 0.4683822501 1)
(-1.84 0.4683822501 1)
(-1.76 0.4683822501 1)
(-1.68 0.4683822501 1)
(-1.6 0.4683822501 1)
(-1.52 0.4683822501 1)
(-1.44 0.4683822501 1)
(-1.36 0.4683822501 1)
(-1.28 0.4683822501 1)
(-1.2 0.4683822501 1)
(-1.12 0.4683822501 1)
(-1.04 0.4683822501 1)
(-0.96 0.4683822501 1)
(-0.88 0.4683822501 1)
(-0.8 0.4683822501 1)
(-0.72 0.4683822501 1)
(-0.64 0.4683822501 1)
(-0.56 0.4683822501 1)
(-0.48 0.4683822501 1)
(-0.4 0.4683822501 1)
(-0.32 0.4683822501 1)
(-0.24 0.4683822501 1)
(-0.16 0.4683822501 1)
(-0.08 0.4683822501 1)
(0 0.4683822501 1)
(0.08 0.4683822501 1)
(0.16 0.4683822501 1)
(0.24 0.4683822501 1)
(0.32 0.4683822501 1)
(0.4 0.4683822501 1)
(0.48 0.4683822501 1)
(0.56 0.4683822501 1)
(0.64 0.4683822501 1)
(0.72 0.4683822501 1)
(0.8 0.4683822501 1)
(0.88 0.4683822501 1)
(0.96 0.4683822501 1)
(1.04 0.4683822501 1)
(1.12 0.4683822501 1)
(1.2 0.4683822501 1)
(1.28 0.4683822501 1)
(1.36 0.4683822501 1)
(1.44 0.4683822501 1)
(1.52 0.4683822501 1)
(1.6 0.4683822501 1)
(1.68 0.4683822501 1)
(1.76 0.4683822501 1)
(1.84 0.4683822501 1)
(1.92 0.4683822501 1)
(2 0.4683822501 1)
(2.08 0.4683822501 1)
(2.16 0.4683822501 1)
(2.24 0.4683822501 1)
(2.32 0.4683822501 1)
(2.4 0.4683822501 1)
(2.48 0.4683822501 1)
(2.56 0.4683822501 1)
(2.64 0.4683822501 1)
(2.72 0.4683822501 1)
(2.8 0.4683822501 1)
(2.88 0.4683822501 1)
(2.96 0.4683822501 1)
(3.04 0.4683822501 1)
(3.12 0.4683822501 1)
(3.2 0.4683822501 1)
(3.28 0.4683822501 1)
(3.36 0.4683822501 1)
(3.44 0.4683822501 1)
(3.52 0.4683822501 1)
(3.6 0.4683822501 1)
(3.68 0.4683822501 1)
(3.76 0.4683822501 1)
(3.84 0.4683822501 1)
(3.92 0.4683822501 1)
(4 0.4683822501 1)
(-4 0.7239603664 1)
(-3.92 0.7239603664 1)
(-3.84 0.7239603664 1)
(-3.76 0.7239603664 1)
(-3.68 0.7239603664 1)
(-3.6 0.7239603664 1)
(-3.52 0.7239603664 1)
(-3.44 0.7239603664 1)
(-3.36 0.7239603664 1)
(-3.28 0.7239603664 1)
(-3.2 0.7239603664 1)
(-3.12 0.7239603664 1)
(-3.04 0.7239603664 1)
(-2.96 0.7239603664 1)
(-2.88 0.7239603664 1)
(-2.8 0.7239603664 1)
(-2.72 0.7239603664 1)
(-2.64 0.7239603664 1)
(-2.56 0.7239603664 1)
(-2.48 0.7239603664 1)
(-2.4 0.7239603664 1)
(-2.32 0.7239603664 1)
(-2.24 0.7239603664 1)
(-2.16 0.7239603664 1)
(-2.08 0.7239603664 1)
(-2 0.7239603664 1)
(-1.92 0.7239603664 1)
(-1.84 0.7239603664 1)
(-1.76 0.7239603664 1)
(-1.68 0.7239603664 1)
(-1.6 0.7239603664 1)
(-1.52 0.7239603664 1)
(-1.44 0.7239603664 1)
(-1.36 0.7239603664 1)
(-1.28 0.7239603664 1)
(-1.2 0.7239603664 1)
(-1.12 0.7239603664 1)
(-1.04 0.7239603664 1)
(-0.96 0.7239603664 1)
(-0.88 0.7239603664 1)
(-0.8 0.7239603664 1)
(-0.72 0.7239603664 1)
(-0.64 0.7239603664 1)
(-0.56 0.7239603664 1)
(-0.48 0.7239603664 1)
(-0.4 0.7239603664 1)
(-0.32 0.7239603664 1)
(-0.24 0.7239603664 1)
(-0.16 0.7239603664 1)
(-0.08 0.7239603664 1)
(0 0.7239603664 1)
(0.08 0.7239603664 1)
(0.16 0.7239603664 1)
(0.24 0.7239603664 1)
(0.32 0.7239603664 1)
(0.4 0.7239603664 1)
(0.48 0.7239603664 1)
(0.56 0.7239603664 1)
(0.64 0.7239603664 1)
(0.72 0.7239603664 1)
(0.8 0.7239603664 1)
(0.88 0.7239603664 1)
(0.96 0.7239603664 1)
(1.04 0.7239603664 1)
(1.12 0.7239603664 1)
(1.2 0.7239603664 1)
(1.28 0.7239603664 1)
(1.36 0.7239603664 1)
(1.44 0.7239603664 1)
(1.52 0.7239603664 1)
(1.6 0.7239603664 1)
(1.68 0.7239603664 1)
(1.76 0.7239603664 1)
(1.84 0.7239603664 1)
(1.92 0.7239603664 1)
(2 0.7239603664 1)
(2.08 0.7239603664 1)
(2.16 0.7239603664 1)
(2.24 0.7239603664 1)
(2.32 0.7239603664 1)
(2.4 0.7239603664 1)
(2.48 0.7239603664 1)
(2.56 0.7239603664 1)
(2.64 0.7239603664 1)
(2.72 0.7239603664 1)
(2.8 0.7239603664 1)
(2.88 0.7239603664 1)
(2.96 0.7239603664 1)
(3.04 0.7239603664 1)
(3.12 0.7239603664 1)
(3.2 0.7239603664 1)
(3.28 0.7239603664 1)
(3.36 0.7239603664 1)
(3.44 0.7239603664 1)
(3.52 0.7239603664 1)
(3.6 0.7239603664 1)
(3.68 0.7239603664 1)
(3.76 0.7239603664 1)
(3.84 0.7239603664 1)
(3.92 0.7239603664 1)
(4 0.7239603664 1)
(-4 1 1)
(-3.92 1 1)
(-3.84 1 1)
(-3.76 1 1)
(-3.68 1 1)
(-3.6 1 1)
(-3.52 1 1)
(-3.44 1 1)
(-3.36 1 1)
(-3.28 1 1)
(-3.2 1 1)
(-3.12 1 1)
(-3.04 1 1)
(-2.96 1 1)
(-2.88 1 1)
(-2.8 1 1)
(-2.72 1 1)
(-2.64 1 1)
(-2.56 1 1)
(-2.48 1 1)
(-2.4 1 1)
(-2.32 1 1)
(-2.24 1 1)
(-2.16 1 1)
(-2.08 1 1)
(-2 1 1)
(-1.92 1 1)
(-1.84 1 1)
(-1.76 1 1)
(-1.68 1 1)
(-1.6 1 1)
(-1.52 1 1)
(-1.44 1 1)
(-1.36 1 1)
(-1.28 1 1)
(-1.2 1 1)
(-1.12 1 1)
(-1.04 1 1)
(-0.96 1 1)
(-0.88 1 1)
(-0.8 1 1)
(-0.72 1 1)
(-0.64 1 1)
(-0.56 1 1)
(-0.48 1 1)
(-0.4 1 1)
(-0.32 1 1)
(-0.24 1 1)
(-0.16 1 1)
(-0.08 1 1)
(0 1 1)
(0.08 1 1)
(0.16 1 1)
(0.24 1 1)
(0.32 1 1)
(0.4 1 1)
(0.48 1 1)
(0.56 1 1)
(0.64 1 1)
(0.72 1 1)
(0.8 1 1)
(0.88 1 1)
(0.96 1 1)
(1.04 1 1)
(1.12 1 1)
(1.2 1 1)
(1.28 1 1)
(1.36 1 1)
(1.44 1 1)
(1.52 1 1)
(1.6 1 1)
(1.68 1 1)
(1.76 1 1)
(1.84 1 1)
(1.92 1 1)
(2 1 1)
(2.08 1 1)
(2.16 1 1)
(2.24 1 1)
(2.32 1 1)
(2.4 1 1)
(2.48 1 1)
(2.56 1 1)
(2.64 1 1)
(2.72 1 1)
(2.8 1 1)
(2.88 1 1)
(2.96 1 1)
(3.04 1 1)
(3.12 1 1)
(3.2 1 1)
(3.28 1 1)
(3.36 1 1)
(3.44 1 1)
(3.52 1 1)
(3.6 1 1)
(3.68 1 1)
(3.76 1 1)
(3.84 1 1)
(3.92 1 1)
(4 1 1)
)


// ************************************************************************* //
