1	0
2	1
3	1
4	1
5	1
6	1
7	1
8	1
9	1
10	1
11	1
12	1
13	1
14	1
15	1
16	1
17	1
18	1
19	1
20	1
21	1
22	1
23	1
24	1
25	1
26	1
27	1
28	1
29	2
30	2
31	2
32	2
33	2
34	2
35	2
36	2
37	2
38	2
39	2
40	2
41	2
42	2
43	2
44	2
45	2
46	2
47	2
48	2
49	2
50	2
51	2
52	2
53	2
54	2
55	2
56	2
57	2
58	2
59	2
60	2
61	2
62	2
63	3
64	3
65	3
66	3
67	3
68	3
69	3
70	3
71	3
72	3
73	3
74	3
75	3
76	3
77	3
78	3
79	3
80	3
81	3
82	3
83	3
84	3
85	3
86	3
87	3
88	3
89	3
90	3
91	3
92	3
93	3
94	3
95	3
96	4
97	4
98	4
99	4
100	4
101	4
102	4
103	4
104	4
105	4
106	4
107	4
108	4
109	4
110	4
111	4
112	4
113	4
114	4
115	4
116	4
117	4
118	4
119	4
120	4
121	4
122	4
123	4
124	4
125	4
126	4
127	4
128	5
129	5
130	5
131	5
132	5
133	5
134	5
135	5
136	5
137	5
138	5
139	5
140	5
141	5
142	5
143	5
144	5
145	5
146	5
147	5
148	5
149	5
150	5
151	5
152	5
153	5
154	5
155	5
156	5
157	5
158	5
159	6
160	6
161	6
162	6
163	6
164	6
165	6
166	6
167	6
168	6
169	6
170	6
171	6
172	6
173	6
174	6
175	6
176	6
177	6
178	6
179	6
180	6
181	6
182	6
183	6
184	6
185	6
186	6
187	6
188	6
189	6
190	6
191	6
192	7
193	7
194	7
195	7
196	7
197	7
198	7
199	7
200	7
201	7
202	7
203	7
204	7
205	7
206	7
207	7
208	7
209	7
210	7
211	7
212	7
213	7
214	7
215	7
216	7
217	7
218	7
219	7
220	7
221	7
222	8
223	8
224	8
225	8
226	8
227	8
228	8
229	8
230	8
231	8
232	8
233	8
234	8
235	8
236	8
237	8
238	8
239	8
240	8
241	8
242	8
243	8
244	8
245	8
246	8
247	8
248	8
249	8
250	8
251	8
252	8
253	9
254	9
255	9
256	9
257	9
258	9
259	9
260	9
261	9
262	9
263	9
264	9
265	9
266	9
267	9
268	9
269	9
270	9
271	9
272	9
273	9
274	9
275	9
276	9
277	9
278	9
279	9
280	9
281	9
282	10
283	10
284	10
285	10
286	10
287	10
288	10
289	10
290	10
291	10
292	10
293	10
294	10
295	10
296	10
297	10
298	10
299	10
300	10
301	10
302	10
303	10
304	10
305	10
306	10
307	10
308	10
309	10
310	10
311	11
312	11
313	11
314	11
315	11
316	11
317	11
318	11
319	11
320	11
321	11
322	11
323	11
324	11
325	11
326	11
327	11
328	11
329	11
330	11
331	11
332	11
333	11
334	11
335	11
336	11
337	11
338	11
339	11
340	11
341	12
342	12
343	12
344	12
345	12
346	12
347	12
348	12
349	12
350	12
351	12
352	12
353	12
354	12
355	12
356	12
357	12
358	12
359	12
360	12
361	12
362	12
363	12
364	12
365	12
366	12
367	12
368	12
369	13
370	13
371	13
372	13
373	13
374	13
375	13
376	13
377	13
378	13
379	13
380	13
381	13
382	13
383	13
384	13
385	13
386	13
387	13
388	13
389	13
390	13
391	13
392	13
393	13
394	13
395	13
396	13
397	13
398	13
399	14
400	14
401	14
402	14
403	14
404	14
405	14
406	14
407	14
408	14
409	14
410	14
411	14
412	14
413	14
414	14
415	14
416	14
417	14
418	14
419	14
420	14
421	14
422	14
423	14
424	14
425	14
426	14
427	15
428	15
429	15
430	15
431	15
432	15
433	15
434	15
435	15
436	15
437	15
438	15
439	15
440	15
441	15
442	15
443	15
444	15
445	15
446	15
447	15
448	15
449	15
450	15
451	15
452	15
453	15
454	15
455	15
456	16
457	16
458	16
459	16
460	16
461	16
462	16
463	16
464	16
465	16
466	16
467	16
468	16
469	16
470	16
471	16
472	16
473	16
474	16
475	16
476	16
477	16
478	16
479	16
480	16
481	16
482	16
483	16
484	16
485	16
486	16
487	17
488	17
489	17
490	17
491	17
492	17
493	17
494	17
495	17
496	17
497	17
498	17
499	17
500	17
501	17
502	17
503	17
504	17
505	17
506	17
507	17
508	17
509	17
510	17
511	17
512	18
513	18
514	18
515	18
516	18
517	18
518	18
519	18
520	18
521	18
522	18
523	18
524	18
525	18
526	18
527	18
528	18
529	18
530	18
531	18
532	18
533	18
534	18
535	18
536	18
537	18
538	18
539	18
540	18
541	19
542	19
543	19
544	19
545	19
546	19
547	19
548	19
549	19
550	19
551	19
552	19
553	19
554	19
555	19
556	19
557	19
558	19
559	19
560	19
561	19
562	19
563	19
564	19
565	19
566	19
567	19
568	19
569	19
570	19
571	19
572	20
573	20
574	20
575	20
576	20
577	20
578	20
579	20
580	20
581	20
582	20
583	20
584	20
585	20
586	20
587	20
588	20
589	20
590	20
591	20
592	20
593	20
594	20
595	20
596	20
597	20
598	20
599	20
600	20
601	20
602	20
603	20
604	21
605	21
606	21
607	21
608	21
609	21
610	21
611	21
612	21
613	21
614	21
615	21
616	21
617	21
618	21
619	21
620	21
621	21
622	21
623	21
624	21
625	21
626	21
627	21
628	21
629	21
630	21
631	21
632	21
633	21
634	21
635	22
636	22
637	22
638	22
639	22
640	22
641	22
642	22
643	22
644	22
645	22
646	22
647	22
648	22
649	22
650	22
651	22
652	22
653	22
654	22
655	22
656	22
657	22
658	22
659	22
660	22
661	22
662	22
663	22
664	22
665	22
666	22
667	23
668	23
669	23
670	23
671	23
672	23
673	23
674	23
675	23
676	23
677	23
678	23
679	23
680	23
681	23
682	23
683	23
684	23
685	23
686	23
687	23
688	23
689	23
690	23
691	23
692	23
693	23
694	23
695	23
696	23
697	23
698	24
699	24
700	24
701	24
702	24
703	24
704	24
705	24
706	24
707	24
708	24
709	24
710	24
711	24
712	24
713	24
714	24
715	24
716	24
717	24
718	24
719	24
720	24
721	24
722	24
723	24
724	24
725	24
726	24
727	24
728	24
729	25
730	25
731	25
732	25
733	25
734	25
735	25
736	25
737	25
738	25
739	25
740	25
741	25
742	25
743	25
744	25
745	25
746	25
747	25
748	25
749	25
750	25
751	25
752	25
753	25
754	25
755	25
756	25
757	25
758	25
759	25
760	25
761	25
762	26
763	26
764	26
765	26
766	26
767	26
768	26
769	26
770	26
771	26
772	26
773	26
774	26
775	26
776	26
777	26
778	26
779	26
780	26
781	26
782	26
783	26
784	26
785	26
786	26
787	26
788	26
789	26
790	26
791	26
792	26
793	26
794	27
795	27
796	27
797	27
798	27
799	27
800	27
801	27
802	27
803	27
804	27
805	27
806	27
807	27
808	27
809	27
810	27
811	27
812	27
813	27
814	27
815	27
816	27
817	27
818	27
819	27
820	27
821	27
822	27
823	27
824	27
825	28
826	28
827	28
828	28
829	28
830	28
831	28
832	28
833	28
834	28
835	28
836	28
837	28
838	28
839	28
840	28
841	28
842	28
843	28
844	28
845	28
846	28
847	28
848	28
849	28
850	28
851	28
852	28
853	28
854	28
855	28
856	28
857	28
858	28
859	28
860	29
861	29
862	29
863	29
864	29
865	29
866	29
867	29
868	29
869	29
870	29
871	29
872	29
873	29
874	29
875	29
876	29
877	29
878	29
879	29
880	29
881	29
882	29
883	29
884	29
885	29
886	29
887	29
888	29
889	29
890	29
891	29
892	30
893	30
894	30
895	30
896	30
897	30
898	30
899	30
900	30
901	30
902	30
903	30
904	30
905	30
906	30
907	30
908	30
909	30
910	30
911	30
912	30
913	30
914	30
915	30
916	30
917	30
918	30
919	30
920	30
921	30
922	30
923	30
924	30
925	30
926	30
927	30
928	31
929	31
930	31
931	31
932	31
933	31
934	31
935	31
936	31
937	31
938	31
939	31
940	31
941	31
942	31
943	31
944	31
945	31
946	31
947	31
948	31
949	31
950	31
951	31
952	31
953	31
954	31
955	31
956	31
957	31
958	31
959	31
960	31
961	32
962	32
963	32
964	32
965	32
966	32
967	32
968	32
969	32
970	32
971	32
972	32
973	32
974	32
975	32
976	32
977	32
978	32
979	32
980	32
981	32
982	32
983	32
984	32
985	32
986	32
987	32
988	32
989	32
990	32
991	32
992	33
993	33
994	33
995	33
996	33
997	33
998	33
999	33
1000	33
1001	33
1002	33
1003	33
1004	33
1005	33
1006	33
1007	33
1008	33
1009	33
1010	33
1011	33
1012	33
1013	33
1014	33
1015	33
1016	33
1017	33
1018	33
1019	33
1020	34
1021	34
1022	34
1023	34
1024	34
1025	34
1026	34
1027	34
1028	34
1029	34
1030	34
1031	34
1032	34
1033	34
1034	34
1035	34
1036	34
1037	34
1038	34
1039	34
1040	34
1041	34
1042	34
1043	34
1044	34
1045	34
1046	34
1047	34
1048	34
1049	34
1050	34
1051	34
1052	34
1053	34
1054	35
1055	35
1056	35
1057	35
1058	35
1059	35
1060	35
1061	35
1062	35
1063	35
1064	35
1065	35
1066	35
1067	35
1068	35
1069	35
1070	35
1071	35
1072	35
1073	35
1074	35
1075	35
1076	35
1077	35
1078	35
1079	35
1080	35
1081	35
1082	35
1083	35
1084	35
1085	36
1086	36
1087	36
1088	36
1089	36
1090	36
1091	36
1092	36
1093	36
1094	36
1095	36
1096	36
1097	36
1098	36
1099	36
1100	36
1101	36
1102	36
1103	36
1104	36
1105	36
1106	36
1107	36
1108	36
1109	36
1110	36
1111	36
1112	36
1113	36
1114	36
1115	36
1116	36
1117	36
1118	36
1119	36
1120	36
1121	37
1122	37
1123	37
1124	37
1125	37
1126	37
1127	37
1128	37
1129	37
1130	37
1131	37
1132	37
1133	37
1134	37
1135	37
1136	37
1137	37
1138	37
1139	37
1140	37
1141	37
1142	37
1143	37
1144	37
1145	37
1146	37
1147	37
1148	37
1149	37
1150	37
1151	37
1152	37
1153	37
1154	37
1155	37
1156	37
1157	38
1158	38
1159	38
1160	38
1161	38
1162	38
1163	38
1164	38
1165	38
1166	38
1167	38
1168	38
1169	38
1170	38
1171	38
1172	38
1173	38
1174	38
1175	38
1176	38
1177	38
1178	38
1179	38
1180	38
1181	38
1182	38
1183	38
1184	38
1185	38
1186	38
1187	38
1188	38
1189	38
1190	38
1191	39
1192	39
1193	39
1194	39
1195	39
1196	39
1197	39
1198	39
1199	39
1200	39
1201	39
1202	39
1203	39
1204	39
1205	39
1206	39
1207	39
1208	39
1209	39
1210	39
1211	39
1212	39
1213	39
1214	39
1215	39
1216	39
1217	39
1218	39
1219	39
1220	39
1221	39
1222	39
1223	39
1224	39
1225	39
1226	39
1227	39
1228	40
1229	40
1230	40
1231	40
1232	40
1233	40
1234	40
1235	40
1236	40
1237	40
1238	40
1239	40
1240	40
1241	40
1242	40
1243	40
1244	40
1245	40
1246	40
1247	40
1248	40
1249	40
1250	40
1251	40
1252	40
1253	40
1254	40
1255	40
1256	40
1257	40
1258	40
1259	40
1260	40
1261	40
1262	40
1263	40
1264	41
1265	41
1266	41
1267	41
1268	41
1269	41
1270	41
1271	41
1272	41
1273	41
1274	41
1275	41
1276	41
1277	41
1278	41
1279	41
1280	41
1281	41
1282	41
1283	41
1284	41
1285	41
1286	41
1287	41
1288	41
1289	41
1290	41
1291	41
1292	41
1293	41
1294	41
1295	41
1296	42
1297	42
1298	42
1299	42
1300	42
1301	42
1302	42
1303	42
1304	42
1305	42
1306	42
1307	42
1308	42
1309	42
1310	42
1311	42
1312	42
1313	42
1314	42
1315	42
1316	42
1317	42
1318	42
1319	42
1320	42
1321	42
1322	42
1323	42
1324	42
1325	42
1326	42
1327	42
1328	42
1329	42
1330	42
1331	42
1332	43
1333	43
1334	43
1335	43
1336	43
1337	43
1338	43
1339	43
1340	43
1341	43
1342	43
1343	43
1344	43
1345	43
1346	43
1347	43
1348	43
1349	43
1350	43
1351	43
1352	43
1353	43
1354	43
1355	43
1356	43
1357	43
1358	43
1359	43
1360	43
1361	43
1362	43
1363	43
1364	43
1365	43
1366	43
1367	43
1368	43
1369	43
1370	43
1371	44
1372	44
1373	44
1374	44
1375	44
1376	44
1377	44
1378	44
1379	44
1380	44
1381	44
1382	44
1383	44
1384	44
1385	44
1386	44
1387	44
1388	44
1389	44
1390	44
1391	44
1392	44
1393	44
1394	44
1395	44
1396	44
1397	44
1398	44
1399	44
1400	44
1401	44
1402	44
1403	44
1404	44
1405	45
1406	45
1407	45
1408	45
1409	45
1410	45
1411	45
1412	45
1413	45
1414	45
1415	45
1416	45
1417	45
1418	45
1419	45
1420	45
1421	45
1422	45
1423	45
1424	45
1425	45
1426	45
1427	45
1428	45
1429	45
1430	45
1431	45
1432	45
1433	45
1434	45
1435	45
1436	45
1437	45
1438	45
1439	46
1440	46
1441	46
1442	46
1443	46
1444	46
1445	46
1446	46
1447	46
1448	46
1449	46
1450	46
1451	46
1452	46
1453	46
1454	46
1455	46
1456	46
1457	46
1458	46
1459	46
1460	46
1461	46
1462	46
1463	46
1464	46
1465	46
1466	46
1467	46
1468	46
1469	46
1470	46
1471	46
1472	46
1473	46
1474	46
1475	47
1476	47
1477	47
1478	47
1479	47
1480	47
1481	47
1482	47
1483	47
1484	47
1485	47
1486	47
1487	47
1488	47
1489	47
1490	47
1491	47
1492	47
1493	47
1494	47
1495	47
1496	47
1497	47
1498	47
1499	47
1500	47
1501	47
1502	47
1503	47
1504	48
1505	48
1506	48
1507	48
1508	48
1509	48
1510	48
1511	48
1512	48
1513	48
1514	48
1515	48
1516	48
1517	48
1518	48
1519	48
1520	48
1521	48
1522	48
1523	48
1524	48
1525	48
1526	48
1527	48
1528	48
1529	48
1530	48
1531	49
1532	49
1533	49
1534	49
1535	49
1536	49
1537	49
1538	49
1539	49
1540	49
1541	49
1542	49
1543	49
1544	49
1545	49
1546	49
1547	49
1548	49
1549	49
1550	49
1551	49
1552	49
1553	49
1554	49
1555	49
1556	49
1557	49
1558	49
1559	49
1560	49
1561	49
1562	49
1563	49
1564	50
1565	50
1566	50
1567	50
1568	50
1569	50
1570	50
1571	50
1572	50
1573	50
1574	50
1575	50
1576	50
1577	50
1578	50
1579	50
1580	50
1581	50
1582	50
1583	50
1584	50
1585	50
1586	50
1587	50
1588	50
1589	50
1590	50
1591	50
1592	50
1593	50
1594	50
1595	50
1596	50
1597	50
1598	51
1599	51
1600	51
1601	51
1602	51
1603	51
1604	51
1605	51
1606	51
1607	51
1608	51
1609	51
1610	51
1611	51
1612	51
1613	51
1614	51
1615	51
1616	51
1617	51
1618	51
1619	51
1620	51
1621	51
1622	51
1623	51
1624	51
1625	51
1626	51
1627	51
1628	51
1629	51
1630	51
1631	51
1632	51
1633	52
1634	52
1635	52
1636	52
1637	52
1638	52
1639	52
1640	52
1641	52
1642	52
1643	52
1644	52
1645	52
1646	52
1647	52
1648	52
1649	52
1650	52
1651	52
1652	52
1653	52
1654	52
1655	52
1656	52
1657	52
1658	52
1659	52
1660	52
1661	52
1662	52
1663	52
1664	52
1665	52
1666	52
1667	52
1668	53
1669	53
1670	53
1671	53
1672	53
1673	53
1674	53
1675	53
1676	53
1677	53
1678	53
1679	53
1680	53
1681	53
1682	53
1683	53
1684	53
1685	53
1686	53
1687	53
1688	53
1689	53
1690	53
1691	53
1692	53
1693	53
1694	53
1695	53
1696	53
1697	53
1698	53
1699	53
1700	53
1701	53
1702	53
1703	53
1704	53
1705	54
1706	54
1707	54
1708	54
1709	54
1710	54
1711	54
1712	54
1713	54
1714	54
1715	54
1716	54
1717	54
1718	54
1719	54
1720	54
1721	54
1722	54
1723	54
1724	54
1725	54
1726	54
1727	54
1728	54
1729	54
1730	54
1731	54
1732	54
1733	54
1734	54
1735	54
1736	54
1737	54
1738	55
1739	55
1740	55
1741	55
1742	55
1743	55
1744	55
1745	55
1746	55
1747	55
1748	55
1749	55
1750	55
1751	55
1752	55
1753	55
1754	55
1755	55
1756	55
1757	55
1758	55
1759	55
1760	55
1761	55
1762	55
1763	55
1764	55
1765	55
1766	55
1767	55
1768	55
1769	55
1770	55
1771	55
1772	56
1773	56
1774	56
1775	56
1776	56
1777	56
1778	56
1779	56
1780	56
1781	56
1782	56
1783	56
1784	56
1785	56
1786	56
1787	56
1788	56
1789	56
1790	56
1791	56
1792	56
1793	56
1794	56
1795	56
1796	56
1797	56
1798	56
1799	56
1800	56
1801	56
1802	56
1803	56
1804	56
1805	57
1806	57
1807	57
1808	57
1809	57
1810	57
1811	57
1812	57
1813	57
1814	57
1815	57
1816	57
1817	57
1818	57
1819	57
1820	57
1821	57
1822	57
1823	57
1824	57
1825	57
1826	57
1827	57
1828	57
1829	57
1830	57
1831	57
1832	57
1833	57
1834	57
1835	57
1836	58
1837	58
1838	58
1839	58
1840	58
1841	58
1842	58
1843	58
1844	58
1845	58
1846	58
1847	58
1848	58
1849	58
1850	58
1851	58
1852	58
1853	58
1854	58
1855	58
1856	58
1857	58
1858	58
1859	58
1860	58
1861	58
1862	58
1863	58
1864	58
1865	58
1866	58
1867	58
1868	58
1869	58
1870	58
1871	58
1872	59
1873	59
1874	59
1875	59
1876	59
1877	59
1878	59
1879	59
1880	59
1881	59
1882	59
1883	59
1884	59
1885	59
1886	59
1887	59
1888	59
1889	59
1890	59
1891	59
1892	59
1893	59
1894	59
1895	59
1896	59
1897	59
1898	59
1899	59
1900	59
1901	59
1902	59
1903	59
1904	60
1905	60
1906	60
1907	60
1908	60
1909	60
1910	60
1911	60
1912	60
1913	60
1914	60
1915	60
1916	60
1917	60
1918	60
1919	60
1920	60
1921	60
1922	60
1923	60
1924	60
1925	60
1926	60
1927	60
1928	60
1929	60
1930	60
1931	60
1932	60
1933	60
1934	60
1935	61
1936	61
1937	61
1938	61
1939	61
1940	61
1941	61
1942	61
1943	61
1944	61
1945	61
1946	61
1947	61
1948	61
1949	61
1950	61
1951	61
1952	61
1953	61
1954	61
1955	61
1956	61
1957	61
1958	61
1959	61
1960	61
1961	61
1962	61
1963	61
1964	61
1965	61
1966	61
1967	61
1968	62
1969	62
1970	62
1971	62
1972	62
1973	62
1974	62
1975	62
1976	62
1977	62
1978	62
1979	62
1980	62
1981	62
1982	62
1983	62
1984	62
1985	62
1986	62
1987	62
1988	62
1989	62
1990	62
1991	62
1992	62
1993	62
1994	62
1995	62
1996	62
1997	62
1998	62
1999	63
2000	63
2001	63
2002	63
2003	63
2004	63
2005	63
2006	63
2007	63
2008	63
2009	63
2010	63
2011	63
2012	63
2013	63
2014	63
2015	63
2016	63
2017	63
2018	63
2019	63
2020	63
2021	63
2022	63
2023	63
2024	63
2025	63
2026	64
2027	64
2028	64
2029	64
2030	64
2031	64
2032	64
2033	64
2034	64
2035	64
2036	64
2037	64
2038	64
2039	64
2040	64
2041	64
2042	64
2043	64
2044	64
2045	64
2046	64
2047	64
2048	64
2049	64
2050	64
2051	64
2052	64
2053	64
2054	64
2055	64
2056	64
2057	64
2058	64
2059	64
2060	65
2061	65
2062	65
2063	65
2064	65
2065	65
2066	65
2067	65
2068	65
2069	65
2070	65
2071	65
2072	65
2073	65
2074	65
2075	65
2076	65
2077	65
2078	65
2079	65
2080	65
2081	65
2082	65
2083	65
2084	65
2085	65
2086	65
2087	65
2088	65
2089	65
2090	65
2091	65
2092	65
2093	65
2094	65
2095	66
2096	66
2097	66
2098	66
2099	66
2100	66
2101	66
2102	66
2103	66
2104	66
2105	66
2106	66
2107	66
2108	66
2109	66
2110	66
2111	66
2112	66
2113	66
2114	66
2115	66
2116	66
2117	66
2118	66
2119	66
2120	66
2121	66
2122	66
2123	66
2124	67
2125	67
2126	67
2127	67
2128	67
2129	67
2130	67
2131	67
2132	67
2133	67
2134	67
2135	67
2136	67
2137	67
2138	67
2139	67
2140	67
2141	67
2142	67
2143	67
2144	67
2145	67
2146	67
2147	67
2148	67
2149	67
2150	67
2151	67
2152	67
2153	67
2154	67
2155	67
2156	67
2157	67
2158	67
2159	67
2160	68
2161	68
2162	68
2163	68
2164	68
2165	68
2166	68
2167	68
2168	68
2169	68
2170	68
2171	68
2172	68
2173	68
2174	68
2175	68
2176	68
2177	68
2178	68
2179	68
2180	68
2181	68
2182	68
2183	68
2184	68
2185	68
2186	68
2187	68
2188	68
2189	68
2190	68
2191	68
2192	68
2193	68
2194	68
2195	69
2196	69
2197	69
2198	69
2199	69
2200	69
2201	69
2202	69
2203	69
2204	69
2205	69
2206	69
2207	69
2208	69
2209	69
2210	69
2211	69
2212	69
2213	69
2214	69
2215	69
2216	69
2217	69
2218	69
2219	69
2220	69
2221	69
2222	69
2223	69
2224	69
2225	70
2226	70
2227	70
2228	70
2229	70
2230	70
2231	70
2232	70
2233	70
2234	70
2235	70
2236	70
2237	70
2238	70
2239	70
2240	70
2241	70
2242	70
2243	70
2244	70
2245	70
2246	70
2247	70
2248	70
2249	70
2250	70
2251	70
2252	70
2253	70
2254	70
2255	70
2256	70
2257	70
2258	71
2259	71
2260	71
2261	71
2262	71
2263	71
2264	71
2265	71
2266	71
2267	71
2268	71
2269	71
2270	71
2271	71
2272	71
2273	71
2274	71
2275	71
2276	71
2277	71
2278	71
2279	71
2280	71
2281	71
2282	71
2283	71
2284	71
2285	71
2286	71
2287	71
2288	71
2289	71
2290	71
2291	71
2292	71
2293	71
2294	71
2295	72
2296	72
2297	72
2298	72
2299	72
2300	72
2301	72
2302	72
2303	72
2304	72
2305	72
2306	72
2307	72
2308	72
2309	72
2310	72
2311	72
2312	72
2313	72
2314	72
2315	72
2316	72
2317	72
2318	72
2319	72
2320	72
2321	72
2322	72
2323	72
2324	72
2325	72
2326	73
2327	73
2328	73
2329	73
2330	73
2331	73
2332	73
2333	73
2334	73
2335	73
2336	73
2337	73
2338	73
2339	73
2340	73
2341	73
2342	73
2343	73
2344	73
2345	73
2346	73
2347	73
2348	73
2349	73
2350	73
2351	73
2352	73
2353	73
2354	73
2355	73
2356	73
2357	73
2358	73
2359	73
2360	74
2361	74
2362	74
2363	74
2364	74
2365	74
2366	74
2367	74
2368	74
2369	74
2370	74
2371	74
2372	74
2373	74
2374	74
2375	74
2376	74
2377	74
2378	74
2379	74
2380	74
2381	74
2382	74
2383	74
2384	74
2385	74
2386	74
2387	74
2388	74
2389	74
2390	74
2391	74
2392	75
2393	75
2394	75
2395	75
2396	75
2397	75
2398	75
2399	75
2400	75
2401	75
2402	75
2403	75
2404	75
2405	75
2406	75
2407	75
2408	75
2409	75
2410	75
2411	75
2412	75
2413	75
2414	75
2415	75
2416	75
2417	75
2418	75
2419	75
2420	75
2421	75
2422	75
2423	75
2424	75
2425	76
2426	76
2427	76
2428	76
2429	76
2430	76
2431	76
2432	76
2433	76
2434	76
2435	76
2436	76
2437	76
2438	76
2439	76
2440	76
2441	76
2442	76
2443	76
2444	76
2445	76
2446	76
2447	76
2448	76
2449	76
2450	76
2451	76
2452	76
2453	76
2454	76
2455	77
2456	77
2457	77
2458	77
2459	77
2460	77
2461	77
2462	77
2463	77
2464	77
2465	77
2466	77
2467	77
2468	77
2469	77
2470	77
2471	77
2472	77
2473	77
2474	77
2475	77
2476	77
2477	77
2478	77
2479	77
2480	77
2481	77
2482	77
2483	77
2484	77
2485	77
2486	77
2487	77
2488	77
2489	78
2490	78
2491	78
2492	78
2493	78
2494	78
2495	78
2496	78
2497	78
2498	78
2499	78
2500	78
2501	78
2502	78
2503	78
2504	78
2505	78
2506	78
2507	78
2508	78
2509	78
2510	78
2511	78
2512	78
2513	78
2514	78
2515	78
2516	78
2517	78
2518	78
2519	78
2520	79
2521	79
2522	79
2523	79
2524	79
2525	79
2526	79
2527	79
2528	79
2529	79
2530	79
2531	79
2532	79
2533	79
2534	79
2535	79
2536	79
2537	79
2538	79
2539	79
2540	79
2541	79
2542	79
2543	79
2544	79
2545	79
2546	79
2547	79
2548	79
2549	79
2550	79
2551	79
2552	79
2553	79
2554	79
2555	79
2556	79
2557	80
2558	80
2559	80
2560	80
2561	80
2562	80
2563	80
2564	80
2565	80
2566	80
2567	80
2568	80
2569	80
2570	80
2571	80
2572	80
2573	80
2574	80
2575	80
2576	80
2577	80
2578	80
2579	80
2580	80
2581	80
2582	80
2583	80
2584	80
2585	80
2586	80
2587	80
2588	80
2589	80
2590	81
2591	81
2592	81
2593	81
2594	81
2595	81
2596	81
2597	81
2598	81
2599	81
2600	81
2601	81
2602	81
2603	81
2604	81
2605	81
2606	81
2607	81
2608	81
2609	81
2610	81
2611	81
2612	81
2613	81
2614	81
2615	81
2616	81
2617	81
2618	81
2619	81
2620	81
2621	81
2622	81
2623	81
2624	81
2625	82
2626	82
2627	82
2628	82
2629	82
2630	82
2631	82
2632	82
2633	82
2634	82
2635	82
2636	82
2637	82
2638	82
2639	82
2640	82
2641	82
2642	82
2643	82
2644	82
2645	83
2646	83
2647	83
2648	83
2649	83
2650	83
2651	83
2652	83
2653	83
2654	83
2655	83
2656	83
2657	83
2658	83
2659	83
2660	83
2661	83
2662	83
2663	83
2664	83
2665	83
2666	83
2667	83
2668	83
2669	83
2670	84
2671	84
2672	84
2673	84
2674	84
2675	84
2676	84
2677	84
2678	84
2679	84
2680	84
2681	84
2682	84
2683	84
2684	84
2685	84
2686	84
2687	84
2688	84
2689	84
2690	84
2691	84
2692	84
2693	84
2694	84
2695	84
2696	84
2697	84
2698	84
2699	84
2700	84
2701	84
2702	84
2703	84
2704	84
2705	85
2706	85
2707	85
2708	85
2709	85
2710	85
2711	85
2712	85
2713	85
2714	85
2715	85
2716	85
2717	85
2718	85
2719	85
2720	85
2721	85
2722	85
2723	85
2724	85
2725	85
2726	85
2727	85
2728	85
2729	85
2730	85
2731	85
2732	85
2733	85
2734	85
2735	85
2736	85
2737	86
2738	86
2739	86
2740	86
2741	86
2742	86
2743	86
2744	86
2745	86
2746	86
2747	86
2748	86
2749	86
2750	86
2751	86
2752	86
2753	86
2754	86
2755	86
2756	86
2757	86
2758	86
2759	86
2760	86
2761	86
2762	86
2763	86
2764	86
2765	86
2766	86
2767	86
2768	86
2769	86
2770	86
2771	86
2772	86
2773	86
2774	86
2775	87
2776	87
2777	87
2778	87
2779	87
2780	87
2781	87
2782	87
2783	87
2784	87
2785	87
2786	87
2787	87
2788	87
2789	87
2790	87
2791	87
2792	87
2793	87
2794	87
2795	87
2796	87
2797	87
2798	87
2799	87
2800	87
2801	87
2802	87
2803	87
2804	87
2805	87
2806	87
2807	87
2808	87
2809	88
2810	88
2811	88
2812	88
2813	88
2814	88
2815	88
2816	88
2817	88
2818	88
2819	88
2820	88
2821	88
2822	88
2823	88
2824	88
2825	88
2826	88
2827	88
2828	88
2829	88
2830	88
2831	88
2832	88
2833	88
2834	88
2835	88
2836	88
2837	88
2838	88
2839	88
2840	88
2841	88
2842	89
2843	89
2844	89
2845	89
2846	89
2847	89
2848	89
2849	89
2850	89
2851	89
2852	89
2853	89
2854	89
2855	89
2856	89
2857	89
2858	89
2859	89
2860	89
2861	89
2862	89
2863	89
2864	89
2865	89
2866	89
2867	89
2868	89
2869	89
2870	89
2871	89
2872	89
2873	89
2874	89
2875	89
2876	89
2877	89
2878	89
2879	89
2880	89
2881	90
2882	90
2883	90
2884	90
2885	90
2886	90
2887	90
2888	90
2889	90
2890	90
2891	90
2892	90
2893	90
2894	90
2895	90
2896	90
2897	90
2898	90
2899	90
2900	90
2901	90
2902	90
2903	90
2904	90
2905	90
2906	90
2907	90
2908	90
2909	90
2910	90
2911	90
2912	90
2913	91
2914	91
2915	91
2916	91
2917	91
2918	91
2919	91
2920	91
2921	91
2922	91
2923	91
2924	91
2925	91
2926	91
2927	91
2928	91
2929	91
2930	91
2931	91
2932	91
2933	91
2934	91
2935	91
2936	91
2937	91
2938	91
2939	91
2940	91
2941	91
2942	91
2943	91
2944	91
2945	91
2946	92
2947	92
2948	92
2949	92
2950	92
2951	92
2952	92
2953	92
2954	92
2955	92
2956	92
2957	92
2958	92
2959	92
2960	92
2961	92
2962	92
2963	92
2964	92
2965	92
2966	92
2967	92
2968	92
2969	92
2970	92
2971	92
2972	93
2973	93
2974	93
2975	93
2976	93
2977	93
2978	93
2979	93
2980	93
2981	93
2982	93
2983	93
2984	93
2985	93
2986	93
2987	93
2988	93
2989	93
2990	93
2991	93
2992	93
2993	93
2994	93
2995	93
2996	93
2997	93
2998	93
2999	93
3000	93
3001	93
3002	94
3003	94
3004	94
3005	94
3006	94
3007	94
3008	94
3009	94
3010	94
3011	94
3012	94
3013	94
3014	94
3015	94
3016	94
3017	94
3018	94
3019	94
3020	94
3021	94
3022	94
3023	94
3024	94
3025	94
3026	94
3027	94
3028	94
3029	94
3030	94
3031	94
3032	94
3033	94
3034	94
3035	95
3036	95
3037	95
3038	95
3039	95
3040	95
3041	95
3042	95
3043	95
3044	95
3045	95
3046	95
3047	95
3048	95
3049	95
3050	95
3051	95
3052	95
3053	95
3054	95
3055	95
3056	95
3057	95
3058	95
3059	95
3060	95
3061	95
3062	95
3063	95
3064	95
3065	95
3066	95
3067	95
3068	95
3069	95
3070	95
3071	95
3072	95
3073	96
3074	96
3075	96
3076	96
3077	96
3078	96
3079	96
3080	96
3081	96
3082	96
3083	96
3084	96
3085	96
3086	96
3087	96
3088	96
3089	96
3090	96
3091	96
3092	96
3093	96
3094	96
3095	96
3096	96
3097	96
3098	96
3099	96
3100	96
3101	96
3102	96
3103	96
3104	96
3105	96
3106	96
3107	96
3108	96
3109	97
3110	97
3111	97
3112	97
3113	97
3114	97
3115	97
3116	97
3117	97
3118	97
3119	97
3120	97
3121	97
3122	97
3123	97
3124	97
3125	97
3126	97
3127	97
3128	97
3129	97
3130	97
3131	97
3132	97
3133	97
3134	97
3135	97
3136	97
3137	97
3138	98
3139	98
3140	98
3141	98
3142	98
3143	98
3144	98
3145	98
3146	98
3147	98
3148	98
3149	98
3150	98
3151	98
3152	98
3153	98
3154	98
3155	98
3156	98
3157	98
3158	98
3159	98
3160	98
3161	98
3162	98
3163	98
3164	98
3165	98
3166	98
3167	98
3168	98
3169	98
3170	98
3171	98
3172	99
3173	99
3174	99
3175	99
3176	99
3177	99
3178	99
3179	99
3180	99
3181	99
3182	99
3183	99
3184	99
3185	99
3186	99
3187	99
3188	99
3189	99
3190	99
3191	99
3192	99
3193	99
3194	99
3195	99
3196	99
3197	99
3198	99
3199	99
3200	99
3201	99
3202	99
3203	99
3204	99
3205	99
3206	99
3207	100
3208	100
3209	100
3210	100
3211	100
3212	100
3213	100
3214	100
3215	100
3216	100
3217	100
3218	100
3219	100
3220	100
3221	100
3222	100
3223	100
3224	100
3225	100
3226	100
3227	100
3228	100
3229	100
3230	100
3231	100
3232	100
3233	100
3234	100
3235	100
3236	100
3237	100
3238	100
3239	100
3240	100
3241	101
3242	101
3243	101
3244	101
3245	101
3246	101
3247	101
3248	101
3249	101
3250	101
3251	101
3252	101
3253	101
3254	101
3255	101
3256	101
3257	101
3258	101
3259	101
3260	101
3261	101
3262	101
3263	101
3264	101
3265	101
3266	101
3267	101
3268	101
3269	101
3270	101
3271	101
3272	101
3273	101
3274	101
3275	101
3276	102
3277	102
3278	102
3279	102
3280	102
3281	102
3282	102
3283	102
3284	102
3285	102
3286	102
3287	102
3288	102
3289	102
3290	102
3291	102
3292	102
3293	102
3294	102
3295	102
3296	102
3297	102
3298	102
3299	102
3300	102
3301	102
3302	102
3303	102
3304	102
3305	102
3306	102
3307	102
3308	102
3309	102
3310	102
3311	102
3312	102
3313	102
3314	103
3315	103
3316	103
3317	103
3318	103
3319	103
3320	103
3321	103
3322	103
3323	103
3324	103
3325	103
3326	103
3327	103
3328	103
3329	103
3330	103
3331	103
3332	103
3333	103
3334	103
3335	103
3336	103
3337	103
3338	103
3339	103
3340	103
3341	103
3342	103
3343	103
3344	103
3345	103
3346	103
3347	103
3348	103
3349	103
3350	103
3351	103
3352	103
3353	104
3354	104
3355	104
3356	104
3357	104
3358	104
3359	104
3360	104
3361	104
3362	104
3363	104
3364	104
3365	104
3366	104
3367	104
3368	104
3369	104
3370	104
3371	104
3372	104
3373	104
3374	104
3375	104
3376	104
3377	104
3378	104
3379	104
3380	104
3381	104
3382	104
3383	104
3384	104
3385	104
3386	104
3387	104
3388	104
3389	104
3390	105
3391	105
3392	105
3393	105
3394	105
3395	105
3396	105
3397	105
3398	105
3399	105
3400	105
3401	105
3402	105
3403	105
3404	105
3405	105
3406	105
3407	105
3408	105
3409	105
3410	105
3411	105
3412	105
3413	105
3414	105
3415	105
3416	105
3417	105
3418	105
3419	105
3420	105
3421	105
3422	105
3423	105
3424	105
3425	106
3426	106
3427	106
3428	106
3429	106
3430	106
3431	106
3432	106
3433	106
3434	106
3435	106
3436	106
3437	106
3438	106
3439	106
3440	106
3441	106
3442	106
3443	106
3444	106
3445	106
3446	106
3447	106
3448	106
3449	106
3450	106
3451	106
3452	106
3453	106
3454	106
3455	107
3456	107
3457	107
3458	107
3459	107
3460	107
3461	107
3462	107
3463	107
3464	107
3465	107
3466	107
3467	107
3468	107
3469	107
3470	107
3471	107
3472	107
3473	107
3474	107
3475	107
3476	107
3477	107
3478	107
3479	107
3480	107
3481	107
3482	107
3483	107
3484	107
3485	107
3486	107
3487	107
3488	107
3489	107
3490	108
3491	108
3492	108
3493	108
3494	108
3495	108
3496	108
3497	108
3498	108
3499	108
3500	108
3501	108
3502	108
3503	108
3504	108
3505	108
3506	108
3507	108
3508	108
3509	108
3510	108
3511	108
3512	108
3513	108
3514	108
3515	108
3516	108
3517	108
3518	108
3519	108
3520	108
3521	109
3522	109
3523	109
3524	109
3525	109
3526	109
3527	109
3528	109
3529	109
3530	109
3531	109
3532	109
3533	109
3534	109
3535	109
3536	109
3537	109
3538	109
3539	109
3540	109
3541	109
3542	109
3543	109
3544	109
3545	109
3546	109
3547	109
3548	109
3549	109
3550	109
3551	110
3552	110
3553	110
3554	110
3555	110
3556	110
3557	110
3558	110
3559	110
3560	110
3561	110
3562	110
3563	110
3564	110
3565	110
3566	110
3567	110
3568	110
3569	110
3570	110
3571	110
3572	110
3573	110
3574	110
3575	110
3576	110
3577	110
3578	110
3579	110
3580	110
3581	110
3582	110
3583	110
3584	110
3585	111
3586	111
3587	111
3588	111
3589	111
3590	111
3591	111
3592	111
3593	111
3594	111
3595	111
3596	111
3597	111
3598	111
3599	111
3600	111
3601	111
3602	111
3603	111
3604	111
3605	111
3606	111
3607	111
3608	111
3609	111
3610	111
3611	111
3612	111
3613	111
3614	111
3615	111
3616	111
3617	111
3618	111
3619	111
3620	112
3621	112
3622	112
3623	112
3624	112
3625	112
3626	112
3627	112
3628	112
3629	112
3630	112
3631	112
3632	112
3633	112
3634	112
3635	112
3636	112
3637	112
3638	112
3639	112
3640	112
3641	112
3642	112
3643	112
3644	112
3645	112
3646	112
3647	112
3648	112
3649	112
3650	112
3651	112
3652	112
3653	112
3654	112
3655	112
3656	112
3657	113
3658	113
3659	113
3660	113
3661	113
3662	113
3663	113
3664	113
3665	113
3666	113
3667	113
3668	113
3669	113
3670	113
3671	113
3672	113
3673	113
3674	113
3675	113
3676	113
3677	113
3678	113
3679	113
3680	113
3681	113
3682	113
3683	113
3684	113
3685	113
3686	113
3687	113
3688	113
3689	113
3690	114
3691	114
3692	114
3693	114
3694	114
3695	114
3696	114
3697	114
3698	114
3699	114
3700	114
3701	114
3702	114
3703	114
3704	114
3705	114
3706	114
3707	114
3708	114
3709	114
3710	114
3711	114
3712	114
3713	114
3714	114
3715	114
3716	114
3717	114
3718	114
3719	114
3720	115
3721	115
3722	115
3723	115
3724	115
3725	115
3726	115
3727	115
3728	115
3729	115
3730	115
3731	115
3732	115
3733	115
3734	115
3735	115
3736	115
3737	115
3738	115
3739	115
3740	115
3741	115
3742	115
3743	115
3744	115
3745	115
3746	115
3747	115
3748	115
3749	116
3750	116
3751	116
3752	116
3753	116
3754	116
3755	116
3756	116
3757	116
3758	116
3759	116
3760	116
3761	116
3762	116
3763	116
3764	116
3765	116
3766	116
3767	116
3768	116
3769	116
3770	116
3771	116
3772	116
3773	116
3774	116
3775	116
3776	116
3777	117
3778	117
3779	117
3780	117
3781	117
3782	117
3783	117
3784	117
3785	117
3786	117
3787	117
3788	117
3789	117
3790	117
3791	117
3792	117
3793	117
3794	117
3795	117
3796	117
3797	117
3798	117
3799	117
3800	117
3801	117
3802	117
3803	117
3804	117
3805	117
3806	117
3807	117
3808	117
3809	117
3810	118
3811	118
3812	118
3813	118
3814	118
3815	118
3816	118
3817	118
3818	118
3819	118
3820	118
3821	118
3822	118
3823	118
3824	118
3825	118
3826	118
3827	118
3828	118
3829	118
3830	118
3831	118
3832	118
3833	118
3834	118
3835	118
3836	118
3837	118
3838	118
3839	118
3840	118
3841	118
3842	118
3843	118
3844	118
3845	118
3846	119
3847	119
3848	119
3849	119
3850	119
3851	119
3852	119
3853	119
3854	119
3855	119
3856	119
3857	119
3858	119
3859	119
3860	119
3861	119
3862	119
3863	119
3864	119
3865	119
3866	119
3867	119
3868	119
3869	119
3870	119
3871	119
3872	119
3873	119
3874	119
3875	119
3876	119
3877	120
3878	120
3879	120
3880	120
3881	120
3882	120
3883	120
3884	120
3885	120
3886	120
3887	120
3888	120
3889	120
3890	120
3891	120
3892	120
3893	120
3894	120
3895	120
3896	120
3897	120
3898	120
3899	120
3900	120
3901	120
3902	120
3903	120
3904	120
3905	120
3906	120
3907	120
3908	120
3909	121
3910	121
3911	121
3912	121
3913	121
3914	121
3915	121
3916	121
3917	121
3918	121
3919	121
3920	121
3921	121
3922	121
3923	121
3924	121
3925	121
3926	121
3927	121
3928	121
3929	121
3930	121
3931	121
3932	121
3933	121
3934	121
3935	121
3936	121
3937	121
3938	121
3939	121
3940	121
3941	121
3942	121
3943	122
3944	122
3945	122
3946	122
3947	122
3948	122
3949	122
3950	122
3951	122
3952	122
3953	122
3954	122
3955	122
3956	122
3957	122
3958	122
3959	122
3960	122
3961	122
3962	122
3963	122
3964	122
3965	122
3966	122
3967	122
3968	122
3969	122
3970	122
3971	122
3972	122
3973	123
3974	123
3975	123
3976	123
3977	123
3978	123
3979	123
3980	123
3981	123
3982	123
3983	123
3984	123
3985	123
3986	123
3987	123
3988	123
3989	123
3990	123
3991	123
3992	123
3993	123
3994	123
3995	123
3996	123
3997	123
3998	123
3999	123
4000	123
4001	123
4002	123
4003	123
4004	123
4005	124
4006	124
4007	124
4008	124
4009	124
4010	124
4011	124
4012	124
4013	124
4014	124
4015	124
4016	124
4017	124
4018	124
4019	124
4020	124
4021	124
4022	124
4023	124
4024	124
4025	124
4026	124
4027	124
4028	124
4029	124
4030	124
4031	124
4032	124
4033	124
4034	124
4035	124
4036	124
4037	124
4038	124
4039	125
4040	125
4041	125
4042	125
4043	125
4044	125
4045	125
4046	125
4047	125
4048	125
4049	125
4050	125
4051	125
4052	125
4053	125
4054	125
4055	125
4056	125
4057	125
4058	125
4059	125
4060	125
4061	125
4062	125
4063	125
4064	125
4065	125
4066	125
4067	125
4068	125
4069	125
4070	125
4071	125
4072	125
4073	126
4074	126
4075	126
4076	126
4077	126
4078	126
4079	126
4080	126
4081	126
4082	126
4083	126
4084	126
4085	126
4086	126
4087	126
4088	126
4089	126
4090	126
4091	126
4092	126
4093	126
4094	126
4095	126
4096	126
4097	126
4098	126
4099	126
4100	126
4101	126
4102	126
4103	126
4104	126
4105	126
4106	126
4107	126
4108	126
4109	127
4110	127
4111	127
4112	127
4113	127
4114	127
4115	127
4116	127
4117	127
4118	127
4119	127
4120	127
4121	127
4122	127
4123	127
4124	127
4125	127
4126	127
4127	127
4128	127
4129	127
4130	127
4131	127
4132	127
4133	127
4134	127
4135	127
4136	127
4137	127
4138	127
4139	127
4140	127
4141	127
4142	127
4143	127
4144	127
4145	127
4146	128
4147	128
4148	128
4149	128
4150	128
4151	128
4152	128
4153	128
4154	128
4155	128
4156	128
4157	128
4158	128
4159	128
4160	128
4161	128
4162	128
4163	128
4164	128
4165	128
4166	128
4167	128
4168	128
4169	128
4170	128
4171	128
4172	128
4173	128
4174	128
4175	128
4176	128
4177	128
4178	128
4179	128
4180	129
4181	129
4182	129
4183	129
4184	129
4185	129
4186	129
4187	129
4188	129
4189	129
4190	129
4191	129
4192	129
4193	129
4194	129
4195	129
4196	129
4197	129
4198	129
4199	129
4200	129
4201	129
4202	129
4203	129
4204	129
4205	129
4206	129
4207	129
4208	129
4209	129
4210	129
4211	129
4212	129
4213	129
4214	129
4215	130
4216	130
4217	130
4218	130
4219	130
4220	130
4221	130
4222	130
4223	130
4224	130
4225	130
4226	130
4227	130
4228	130
4229	130
4230	130
4231	130
4232	130
4233	130
4234	130
4235	130
4236	130
4237	130
4238	130
4239	130
4240	130
4241	130
4242	130
4243	130
4244	130
4245	130
4246	130
4247	130
4248	130
4249	130
4250	131
4251	131
4252	131
4253	131
4254	131
4255	131
4256	131
4257	131
4258	131
4259	131
4260	131
4261	131
4262	131
4263	131
4264	131
4265	131
4266	131
4267	131
4268	131
4269	131
4270	131
4271	131
4272	131
4273	131
4274	131
4275	131
4276	131
4277	131
4278	131
4279	131
4280	131
4281	131
4282	131
4283	131
4284	131
4285	131
4286	131
4287	132
4288	132
4289	132
4290	132
4291	132
4292	132
4293	132
4294	132
4295	132
4296	132
4297	132
4298	132
4299	132
4300	132
4301	132
4302	132
4303	132
4304	132
4305	132
4306	132
4307	132
4308	132
4309	132
4310	132
4311	132
4312	132
4313	132
4314	132
4315	132
4316	132
4317	132
4318	132
4319	132
4320	132
4321	132
4322	132
4323	133
4324	133
4325	133
4326	133
4327	133
4328	133
4329	133
4330	133
4331	133
4332	133
4333	133
4334	133
4335	133
4336	133
4337	133
4338	133
4339	133
4340	133
4341	133
4342	133
4343	133
4344	133
4345	133
4346	133
4347	133
4348	133
4349	133
4350	133
4351	133
4352	133
4353	133
4354	133
4355	133
4356	133
4357	133
4358	134
4359	134
4360	134
4361	134
4362	134
4363	134
4364	134
4365	134
4366	134
4367	134
4368	134
4369	134
4370	134
4371	134
4372	134
4373	134
4374	134
4375	134
4376	134
4377	134
4378	134
4379	134
4380	134
4381	134
4382	134
4383	134
4384	134
4385	134
4386	134
4387	134
4388	134
4389	134
4390	134
4391	134
4392	135
4393	135
4394	135
4395	135
4396	135
4397	135
4398	135
4399	135
4400	135
4401	135
4402	135
4403	135
4404	135
4405	135
4406	135
4407	135
4408	135
4409	135
4410	135
4411	135
4412	135
4413	135
4414	135
4415	135
4416	135
4417	135
4418	135
4419	135
4420	135
4421	135
4422	135
4423	136
4424	136
4425	136
4426	136
4427	136
4428	136
4429	136
4430	136
4431	136
4432	136
4433	136
4434	136
4435	136
4436	136
4437	136
4438	136
4439	136
4440	136
4441	136
4442	136
4443	136
4444	136
4445	136
4446	136
4447	136
4448	136
4449	136
4450	136
4451	136
4452	136
4453	136
4454	136
4455	137
4456	137
4457	137
4458	137
4459	137
4460	137
4461	137
4462	137
4463	137
4464	137
4465	137
4466	137
4467	137
4468	137
4469	137
4470	137
4471	137
4472	137
4473	137
4474	137
4475	137
4476	137
4477	137
4478	137
4479	137
4480	137
4481	137
4482	137
4483	137
4484	137
4485	137
4486	137
4487	137
4488	138
4489	138
4490	138
4491	138
4492	138
4493	138
4494	138
4495	138
4496	138
4497	138
4498	138
4499	138
4500	138
4501	138
4502	138
4503	138
4504	138
4505	138
4506	138
4507	138
4508	138
4509	138
4510	138
4511	138
4512	138
4513	138
4514	138
4515	138
4516	138
4517	138
4518	138
4519	138
4520	138
4521	138
4522	139
4523	139
4524	139
4525	139
4526	139
4527	139
4528	139
4529	139
4530	139
4531	139
4532	139
4533	139
4534	139
4535	139
4536	139
4537	139
4538	139
4539	139
4540	139
4541	139
4542	139
4543	139
4544	139
4545	139
4546	139
4547	139
4548	139
4549	139
4550	139
4551	139
4552	139
4553	139
4554	140
4555	140
4556	140
4557	140
4558	140
4559	140
4560	140
4561	140
4562	140
4563	140
4564	140
4565	140
4566	140
4567	140
4568	140
4569	140
4570	140
4571	140
4572	140
4573	140
4574	140
4575	140
4576	140
4577	140
4578	140
4579	140
4580	140
4581	140
4582	140
4583	140
4584	140
4585	140
4586	140
4587	140
4588	141
4589	141
4590	141
4591	141
4592	141
4593	141
4594	141
4595	141
4596	141
4597	141
4598	141
4599	141
4600	141
4601	141
4602	141
4603	141
4604	141
4605	141
4606	141
4607	141
4608	141
4609	141
4610	141
4611	141
4612	141
4613	141
4614	141
4615	141
4616	141
4617	141
4618	141
4619	141
4620	141
4621	142
4622	142
4623	142
4624	142
4625	142
4626	142
4627	142
4628	142
4629	142
4630	142
4631	142
4632	142
4633	142
4634	142
4635	142
4636	142
4637	142
4638	142
4639	142
4640	142
4641	142
4642	142
4643	142
4644	142
4645	142
4646	142
4647	142
4648	142
4649	142
4650	142
4651	142
4652	142
4653	142
4654	143
4655	143
4656	143
4657	143
4658	143
4659	143
4660	143
4661	143
4662	143
4663	143
4664	143
4665	143
4666	143
4667	143
4668	143
4669	143
4670	143
4671	143
4672	143
4673	143
4674	143
4675	143
4676	143
4677	143
4678	143
4679	143
4680	143
4681	143
4682	143
4683	143
4684	143
4685	143
4686	143
4687	143
4688	144
4689	144
4690	144
4691	144
4692	144
4693	144
4694	144
4695	144
4696	144
4697	144
4698	144
4699	144
4700	144
4701	144
4702	144
4703	144
4704	144
4705	144
4706	144
4707	144
4708	144
4709	144
4710	144
4711	144
4712	144
4713	144
4714	144
4715	144
4716	144
4717	144
4718	144
4719	144
4720	144
4721	144
4722	144
4723	144
4724	145
4725	145
4726	145
4727	145
4728	145
4729	145
4730	145
4731	145
4732	145
4733	145
4734	145
4735	145
4736	145
4737	145
4738	145
4739	145
4740	145
4741	145
4742	145
4743	145
4744	145
4745	145
4746	145
4747	145
4748	145
4749	145
4750	145
4751	145
4752	145
4753	145
4754	145
4755	145
4756	145
4757	145
4758	146
4759	146
4760	146
4761	146
4762	146
4763	146
4764	146
4765	146
4766	146
4767	146
4768	146
4769	146
4770	146
4771	146
4772	146
4773	146
4774	146
4775	146
4776	146
4777	146
4778	146
4779	146
4780	146
4781	146
4782	146
4783	146
4784	146
4785	146
4786	146
4787	146
4788	146
4789	146
4790	146
4791	146
4792	146
4793	146
4794	146
4795	147
4796	147
4797	147
4798	147
4799	147
4800	147
4801	147
4802	147
4803	147
4804	147
4805	147
4806	147
4807	147
4808	147
4809	147
4810	147
4811	147
4812	147
4813	147
4814	147
4815	147
4816	147
4817	147
4818	147
4819	147
4820	147
4821	147
4822	147
4823	147
4824	147
4825	147
4826	147
4827	147
4828	147
4829	147
4830	148
4831	148
4832	148
4833	148
4834	148
4835	148
4836	148
4837	148
4838	148
4839	148
4840	148
4841	148
4842	148
4843	148
4844	148
4845	148
4846	148
4847	148
4848	148
4849	148
4850	148
4851	148
4852	148
4853	148
4854	148
4855	148
4856	148
4857	148
4858	148
4859	148
4860	148
4861	148
4862	148
4863	148
4864	148
4865	148
4866	148
4867	148
4868	149
4869	149
4870	149
4871	149
4872	149
4873	149
4874	149
4875	149
4876	149
4877	149
4878	149
4879	149
4880	149
4881	149
4882	149
4883	149
4884	149
4885	149
4886	149
4887	149
4888	149
4889	149
4890	149
4891	149
4892	149
4893	149
4894	149
4895	149
4896	149
4897	149
4898	149
4899	149
4900	149
4901	149
4902	149
4903	150
4904	150
4905	150
4906	150
4907	150
4908	150
4909	150
4910	150
4911	150
4912	150
4913	150
4914	150
4915	150
4916	150
4917	150
4918	150
4919	150
4920	150
4921	150
4922	150
4923	150
4924	150
4925	150
4926	150
4927	150
4928	150
4929	150
4930	150
4931	150
4932	150
4933	150
4934	150
4935	150
4936	151
4937	151
4938	151
4939	151
4940	151
4941	151
4942	151
4943	151
4944	151
4945	151
4946	151
4947	151
4948	151
4949	151
4950	151
4951	151
4952	151
4953	151
4954	151
4955	151
4956	151
4957	151
4958	151
4959	151
4960	151
4961	151
4962	151
4963	151
4964	151
4965	151
4966	151
4967	152
4968	152
4969	152
4970	152
4971	152
4972	152
4973	152
4974	152
4975	152
4976	152
4977	152
4978	152
4979	152
4980	152
4981	152
4982	152
4983	152
4984	152
4985	152
4986	152
4987	152
4988	152
4989	152
4990	152
4991	152
4992	152
4993	152
4994	152
4995	152
4996	152
4997	152
4998	152
4999	152
5000	152
5001	153
5002	153
5003	153
5004	153
5005	153
5006	153
5007	153
5008	153
5009	153
5010	153
5011	153
5012	153
5013	153
5014	153
5015	153
5016	153
5017	153
5018	153
5019	153
5020	153
5021	153
5022	153
5023	153
5024	153
5025	153
5026	153
5027	153
5028	153
5029	153
5030	153
5031	153
5032	153
5033	154
5034	154
5035	154
5036	154
5037	154
5038	154
5039	154
5040	154
5041	154
5042	154
5043	154
5044	154
5045	154
5046	154
5047	154
5048	154
5049	154
5050	154
5051	154
5052	154
5053	154
5054	154
5055	154
5056	154
5057	154
5058	154
5059	154
5060	154
5061	154
5062	154
5063	154
5064	154
5065	154
5066	155
5067	155
5068	155
5069	155
5070	155
5071	155
5072	155
5073	155
5074	155
5075	155
5076	155
5077	155
5078	155
5079	155
5080	155
5081	155
5082	155
5083	155
5084	155
5085	155
5086	155
5087	155
5088	155
5089	155
5090	155
5091	155
5092	155
5093	155
5094	155
5095	155
5096	155
5097	155
5098	155
5099	155
5100	155
5101	156
5102	156
5103	156
5104	156
5105	156
5106	156
5107	156
5108	156
5109	156
5110	156
5111	156
5112	156
5113	156
5114	156
5115	156
5116	156
5117	156
5118	156
5119	156
5120	156
5121	156
5122	156
5123	156
5124	156
5125	156
5126	156
5127	156
5128	156
5129	156
5130	156
5131	156
5132	156
5133	156
5134	156
5135	156
5136	157
5137	157
5138	157
5139	157
5140	157
5141	157
5142	157
5143	157
5144	157
5145	157
5146	157
5147	157
5148	157
5149	157
5150	157
5151	157
5152	157
5153	157
5154	157
5155	157
5156	157
5157	157
5158	157
5159	157
5160	157
5161	157
5162	157
5163	157
5164	157
5165	157
5166	157
5167	157
5168	157
5169	157
5170	158
5171	158
5172	158
5173	158
5174	158
5175	158
5176	158
5177	158
5178	158
5179	158
5180	158
5181	158
5182	158
5183	158
5184	158
5185	158
5186	158
5187	158
5188	158
5189	158
5190	158
5191	158
5192	158
5193	158
5194	158
5195	158
5196	158
5197	158
5198	158
5199	158
5200	158
5201	158
5202	158
5203	158
5204	159
5205	159
5206	159
5207	159
5208	159
5209	159
5210	159
5211	159
5212	159
5213	159
5214	159
5215	159
5216	159
5217	159
5218	159
5219	159
5220	159
5221	159
5222	159
5223	159
5224	159
5225	159
5226	159
5227	159
5228	159
5229	159
5230	159
5231	159
5232	159
5233	159
5234	159
5235	159
5236	159
5237	159
5238	160
5239	160
5240	160
5241	160
5242	160
5243	160
5244	160
5245	160
5246	160
5247	160
5248	160
5249	160
5250	160
5251	160
5252	160
5253	160
5254	160
5255	160
5256	160
5257	160
5258	160
5259	160
5260	160
5261	160
5262	160
5263	160
5264	160
5265	160
5266	160
5267	160
5268	160
5269	160
5270	160
5271	160
5272	160
5273	161
5274	161
5275	161
5276	161
5277	161
5278	161
5279	161
5280	161
5281	161
5282	161
5283	161
5284	161
5285	161
5286	161
5287	161
5288	161
5289	161
5290	161
5291	161
5292	161
5293	161
5294	161
5295	161
5296	161
5297	161
5298	161
5299	161
5300	161
5301	161
5302	161
5303	161
5304	161
5305	161
5306	161
5307	161
5308	162
5309	162
5310	162
5311	162
5312	162
5313	162
5314	162
5315	162
5316	162
5317	162
5318	162
5319	162
5320	162
5321	162
5322	162
5323	162
5324	162
5325	162
5326	162
5327	162
5328	162
5329	162
5330	162
5331	162
5332	162
5333	162
5334	162
5335	162
5336	162
5337	162
5338	162
5339	162
5340	162
5341	163
5342	163
5343	163
5344	163
5345	163
5346	163
5347	163
5348	163
5349	163
5350	163
5351	163
5352	163
5353	163
5354	163
5355	163
5356	163
5357	163
5358	163
5359	163
5360	163
5361	163
5362	163
5363	163
5364	163
5365	163
5366	163
5367	163
5368	163
5369	163
5370	163
5371	163
5372	163
5373	163
5374	163
5375	163
5376	163
5377	164
5378	164
5379	164
5380	164
5381	164
5382	164
5383	164
5384	164
5385	164
5386	164
5387	164
5388	164
5389	164
5390	164
5391	164
5392	164
5393	164
5394	164
5395	164
5396	164
5397	164
5398	164
5399	164
5400	164
5401	164
5402	164
5403	164
5404	164
5405	164
5406	164
5407	164
5408	164
5409	164
5410	164
5411	164
5412	165
5413	165
5414	165
5415	165
5416	165
5417	165
5418	165
5419	165
5420	165
5421	165
5422	165
5423	165
5424	165
5425	165
5426	165
5427	165
5428	165
5429	165
5430	165
5431	165
5432	165
5433	165
5434	165
5435	165
5436	165
5437	165
5438	165
5439	165
5440	165
5441	165
5442	165
5443	166
5444	166
5445	166
5446	166
5447	166
5448	166
5449	166
5450	166
5451	166
5452	166
5453	166
5454	166
5455	166
5456	166
5457	166
5458	166
5459	166
5460	166
5461	166
5462	166
5463	166
5464	166
5465	166
5466	166
5467	166
5468	166
5469	166
5470	166
5471	166
5472	166
5473	166
5474	166
5475	166
5476	166
5477	167
5478	167
5479	167
5480	167
5481	167
5482	167
5483	167
5484	167
5485	167
5486	167
5487	167
5488	167
5489	167
5490	167
5491	167
5492	167
5493	167
5494	167
5495	167
5496	167
5497	167
5498	167
5499	167
5500	167
5501	167
5502	167
5503	167
5504	167
5505	167
5506	167
5507	168
5508	168
5509	168
5510	168
5511	168
5512	168
5513	168
5514	168
5515	168
5516	168
5517	168
5518	168
5519	168
5520	168
5521	168
5522	168
5523	168
5524	168
5525	168
5526	168
5527	168
5528	168
5529	168
5530	168
5531	168
5532	168
5533	168
5534	168
5535	168
5536	168
5537	168
5538	168
5539	168
5540	168
5541	169
5542	169
5543	169
5544	169
5545	169
5546	169
5547	169
5548	169
5549	169
5550	169
5551	169
5552	169
5553	169
5554	169
5555	169
5556	169
5557	169
5558	169
5559	169
5560	169
5561	169
5562	169
5563	169
5564	169
5565	169
5566	169
5567	169
5568	169
5569	169
5570	169
5571	169
5572	169
5573	169
5574	170
5575	170
5576	170
5577	170
5578	170
5579	170
5580	170
5581	170
5582	170
5583	170
5584	170
5585	170
5586	170
5587	170
5588	170
5589	170
5590	170
5591	170
5592	170
5593	170
5594	170
5595	170
5596	170
5597	170
5598	170
5599	170
5600	170
5601	170
5602	170
5603	170
5604	170
5605	170
5606	170
5607	170
5608	170
5609	171
5610	171
5611	171
5612	171
5613	171
5614	171
5615	171
5616	171
5617	171
5618	171
5619	171
5620	171
5621	171
5622	171
5623	171
5624	171
5625	171
5626	171
5627	171
5628	171
5629	171
5630	171
5631	171
5632	171
5633	171
5634	171
5635	171
5636	171
5637	171
5638	171
5639	171
5640	171
5641	171
5642	171
5643	171
5644	171
5645	172
5646	172
5647	172
5648	172
5649	172
5650	172
5651	172
5652	172
5653	172
5654	172
5655	172
5656	172
5657	172
5658	172
5659	172
5660	172
5661	172
5662	172
5663	172
5664	172
5665	172
5666	172
5667	172
5668	172
5669	172
5670	172
5671	172
5672	172
5673	172
5674	172
5675	172
5676	172
5677	172
5678	172
5679	172
5680	173
5681	173
5682	173
5683	173
5684	173
5685	173
5686	173
5687	173
5688	173
5689	173
5690	173
5691	173
5692	173
5693	173
5694	173
5695	173
5696	173
5697	173
5698	173
5699	173
5700	173
5701	173
5702	173
5703	173
5704	173
5705	173
5706	173
5707	173
5708	173
5709	173
5710	173
5711	173
5712	173
5713	173
5714	173
5715	173
5716	174
5717	174
5718	174
5719	174
5720	174
5721	174
5722	174
5723	174
5724	174
5725	174
5726	174
5727	174
5728	174
5729	174
5730	174
5731	174
5732	174
5733	174
5734	174
5735	174
5736	174
5737	174
5738	174
5739	174
5740	174
5741	174
5742	174
5743	174
5744	174
5745	174
5746	174
5747	174
5748	174
5749	174
5750	174
5751	174
5752	174
5753	175
5754	175
5755	175
5756	175
5757	175
5758	175
5759	175
5760	175
5761	175
5762	175
5763	175
5764	175
5765	175
5766	175
5767	175
5768	175
5769	175
5770	175
5771	175
5772	175
5773	175
5774	175
5775	175
5776	175
5777	175
5778	175
5779	175
5780	175
5781	175
5782	175
5783	175
5784	175
5785	175
5786	175
5787	175
5788	175
5789	175
5790	175
5791	175
5792	176
5793	176
5794	176
5795	176
5796	176
5797	176
5798	176
5799	176
5800	176
5801	176
5802	176
5803	176
5804	176
5805	176
5806	176
5807	176
5808	176
5809	176
5810	176
5811	176
5812	176
5813	176
5814	176
5815	176
5816	176
5817	176
5818	176
5819	176
5820	176
5821	176
5822	176
5823	176
5824	176
5825	176
5826	176
5827	176
5828	176
5829	176
5830	177
5831	177
5832	177
5833	177
5834	177
5835	177
5836	177
5837	177
5838	177
5839	177
5840	177
5841	177
5842	177
5843	177
5844	177
5845	177
5846	177
5847	177
5848	177
5849	177
5850	177
5851	177
5852	177
5853	177
5854	177
5855	177
5856	177
5857	177
5858	177
5859	177
5860	177
5861	177
5862	177
5863	177
5864	178
5865	178
5866	178
5867	178
5868	178
5869	178
5870	178
5871	178
5872	178
5873	178
5874	178
5875	178
5876	178
5877	178
5878	178
5879	178
5880	178
5881	178
5882	178
5883	178
5884	178
5885	178
5886	178
5887	178
5888	178
5889	178
5890	178
5891	178
5892	178
5893	178
5894	178
5895	179
5896	179
5897	179
5898	179
5899	179
5900	179
5901	179
5902	179
5903	179
5904	179
5905	179
5906	179
5907	179
5908	179
5909	179
5910	179
5911	179
5912	179
5913	179
5914	179
5915	179
5916	179
5917	179
5918	179
5919	179
5920	179
5921	179
5922	179
5923	179
5924	179
5925	179
5926	179
5927	179
5928	180
5929	180
5930	180
5931	180
5932	180
5933	180
5934	180
5935	180
5936	180
5937	180
5938	180
5939	180
5940	180
5941	180
5942	180
5943	180
5944	180
5945	180
5946	180
5947	180
5948	180
5949	180
5950	180
5951	180
5952	180
5953	180
5954	180
5955	180
5956	180
5957	180
5958	180
5959	180
5960	180
5961	180
5962	181
5963	181
5964	181
5965	181
5966	181
5967	181
5968	181
5969	181
5970	181
5971	181
5972	181
5973	181
5974	181
5975	181
5976	181
5977	181
5978	181
5979	181
5980	181
5981	181
5982	181
5983	181
5984	181
5985	181
5986	181
5987	181
5988	181
5989	181
5990	181
5991	181
5992	181
5993	181
5994	181
5995	181
5996	182
5997	182
5998	182
5999	182
6000	182
6001	182
6002	182
6003	182
6004	182
6005	182
6006	182
6007	182
6008	182
6009	182
6010	182
6011	182
6012	182
6013	182
6014	182
6015	182
6016	182
6017	182
6018	182
6019	182
6020	182
6021	182
6022	182
6023	183
6024	183
6025	183
6026	183
6027	183
6028	183
6029	183
6030	183
6031	183
6032	183
6033	183
6034	183
6035	183
6036	183
6037	183
6038	183
6039	183
6040	183
6041	183
6042	183
6043	183
6044	183
6045	183
6046	183
6047	183
6048	183
6049	183
6050	183
6051	183
6052	183
6053	183
6054	183
6055	183
6056	183
6057	183
6058	183
6059	184
6060	184
6061	184
6062	184
6063	184
6064	184
6065	184
6066	184
6067	184
6068	184
6069	184
6070	184
6071	184
6072	184
6073	184
6074	184
6075	184
6076	184
6077	184
6078	184
6079	184
6080	184
6081	184
6082	184
6083	184
6084	184
6085	184
6086	184
6087	184
6088	184
6089	184
6090	184
6091	184
6092	184
6093	184
6094	184
6095	185
6096	185
6097	185
6098	185
6099	185
6100	185
6101	185
6102	185
6103	185
6104	185
6105	185
6106	185
6107	185
6108	185
6109	185
6110	185
6111	185
6112	185
6113	185
6114	185
6115	185
6116	185
6117	185
6118	185
6119	185
6120	185
6121	185
6122	185
6123	185
6124	185
6125	185
6126	185
6127	185
6128	185
6129	185
6130	185
6131	185
6132	185
6133	186
6134	186
6135	186
6136	186
6137	186
6138	186
6139	186
6140	186
6141	186
6142	186
6143	186
6144	186
6145	186
6146	186
6147	186
6148	186
6149	186
6150	186
6151	186
6152	186
6153	186
6154	186
6155	186
6156	186
6157	186
6158	186
6159	186
6160	186
6161	186
6162	186
6163	186
6164	186
6165	186
6166	186
6167	186
6168	186
6169	186
6170	186
6171	186
6172	187
6173	187
6174	187
6175	187
6176	187
6177	187
6178	187
6179	187
6180	187
6181	187
6182	187
6183	187
6184	187
6185	187
6186	187
6187	187
6188	187
6189	187
6190	187
6191	187
6192	187
6193	187
6194	187
6195	187
6196	187
6197	187
6198	187
6199	187
6200	187
6201	187
6202	187
6203	187
6204	187
6205	187
6206	187
6207	187
6208	187
6209	188
6210	188
6211	188
6212	188
6213	188
6214	188
6215	188
6216	188
6217	188
6218	188
6219	188
6220	188
6221	188
6222	188
6223	188
6224	188
6225	188
6226	188
6227	188
6228	188
6229	188
6230	188
6231	188
6232	188
6233	188
6234	188
6235	188
6236	188
6237	188
6238	188
6239	188
6240	188
6241	189
6242	189
6243	189
6244	189
6245	189
6246	189
6247	189
6248	189
6249	189
6250	189
6251	189
6252	189
6253	189
6254	189
6255	189
6256	189
6257	189
6258	189
6259	189
6260	189
6261	189
6262	189
6263	189
6264	189
6265	189
6266	189
6267	189
6268	189
6269	189
6270	189
6271	189
6272	189
6273	190
6274	190
6275	190
6276	190
6277	190
6278	190
6279	190
6280	190
6281	190
6282	190
6283	190
6284	190
6285	190
6286	190
6287	190
6288	190
6289	190
6290	190
6291	190
6292	190
6293	190
6294	190
6295	190
6296	190
6297	190
6298	190
6299	190
6300	190
6301	190
6302	190
6303	190
6304	190
6305	190
6306	190
6307	190
6308	190
6309	191
6310	191
6311	191
6312	191
6313	191
6314	191
6315	191
6316	191
6317	191
6318	191
6319	191
6320	191
6321	191
6322	191
6323	191
6324	191
6325	191
6326	191
6327	191
6328	191
6329	191
6330	191
6331	191
6332	191
6333	191
6334	191
6335	191
6336	191
6337	191
6338	191
6339	191
6340	191
6341	191
6342	191
6343	191
6344	191
6345	191
6346	191
6347	191
6348	191
6349	192
6350	192
6351	192
6352	192
6353	192
6354	192
6355	192
6356	192
6357	192
6358	192
6359	192
6360	192
6361	192
6362	192
6363	192
6364	192
6365	192
6366	192
6367	192
6368	192
6369	192
6370	192
6371	192
6372	192
6373	192
6374	192
6375	192
6376	192
6377	192
6378	192
6379	192
6380	192
6381	192
6382	192
6383	192
6384	193
6385	193
6386	193
6387	193
6388	193
6389	193
6390	193
6391	193
6392	193
6393	193
6394	193
6395	193
6396	193
6397	193
6398	193
6399	193
6400	193
6401	193
6402	193
6403	193
6404	193
6405	193
6406	193
6407	193
6408	193
6409	193
6410	193
6411	193
6412	193
6413	193
6414	193
6415	193
6416	193
6417	193
6418	193
6419	194
6420	194
6421	194
6422	194
6423	194
6424	194
6425	194
6426	194
6427	194
6428	194
6429	194
6430	194
6431	194
6432	194
6433	194
6434	194
6435	194
6436	194
6437	194
6438	194
6439	194
6440	194
6441	194
6442	194
6443	194
6444	194
6445	194
6446	194
6447	194
6448	194
6449	194
6450	194
6451	194
6452	194
6453	194
6454	194
6455	195
6456	195
6457	195
6458	195
6459	195
6460	195
6461	195
6462	195
6463	195
6464	195
6465	195
6466	195
6467	195
6468	195
6469	195
6470	195
6471	195
6472	195
6473	195
6474	195
6475	195
6476	195
6477	195
6478	195
6479	195
6480	195
6481	195
6482	195
6483	195
6484	195
6485	195
6486	195
6487	195
6488	195
6489	195
6490	196
6491	196
6492	196
6493	196
6494	196
6495	196
6496	196
6497	196
6498	196
6499	196
6500	196
6501	196
6502	196
6503	196
6504	196
6505	196
6506	196
6507	196
6508	196
6509	196
6510	196
6511	196
6512	196
6513	196
6514	196
6515	196
6516	196
6517	196
6518	196
6519	196
6520	197
6521	197
6522	197
6523	197
6524	197
6525	197
6526	197
6527	197
6528	197
6529	197
6530	197
6531	197
6532	197
6533	197
6534	197
6535	197
6536	197
6537	197
6538	197
6539	197
6540	197
6541	197
6542	197
6543	197
6544	197
6545	197
6546	197
6547	197
6548	197
6549	197
6550	197
6551	197
6552	197
6553	198
6554	198
6555	198
6556	198
6557	198
6558	198
6559	198
6560	198
6561	198
6562	198
6563	198
6564	198
6565	198
6566	198
6567	198
6568	198
6569	198
6570	198
6571	198
6572	198
6573	198
6574	198
6575	198
6576	198
6577	198
6578	198
6579	198
6580	198
6581	198
6582	198
6583	198
6584	198
6585	199
6586	199
6587	199
6588	199
6589	199
6590	199
6591	199
6592	199
6593	199
6594	199
6595	199
6596	199
6597	199
6598	199
6599	199
6600	199
6601	199
6602	199
6603	199
6604	199
6605	199
6606	199
6607	199
6608	199
6609	199
6610	199
6611	199
6612	199
6613	199
6614	199
6615	199
6616	199
6617	199
6618	199
6619	200
6620	200
6621	200
6622	200
6623	200
6624	200
6625	200
6626	200
6627	200
6628	200
6629	200
6630	200
6631	200
6632	200
6633	200
6634	200
6635	200
6636	200
6637	200
6638	200
6639	200
6640	200
6641	200
6642	200
6643	200
6644	200
6645	200
6646	200
6647	200
6648	200
6649	200
6650	200
6651	200
6652	200
6653	200
6654	201
6655	201
6656	201
6657	201
6658	201
6659	201
6660	201
6661	201
6662	201
6663	201
6664	201
6665	201
6666	201
6667	201
6668	201
6669	201
6670	201
6671	201
6672	201
6673	201
6674	201
6675	201
6676	201
6677	201
6678	201
6679	201
6680	201
6681	201
6682	201
6683	202
6684	202
6685	202
6686	202
6687	202
6688	202
6689	202
6690	202
6691	202
6692	202
6693	202
6694	202
6695	202
6696	202
6697	202
6698	202
6699	202
6700	202
6701	202
6702	202
6703	202
6704	202
6705	202
6706	202
6707	202
6708	202
6709	202
6710	202
6711	202
6712	202
6713	202
6714	202
6715	202
6716	202
6717	203
6718	203
6719	203
6720	203
6721	203
6722	203
6723	203
6724	203
6725	203
6726	203
6727	203
6728	203
6729	203
6730	203
6731	203
6732	203
6733	203
6734	203
6735	203
6736	203
6737	203
6738	203
6739	203
6740	203
6741	203
6742	203
6743	203
6744	203
6745	203
6746	203
6747	203
6748	203
6749	203
6750	203
6751	204
6752	204
6753	204
6754	204
6755	204
6756	204
6757	204
6758	204
6759	204
6760	204
6761	204
6762	204
6763	204
6764	204
6765	204
6766	204
6767	204
6768	204
6769	204
6770	204
6771	204
6772	204
6773	204
6774	204
6775	204
6776	204
6777	204
6778	204
6779	204
6780	204
6781	204
6782	204
6783	204
6784	204
6785	204
6786	205
6787	205
6788	205
6789	205
6790	205
6791	205
6792	205
6793	205
6794	205
6795	205
6796	205
6797	205
6798	205
6799	205
6800	205
6801	205
6802	205
6803	205
6804	205
6805	205
6806	205
6807	205
6808	205
6809	205
6810	205
6811	205
6812	205
6813	205
6814	205
6815	205
6816	205
6817	205
6818	206
6819	206
6820	206
6821	206
6822	206
6823	206
6824	206
6825	206
6826	206
6827	206
6828	206
6829	206
6830	206
6831	206
6832	206
6833	206
6834	206
6835	206
6836	206
6837	206
6838	206
6839	206
6840	206
6841	206
6842	206
6843	206
6844	206
6845	206
6846	206
6847	206
6848	206
6849	206
6850	206
6851	206
6852	207
6853	207
6854	207
6855	207
6856	207
6857	207
6858	207
6859	207
6860	207
6861	207
6862	207
6863	207
6864	207
6865	207
6866	207
6867	207
6868	207
6869	207
6870	207
6871	207
6872	207
6873	207
6874	207
6875	207
6876	207
6877	207
6878	207
6879	207
6880	207
6881	207
6882	207
6883	207
6884	207
6885	207
6886	207
6887	207
6888	208
6889	208
6890	208
6891	208
6892	208
6893	208
6894	208
6895	208
6896	208
6897	208
6898	208
6899	208
6900	208
6901	208
6902	208
6903	208
6904	208
6905	208
6906	208
6907	208
6908	208
6909	208
6910	208
6911	208
6912	208
6913	208
6914	208
6915	208
6916	208
6917	208
6918	208
6919	208
6920	208
6921	208
6922	209
6923	209
6924	209
6925	209
6926	209
6927	209
6928	209
6929	209
6930	209
6931	209
6932	209
6933	209
6934	209
6935	209
6936	209
6937	209
6938	209
6939	209
6940	209
6941	209
6942	209
6943	209
6944	209
6945	209
6946	209
6947	209
6948	209
6949	209
6950	209
6951	209
6952	209
6953	209
6954	209
6955	209
6956	209
6957	209
6958	209
6959	210
6960	210
6961	210
6962	210
6963	210
6964	210
6965	210
6966	210
6967	210
6968	210
6969	210
6970	210
6971	210
6972	210
6973	210
6974	210
6975	210
6976	210
6977	210
6978	210
6979	210
6980	210
6981	210
6982	210
6983	210
6984	210
6985	210
6986	210
6987	210
6988	210
6989	210
6990	210
6991	210
6992	211
6993	211
6994	211
6995	211
6996	211
6997	211
6998	211
6999	211
7000	211
7001	211
7002	211
7003	211
7004	211
7005	211
7006	211
7007	211
7008	211
7009	211
7010	211
7011	211
7012	211
7013	211
7014	211
7015	211
7016	211
7017	211
7018	211
7019	211
7020	212
7021	212
7022	212
7023	212
7024	212
7025	212
7026	212
7027	212
7028	212
7029	212
7030	212
7031	212
7032	212
7033	212
7034	212
7035	212
7036	212
7037	212
7038	212
7039	212
7040	212
7041	212
7042	212
7043	212
7044	212
7045	212
7046	212
7047	212
7048	212
7049	212
7050	212
7051	213
7052	213
7053	213
7054	213
7055	213
7056	213
7057	213
7058	213
7059	213
7060	213
7061	213
7062	213
7063	213
7064	213
7065	213
7066	213
7067	213
7068	213
7069	213
7070	213
7071	213
7072	213
7073	213
7074	213
7075	213
7076	213
7077	213
7078	213
7079	213
7080	213
7081	214
7082	214
7083	214
7084	214
7085	214
7086	214
7087	214
7088	214
7089	214
7090	214
7091	214
7092	214
7093	214
7094	214
7095	214
7096	214
7097	214
7098	214
7099	214
7100	214
7101	214
7102	214
7103	214
7104	214
7105	214
7106	214
7107	214
7108	214
7109	214
7110	214
7111	214
7112	214
7113	215
7114	215
7115	215
7116	215
7117	215
7118	215
7119	215
7120	215
7121	215
7122	215
7123	215
7124	215
7125	215
7126	215
7127	215
7128	215
7129	215
7130	215
7131	215
7132	215
7133	215
7134	215
7135	215
7136	215
7137	215
7138	215
7139	215
7140	215
7141	215
7142	215
7143	216
7144	216
7145	216
7146	216
7147	216
7148	216
7149	216
7150	216
7151	216
7152	216
7153	216
7154	216
7155	216
7156	216
7157	216
7158	216
7159	216
7160	216
7161	216
7162	216
7163	216
7164	216
7165	216
7166	216
7167	216
7168	216
7169	216
7170	216
7171	216
7172	216
7173	216
7174	216
7175	216
7176	217
7177	217
7178	217
7179	217
7180	217
7181	217
7182	217
7183	217
7184	217
7185	217
7186	217
7187	217
7188	217
7189	217
7190	217
7191	217
7192	217
7193	217
7194	217
7195	217
7196	217
7197	217
7198	217
7199	217
7200	217
7201	217
7202	217
7203	217
7204	217
7205	217
7206	217
7207	217
7208	217
7209	218
7210	218
7211	218
7212	218
7213	218
7214	218
7215	218
7216	218
7217	218
7218	218
7219	218
7220	218
7221	218
7222	218
7223	218
7224	218
7225	218
7226	218
7227	218
7228	218
7229	218
7230	218
7231	218
7232	218
7233	218
7234	218
7235	218
7236	219
7237	219
7238	219
7239	219
7240	219
7241	219
7242	219
7243	219
7244	219
7245	219
7246	219
7247	219
7248	219
7249	219
7250	219
7251	219
7252	219
7253	219
7254	219
7255	219
7256	219
7257	219
7258	219
7259	219
7260	219
7261	219
7262	219
7263	219
7264	219
7265	219
7266	219
7267	219
7268	220
7269	220
7270	220
7271	220
7272	220
7273	220
7274	220
7275	220
7276	220
7277	220
7278	220
7279	220
7280	220
7281	220
7282	220
7283	220
7284	220
7285	220
7286	220
7287	220
7288	220
7289	220
7290	220
7291	220
7292	220
7293	220
7294	220
7295	220
7296	220
7297	220
7298	220
7299	220
7300	221
7301	221
7302	221
7303	221
7304	221
7305	221
7306	221
7307	221
7308	221
7309	221
7310	221
7311	221
7312	221
7313	221
7314	221
7315	221
7316	221
7317	221
7318	221
7319	221
7320	221
7321	221
7322	221
7323	221
7324	221
7325	221
7326	221
7327	221
7328	221
7329	221
7330	221
7331	222
7332	222
7333	222
7334	222
7335	222
7336	222
7337	222
7338	222
7339	222
7340	222
7341	222
7342	222
7343	222
7344	222
7345	222
7346	222
7347	222
7348	222
7349	222
7350	222
7351	222
7352	222
7353	222
7354	222
7355	222
7356	222
7357	222
7358	222
7359	222
7360	222
7361	222
7362	222
7363	222
7364	223
7365	223
7366	223
7367	223
7368	223
7369	223
7370	223
7371	223
7372	223
7373	223
7374	223
7375	223
7376	223
7377	223
7378	223
7379	223
7380	223
7381	223
7382	223
7383	223
7384	223
7385	223
7386	223
7387	223
7388	223
7389	223
7390	223
7391	223
7392	223
7393	223
7394	223
7395	223
7396	223
7397	223
7398	223
7399	224
7400	224
7401	224
7402	224
7403	224
7404	224
7405	224
7406	224
7407	224
7408	224
7409	224
7410	224
7411	224
7412	224
7413	224
7414	224
7415	224
7416	224
7417	224
7418	224
7419	224
7420	224
7421	224
7422	224
7423	224
7424	224
7425	224
7426	224
7427	224
7428	224
7429	224
7430	224
7431	224
7432	224
7433	225
7434	225
7435	225
7436	225
7437	225
7438	225
7439	225
7440	225
7441	225
7442	225
7443	225
7444	225
7445	225
7446	225
7447	225
7448	225
7449	225
7450	225
7451	225
7452	225
7453	225
7454	225
7455	225
7456	225
7457	225
7458	225
7459	225
7460	225
7461	225
7462	225
7463	225
7464	226
7465	226
7466	226
7467	226
7468	226
7469	226
7470	226
7471	226
7472	226
7473	226
7474	226
7475	226
7476	226
7477	226
7478	226
7479	226
7480	226
7481	226
7482	226
7483	226
7484	226
7485	226
7486	226
7487	226
7488	226
7489	226
7490	226
7491	226
7492	226
7493	226
7494	226
7495	227
7496	227
7497	227
7498	227
7499	227
7500	227
7501	227
7502	227
7503	227
7504	227
7505	227
7506	227
7507	227
7508	227
7509	227
7510	227
7511	227
7512	227
7513	227
7514	227
7515	227
7516	227
7517	227
7518	227
7519	227
7520	227
7521	227
7522	227
7523	227
7524	227
7525	227
7526	227
7527	227
7528	228
7529	228
7530	228
7531	228
7532	228
7533	228
7534	228
7535	228
7536	228
7537	228
7538	228
7539	228
7540	228
7541	228
7542	228
7543	228
7544	228
7545	228
7546	228
7547	228
7548	228
7549	228
7550	228
7551	228
7552	228
7553	228
7554	228
7555	228
7556	228
7557	228
7558	229
7559	229
7560	229
7561	229
7562	229
7563	229
7564	229
7565	229
7566	229
7567	229
7568	229
7569	229
7570	229
7571	229
7572	229
7573	229
7574	229
7575	229
7576	229
7577	229
7578	229
7579	229
7580	229
7581	229
7582	229
7583	229
7584	229
7585	229
7586	229
7587	229
7588	229
7589	230
7590	230
7591	230
7592	230
7593	230
7594	230
7595	230
7596	230
7597	230
7598	230
7599	230
7600	230
7601	230
7602	230
7603	230
7604	230
7605	230
7606	230
7607	230
7608	230
7609	230
7610	230
7611	230
7612	230
7613	230
7614	230
7615	230
7616	230
7617	231
7618	231
7619	231
7620	231
7621	231
7622	231
7623	231
7624	231
7625	231
7626	231
7627	231
7628	231
7629	231
7630	231
7631	231
7632	231
7633	231
7634	231
7635	231
7636	231
7637	231
7638	231
7639	231
7640	231
7641	231
7642	231
7643	231
7644	231
7645	231
7646	231
7647	231
7648	231
7649	231
7650	232
7651	232
7652	232
7653	232
7654	232
7655	232
7656	232
7657	232
7658	232
7659	232
7660	232
7661	232
7662	232
7663	232
7664	232
7665	232
7666	232
7667	232
7668	232
7669	232
7670	232
7671	232
7672	232
7673	232
7674	232
7675	232
7676	232
7677	232
7678	232
7679	232
7680	232
7681	232
7682	232
7683	232
7684	232
7685	233
7686	233
7687	233
7688	233
7689	233
7690	233
7691	233
7692	233
7693	233
7694	233
7695	233
7696	233
7697	233
7698	233
7699	233
7700	233
7701	233
7702	233
7703	233
7704	233
7705	233
7706	233
7707	233
7708	233
7709	233
7710	233
7711	233
7712	233
7713	233
7714	233
7715	233
7716	233
7717	234
7718	234
7719	234
7720	234
7721	234
7722	234
7723	234
7724	234
7725	234
7726	234
7727	234
7728	234
7729	234
7730	234
7731	234
7732	234
7733	234
7734	234
7735	234
7736	234
7737	234
7738	234
7739	234
7740	234
7741	234
7742	234
7743	234
7744	234
7745	234
7746	234
7747	234
7748	234
7749	234
7750	234
7751	235
7752	235
7753	235
7754	235
7755	235
7756	235
7757	235
7758	235
7759	235
7760	235
7761	235
7762	235
7763	235
7764	235
7765	235
7766	235
7767	235
7768	235
7769	235
7770	235
7771	235
7772	235
7773	235
7774	235
7775	235
7776	235
7777	235
7778	235
7779	235
7780	235
7781	235
7782	235
7783	236
7784	236
7785	236
7786	236
7787	236
7788	236
7789	236
7790	236
7791	236
7792	236
7793	236
7794	236
7795	236
7796	236
7797	236
7798	236
7799	236
7800	236
7801	236
7802	236
7803	236
7804	236
7805	236
7806	236
7807	236
7808	236
7809	236
7810	236
7811	236
7812	236
7813	236
7814	236
7815	236
7816	236
7817	236
7818	236
7819	237
7820	237
7821	237
7822	237
7823	237
7824	237
7825	237
7826	237
7827	237
7828	237
7829	237
7830	237
7831	237
7832	237
7833	237
7834	237
7835	237
7836	237
7837	237
7838	237
7839	237
7840	237
7841	237
7842	237
7843	237
7844	237
7845	237
7846	237
7847	237
7848	237
7849	237
7850	237
7851	237
7852	237
7853	237
7854	237
7855	238
7856	238
7857	238
7858	238
7859	238
7860	238
7861	238
7862	238
7863	238
7864	238
7865	238
7866	238
7867	238
7868	238
7869	238
7870	238
7871	238
7872	238
7873	238
7874	238
7875	238
7876	238
7877	238
7878	238
7879	238
7880	238
7881	238
7882	238
7883	238
7884	238
7885	238
7886	238
7887	239
7888	239
7889	239
7890	239
7891	239
7892	239
7893	239
7894	239
7895	239
7896	239
7897	239
7898	239
7899	239
7900	239
7901	239
7902	239
7903	239
7904	239
7905	239
7906	239
7907	239
7908	239
7909	239
7910	239
7911	239
7912	239
7913	239
7914	239
7915	239
7916	239
7917	239
7918	239
7919	239
7920	240
7921	240
7922	240
7923	240
7924	240
7925	240
7926	240
7927	240
7928	240
7929	240
7930	240
7931	240
7932	240
7933	240
7934	240
7935	240
7936	240
7937	240
7938	240
7939	240
7940	240
7941	240
7942	240
7943	240
7944	240
7945	240
7946	240
7947	240
7948	240
7949	240
7950	240
7951	240
7952	241
7953	241
7954	241
7955	241
7956	241
7957	241
7958	241
7959	241
7960	241
7961	241
7962	241
7963	241
7964	241
7965	241
7966	241
7967	241
7968	241
7969	241
7970	241
7971	241
7972	241
7973	241
7974	241
7975	241
7976	241
7977	241
7978	241
7979	241
7980	241
7981	241
7982	241
7983	241
7984	241
7985	241
7986	241
7987	241
7988	242
7989	242
7990	242
7991	242
7992	242
7993	242
7994	242
7995	242
7996	242
7997	242
7998	242
7999	242
8000	242
8001	242
8002	242
8003	242
8004	242
8005	242
8006	242
8007	242
8008	242
8009	242
8010	242
8011	242
8012	242
8013	242
8014	242
8015	242
8016	242
8017	242
8018	243
8019	243
8020	243
8021	243
8022	243
8023	243
8024	243
8025	243
8026	243
8027	243
8028	243
8029	243
8030	243
8031	243
8032	243
8033	243
8034	243
8035	243
8036	243
8037	243
8038	243
8039	243
8040	243
8041	243
8042	243
8043	243
8044	243
8045	243
8046	243
8047	243
8048	243
8049	243
8050	243
8051	243
8052	243
8053	244
8054	244
8055	244
8056	244
8057	244
8058	244
8059	244
8060	244
8061	244
8062	244
8063	244
8064	244
8065	244
8066	244
8067	244
8068	244
8069	244
8070	244
8071	244
8072	244
8073	244
8074	244
8075	244
8076	244
8077	244
8078	244
8079	244
8080	244
8081	244
8082	244
8083	244
8084	244
8085	244
8086	244
8087	244
8088	244
8089	245
8090	245
8091	245
8092	245
8093	245
8094	245
8095	245
8096	245
8097	245
8098	245
8099	245
8100	245
8101	245
8102	245
8103	245
8104	245
8105	245
8106	245
8107	245
8108	245
8109	245
8110	245
8111	245
8112	245
8113	245
8114	245
8115	245
8116	245
8117	245
8118	245
8119	245
8120	245
8121	245
8122	245
8123	246
8124	246
8125	246
8126	246
8127	246
8128	246
8129	246
8130	246
8131	246
8132	246
8133	246
8134	246
8135	246
8136	246
8137	246
8138	246
8139	246
8140	246
8141	246
8142	246
8143	246
8144	246
8145	246
8146	246
8147	246
8148	246
8149	246
8150	246
8151	246
8152	246
8153	246
8154	246
8155	246
8156	246
8157	246
8158	247
8159	247
8160	247
8161	247
8162	247
8163	247
8164	247
8165	247
8166	247
8167	247
8168	247
8169	247
8170	247
8171	247
8172	247
8173	247
8174	247
8175	247
8176	247
8177	247
8178	247
8179	247
8180	247
8181	247
8182	247
8183	247
8184	247
8185	247
8186	247
8187	247
8188	247
8189	247
8190	247
8191	247
8192	247
8193	248
8194	248
8195	248
8196	248
8197	248
8198	248
8199	248
8200	248
8201	248
8202	248
8203	248
8204	248
8205	248
8206	248
8207	248
8208	248
8209	248
8210	248
8211	248
8212	248
8213	248
8214	248
8215	248
8216	248
8217	248
8218	248
8219	248
8220	248
8221	248
8222	249
8223	249
8224	249
8225	249
8226	249
8227	249
8228	249
8229	249
8230	249
8231	249
8232	249
8233	249
8234	249
8235	249
8236	249
8237	249
8238	249
8239	249
8240	249
8241	249
8242	249
8243	249
8244	249
8245	249
8246	249
8247	249
8248	249
8249	249
8250	249
8251	249
8252	249
8253	250
8254	250
8255	250
8256	250
8257	250
8258	250
8259	250
8260	250
8261	250
8262	250
8263	250
8264	250
8265	250
8266	250
8267	250
8268	250
8269	250
8270	250
8271	250
8272	250
8273	250
8274	250
8275	250
8276	250
8277	250
8278	250
8279	250
8280	250
8281	250
8282	250
8283	250
8284	250
8285	250
8286	250
8287	250
8288	250
8289	250
8290	251
8291	251
8292	251
8293	251
8294	251
8295	251
8296	251
8297	251
8298	251
8299	251
8300	251
8301	251
8302	251
8303	251
8304	251
8305	251
8306	251
8307	251
8308	251
8309	251
8310	251
8311	251
8312	251
8313	251
8314	251
8315	251
8316	251
8317	251
8318	251
8319	251
8320	251
8321	252
8322	252
8323	252
8324	252
8325	252
8326	252
8327	252
8328	252
8329	252
8330	252
8331	252
8332	252
8333	252
8334	252
8335	252
8336	252
8337	252
8338	252
8339	252
8340	252
8341	252
8342	252
8343	252
8344	252
8345	252
8346	252
8347	252
8348	252
8349	252
8350	252
8351	252
8352	252
8353	252
8354	253
8355	253
8356	253
8357	253
8358	253
8359	253
8360	253
8361	253
8362	253
8363	253
8364	253
8365	253
8366	253
8367	253
8368	253
8369	253
8370	253
8371	253
8372	253
8373	253
8374	253
8375	253
8376	253
8377	253
8378	253
8379	253
8380	253
8381	253
8382	253
8383	253
8384	253
8385	253
8386	253
8387	253
8388	254
8389	254
8390	254
8391	254
8392	254
8393	254
8394	254
8395	254
8396	254
8397	254
8398	254
8399	254
8400	254
8401	254
8402	254
8403	254
8404	254
8405	254
8406	254
8407	254
8408	254
8409	254
8410	254
8411	254
8412	254
8413	254
8414	254
8415	254
8416	254
8417	254
8418	254
8419	254
8420	254
8421	254
8422	254
8423	254
8424	255
8425	255
8426	255
8427	255
8428	255
8429	255
8430	255
8431	255
8432	255
8433	255
8434	255
8435	255
8436	255
8437	255
8438	255
8439	255
8440	255
8441	255
8442	255
8443	255
8444	255
8445	255
8446	255
8447	255
8448	255
8449	255
8450	255
8451	255
8452	255
8453	255
8454	255
8455	255
8456	255
8457	255
8458	255
8459	255
8460	255
8461	255
8462	255
8463	256
8464	256
8465	256
8466	256
8467	256
8468	256
8469	256
8470	256
8471	256
8472	256
8473	256
8474	256
8475	256
8476	256
8477	256
8478	256
8479	256
8480	256
8481	256
8482	256
8483	256
8484	256
8485	256
8486	256
8487	256
8488	256
8489	256
8490	256
8491	256
8492	256
8493	256
8494	256
8495	256
8496	256
8497	257
8498	257
8499	257
8500	257
8501	257
8502	257
8503	257
8504	257
8505	257
8506	257
8507	257
8508	257
8509	257
8510	257
8511	257
8512	257
8513	257
8514	257
8515	257
8516	257
8517	257
8518	257
8519	257
8520	257
8521	257
8522	257
8523	257
8524	257
8525	257
8526	257
8527	257
8528	258
8529	258
8530	258
8531	258
8532	258
8533	258
8534	258
8535	258
8536	258
8537	258
8538	258
8539	258
8540	258
8541	258
8542	258
8543	258
8544	258
8545	258
8546	258
8547	258
8548	258
8549	258
8550	258
8551	258
8552	258
8553	258
8554	258
8555	258
8556	258
8557	258
8558	258
8559	258
8560	258
8561	258
8562	258
8563	259
8564	259
8565	259
8566	259
8567	259
8568	259
8569	259
8570	259
8571	259
8572	259
8573	259
8574	259
8575	259
8576	259
8577	259
8578	259
8579	259
8580	259
8581	259
8582	259
8583	259
8584	259
8585	259
8586	259
8587	259
8588	259
8589	259
8590	259
8591	259
8592	259
8593	259
8594	259
8595	259
8596	259
8597	259
8598	259
8599	260
8600	260
8601	260
8602	260
8603	260
8604	260
8605	260
8606	260
8607	260
8608	260
8609	260
8610	260
8611	260
8612	260
8613	260
8614	260
8615	260
8616	260
8617	260
8618	260
8619	260
8620	260
8621	260
8622	260
8623	260
8624	260
8625	260
8626	260
8627	260
8628	260
8629	261
8630	261
8631	261
8632	261
8633	261
8634	261
8635	261
8636	261
8637	261
8638	261
8639	261
8640	261
8641	261
8642	261
8643	261
8644	261
8645	261
8646	261
8647	261
8648	261
8649	261
8650	261
8651	261
8652	261
8653	261
8654	261
8655	261
8656	261
8657	261
8658	261
8659	261
8660	261
8661	261
8662	262
8663	262
8664	262
8665	262
8666	262
8667	262
8668	262
8669	262
8670	262
8671	262
8672	262
8673	262
8674	262
8675	262
8676	262
8677	262
8678	262
8679	262
8680	262
8681	262
8682	262
8683	262
8684	262
8685	262
8686	262
8687	262
8688	262
8689	262
8690	262
8691	262
8692	262
8693	262
8694	262
8695	263
8696	263
8697	263
8698	263
8699	263
8700	263
8701	263
8702	263
8703	263
8704	263
8705	263
8706	263
8707	263
8708	263
8709	263
8710	263
8711	263
8712	263
8713	263
8714	263
8715	263
8716	263
8717	263
8718	263
8719	263
8720	263
8721	263
8722	263
8723	263
8724	263
8725	263
8726	263
8727	263
8728	263
8729	263
8730	263
8731	263
8732	263
8733	264
8734	264
8735	264
8736	264
8737	264
8738	264
8739	264
8740	264
8741	264
8742	264
8743	264
8744	264
8745	264
8746	264
8747	264
8748	264
8749	264
8750	264
8751	264
8752	264
8753	264
8754	264
8755	264
8756	264
8757	264
8758	264
8759	264
8760	264
8761	264
8762	264
8763	264
8764	264
8765	264
8766	265
8767	265
8768	265
8769	265
8770	265
8771	265
8772	265
8773	265
8774	265
8775	265
8776	265
8777	265
8778	265
8779	265
8780	265
8781	265
8782	265
8783	265
8784	265
8785	265
8786	265
8787	265
8788	265
8789	265
8790	265
8791	265
8792	265
8793	265
8794	265
8795	265
8796	265
8797	265
8798	266
8799	266
8800	266
8801	266
8802	266
8803	266
8804	266
8805	266
8806	266
8807	266
8808	266
8809	266
8810	266
8811	266
8812	266
8813	266
8814	266
8815	266
8816	266
8817	266
8818	266
8819	266
8820	266
8821	266
8822	266
8823	266
8824	266
8825	266
8826	266
8827	266
8828	266
8829	266
8830	266
8831	266
8832	266
8833	266
8834	266
8835	267
8836	267
8837	267
8838	267
8839	267
8840	267
8841	267
8842	267
8843	267
8844	267
8845	267
8846	267
8847	267
8848	267
8849	267
8850	267
8851	267
8852	267
8853	267
8854	267
8855	267
8856	267
8857	267
8858	267
8859	267
8860	267
8861	267
8862	267
8863	267
8864	267
8865	267
8866	268
8867	268
8868	268
8869	268
8870	268
8871	268
8872	268
8873	268
8874	268
8875	268
8876	268
8877	268
8878	268
8879	268
8880	268
8881	268
8882	268
8883	268
8884	268
8885	268
8886	268
8887	268
8888	268
8889	268
8890	268
8891	268
8892	268
8893	268
8894	268
8895	268
8896	269
8897	269
8898	269
8899	269
8900	269
8901	269
8902	269
8903	269
8904	269
8905	269
8906	269
8907	269
8908	269
8909	269
8910	269
8911	269
8912	269
8913	269
8914	269
8915	269
8916	269
8917	269
8918	269
8919	269
8920	269
8921	269
8922	269
8923	269
8924	269
8925	269
8926	269
8927	269
8928	269
8929	269
8930	270
8931	270
8932	270
8933	270
8934	270
8935	270
8936	270
8937	270
8938	270
8939	270
8940	270
8941	270
8942	270
8943	270
8944	270
8945	270
8946	270
8947	270
8948	270
8949	270
8950	270
8951	270
8952	270
8953	270
8954	270
8955	270
8956	270
8957	270
8958	270
8959	270
8960	270
8961	270
8962	270
8963	270
8964	270
8965	270
8966	271
8967	271
8968	271
8969	271
8970	271
8971	271
8972	271
8973	271
8974	271
8975	271
8976	271
8977	271
8978	271
8979	271
8980	271
8981	271
8982	271
8983	271
8984	271
8985	271
8986	271
8987	271
8988	271
8989	271
8990	271
8991	271
8992	271
8993	271
8994	271
8995	271
8996	271
8997	271
8998	271
8999	271
9000	271
9001	272
9002	272
9003	272
9004	272
9005	272
9006	272
9007	272
9008	272
9009	272
9010	272
9011	272
9012	272
9013	272
9014	272
9015	272
9016	272
9017	272
9018	272
9019	272
9020	272
9021	272
9022	272
9023	272
9024	272
9025	272
9026	272
9027	272
9028	272
9029	272
9030	273
9031	273
9032	273
9033	273
9034	273
9035	273
9036	273
9037	273
9038	273
9039	273
9040	273
9041	273
9042	273
9043	273
9044	273
9045	273
9046	273
9047	273
9048	273
9049	273
9050	273
9051	273
9052	273
9053	273
9054	273
9055	273
9056	273
9057	273
9058	273
9059	273
9060	273
9061	273
9062	273
9063	273
9064	274
9065	274
9066	274
9067	274
9068	274
9069	274
9070	274
9071	274
9072	274
9073	274
9074	274
9075	274
9076	274
9077	274
9078	274
9079	274
9080	274
9081	274
9082	274
9083	274
9084	274
9085	274
9086	274
9087	274
9088	274
9089	274
9090	274
9091	274
9092	274
9093	274
9094	274
9095	274
9096	274
9097	274
9098	274
9099	274
9100	274
9101	274
9102	275
9103	275
9104	275
9105	275
9106	275
9107	275
9108	275
9109	275
9110	275
9111	275
9112	275
9113	275
9114	275
9115	275
9116	275
9117	275
9118	275
9119	275
9120	275
9121	275
9122	275
9123	275
9124	275
9125	275
9126	275
9127	275
9128	275
9129	275
9130	275
9131	275
9132	275
9133	275
9134	275
9135	275
9136	275
9137	275
9138	275
9139	275
9140	276
9141	276
9142	276
9143	276
9144	276
9145	276
9146	276
9147	276
9148	276
9149	276
9150	276
9151	276
9152	276
9153	276
9154	276
9155	276
9156	276
9157	276
9158	276
9159	276
9160	276
9161	276
9162	276
9163	276
9164	276
9165	276
9166	276
9167	276
9168	276
9169	276
9170	276
9171	276
9172	276
9173	276
9174	276
9175	276
9176	277
9177	277
9178	277
9179	277
9180	277
9181	277
9182	277
9183	277
9184	277
9185	277
9186	277
9187	277
9188	277
9189	277
9190	277
9191	277
9192	277
9193	277
9194	277
9195	277
9196	277
9197	277
9198	277
9199	277
9200	277
9201	277
9202	277
9203	277
9204	277
9205	277
9206	277
9207	277
9208	277
9209	277
9210	277
9211	277
9212	277
9213	278
9214	278
9215	278
9216	278
9217	278
9218	278
9219	278
9220	278
9221	278
9222	278
9223	278
9224	278
9225	278
9226	278
9227	278
9228	278
9229	278
9230	278
9231	278
9232	278
9233	278
9234	278
9235	278
9236	278
9237	278
9238	278
9239	278
9240	278
9241	278
9242	278
9243	278
9244	278
9245	278
9246	278
9247	278
9248	278
9249	278
9250	278
9251	279
9252	279
9253	279
9254	279
9255	279
9256	279
9257	279
9258	279
9259	279
9260	279
9261	279
9262	279
9263	279
9264	279
9265	279
9266	279
9267	279
9268	279
9269	279
9270	279
9271	279
9272	279
9273	279
9274	279
9275	279
9276	279
9277	279
9278	279
9279	279
9280	279
9281	279
9282	279
9283	279
9284	279
9285	280
9286	280
9287	280
9288	280
9289	280
9290	280
9291	280
9292	280
9293	280
9294	280
9295	280
9296	280
9297	280
9298	280
9299	280
9300	280
9301	280
9302	280
9303	280
9304	280
9305	280
9306	280
9307	280
9308	280
9309	280
9310	280
9311	280
9312	280
9313	280
9314	280
9315	280
9316	280
9317	280
9318	280
9319	280
9320	280
9321	281
9322	281
9323	281
9324	281
9325	281
9326	281
9327	281
9328	281
9329	281
9330	281
9331	281
9332	281
9333	281
9334	281
9335	281
9336	281
9337	281
9338	281
9339	281
9340	281
9341	281
9342	281
9343	281
9344	281
9345	281
9346	281
9347	281
9348	281
9349	281
9350	281
9351	281
9352	281
9353	282
9354	282
9355	282
9356	282
9357	282
9358	282
9359	282
9360	282
9361	282
9362	282
9363	282
9364	282
9365	282
9366	282
9367	282
9368	282
9369	282
9370	282
9371	282
9372	282
9373	282
9374	282
9375	282
9376	282
9377	282
9378	282
9379	282
9380	282
9381	282
9382	282
9383	282
9384	282
9385	282
9386	282
9387	283
9388	283
9389	283
9390	283
9391	283
9392	283
9393	283
9394	283
9395	283
9396	283
9397	283
9398	283
9399	283
9400	283
9401	283
9402	283
9403	283
9404	283
9405	283
9406	283
9407	283
9408	283
9409	283
9410	283
9411	283
9412	283
9413	283
9414	283
9415	283
9416	283
9417	283
9418	283
9419	283
9420	283
9421	284
9422	284
9423	284
9424	284
9425	284
9426	284
9427	284
9428	284
9429	284
9430	284
9431	284
9432	284
9433	284
9434	284
9435	284
9436	284
9437	284
9438	284
9439	284
9440	284
9441	284
9442	284
9443	284
9444	284
9445	284
9446	284
9447	284
9448	284
9449	284
9450	284
9451	284
9452	284
9453	284
9454	284
9455	284
9456	284
9457	284
9458	284
9459	285
9460	285
9461	285
9462	285
9463	285
9464	285
9465	285
9466	285
9467	285
9468	285
9469	285
9470	285
9471	285
9472	285
9473	285
9474	285
9475	285
9476	285
9477	285
9478	285
9479	285
9480	285
9481	285
9482	285
9483	285
9484	285
9485	285
9486	285
9487	285
9488	285
9489	285
9490	285
9491	285
9492	285
9493	285
9494	285
9495	286
9496	286
9497	286
9498	286
9499	286
9500	286
9501	286
9502	286
9503	286
9504	286
9505	286
9506	286
9507	286
9508	286
9509	286
9510	286
9511	286
9512	286
9513	286
9514	286
9515	286
9516	286
9517	286
9518	286
9519	286
9520	286
9521	286
9522	286
9523	286
9524	286
9525	286
9526	287
9527	287
9528	287
9529	287
9530	287
9531	287
9532	287
9533	287
9534	287
9535	287
9536	287
9537	287
9538	287
9539	287
9540	287
9541	287
9542	287
9543	287
9544	287
9545	287
9546	287
9547	287
9548	287
9549	287
9550	287
9551	287
9552	287
9553	287
9554	287
9555	287
9556	287
9557	287
9558	287
9559	288
9560	288
9561	288
9562	288
9563	288
9564	288
9565	288
9566	288
9567	288
9568	288
9569	288
9570	288
9571	288
9572	288
9573	288
9574	288
9575	288
9576	288
9577	288
9578	288
9579	288
9580	288
9581	288
9582	288
9583	288
9584	288
9585	288
9586	288
9587	288
9588	288
9589	289
9590	289
9591	289
9592	289
9593	289
9594	289
9595	289
9596	289
9597	289
9598	289
9599	289
9600	289
9601	289
9602	289
9603	289
9604	289
9605	289
9606	289
9607	289
9608	289
9609	289
9610	289
9611	289
9612	289
9613	289
9614	289
9615	289
9616	289
9617	289
9618	289
9619	289
9620	290
9621	290
9622	290
9623	290
9624	290
9625	290
9626	290
9627	290
9628	290
9629	290
9630	290
9631	290
9632	290
9633	290
9634	290
9635	290
9636	290
9637	290
9638	290
9639	290
9640	290
9641	290
9642	290
9643	290
9644	290
9645	290
9646	290
9647	290
9648	290
9649	290
9650	290
9651	290
9652	290
9653	291
9654	291
9655	291
9656	291
9657	291
9658	291
9659	291
9660	291
9661	291
9662	291
9663	291
9664	291
9665	291
9666	291
9667	291
9668	291
9669	291
9670	291
9671	291
9672	291
9673	291
9674	291
9675	291
9676	291
9677	291
9678	291
9679	291
9680	291
9681	291
9682	291
9683	291
9684	291
9685	291
9686	291
9687	291
9688	292
9689	292
9690	292
9691	292
9692	292
9693	292
9694	292
9695	292
9696	292
9697	292
9698	292
9699	292
9700	292
9701	292
9702	292
9703	292
9704	292
9705	292
9706	292
9707	292
9708	292
9709	292
9710	292
9711	292
9712	292
9713	292
9714	292
9715	292
9716	292
9717	292
9718	292
9719	292
9720	292
9721	293
9722	293
9723	293
9724	293
9725	293
9726	293
9727	293
9728	293
9729	293
9730	293
9731	293
9732	293
9733	293
9734	293
9735	293
9736	293
9737	293
9738	293
9739	293
9740	293
9741	293
9742	293
9743	293
9744	293
9745	293
9746	293
9747	293
9748	293
9749	293
9750	293
9751	293
9752	293
9753	293
9754	293
9755	294
9756	294
9757	294
9758	294
9759	294
9760	294
9761	294
9762	294
9763	294
9764	294
9765	294
9766	294
9767	294
9768	294
9769	294
9770	294
9771	294
9772	294
9773	294
9774	294
9775	294
9776	294
9777	294
9778	294
9779	294
9780	294
9781	294
9782	294
9783	294
9784	294
9785	294
9786	294
9787	294
9788	294
9789	294
9790	294
9791	295
9792	295
9793	295
9794	295
9795	295
9796	295
9797	295
9798	295
9799	295
9800	295
9801	295
9802	295
9803	295
9804	295
9805	295
9806	295
9807	295
9808	295
9809	295
9810	295
9811	295
9812	295
9813	295
9814	295
9815	295
9816	295
9817	295
9818	295
9819	295
9820	295
9821	295
9822	295
9823	295
9824	295
9825	295
9826	296
9827	296
9828	296
9829	296
9830	296
9831	296
9832	296
9833	296
9834	296
9835	296
9836	296
9837	296
9838	296
9839	296
9840	296
9841	296
9842	296
9843	296
9844	296
9845	296
9846	296
9847	296
9848	296
9849	296
9850	296
9851	296
9852	296
9853	296
9854	296
9855	296
9856	296
9857	296
9858	296
9859	296
9860	297
9861	297
9862	297
9863	297
9864	297
9865	297
9866	297
9867	297
9868	297
9869	297
9870	297
9871	297
9872	297
9873	297
9874	297
9875	297
9876	297
9877	297
9878	297
9879	297
9880	297
9881	297
9882	297
9883	297
9884	297
9885	297
9886	297
9887	297
9888	297
9889	298
9890	298
9891	298
9892	298
9893	298
9894	298
9895	298
9896	298
9897	298
9898	298
9899	298
9900	298
9901	298
9902	298
9903	298
9904	298
9905	298
9906	298
9907	298
9908	298
9909	298
9910	298
9911	298
9912	298
9913	298
9914	298
9915	298
9916	298
9917	298
9918	298
9919	298
9920	299
9921	299
9922	299
9923	299
9924	299
9925	299
9926	299
9927	299
9928	299
9929	299
9930	299
9931	299
9932	299
9933	299
9934	299
9935	299
9936	299
9937	299
9938	299
9939	299
9940	299
9941	299
9942	299
9943	299
9944	299
9945	299
9946	299
9947	299
9948	300
9949	300
9950	300
9951	300
9952	300
9953	300
9954	300
9955	300
9956	300
9957	300
9958	300
9959	300
9960	300
9961	300
9962	300
9963	300
9964	300
9965	300
9966	300
9967	300
9968	300
9969	300
9970	300
9971	300
9972	300
9973	301
9974	301
9975	301
9976	301
9977	301
9978	301
9979	301
9980	301
9981	301
9982	301
9983	301
9984	301
9985	301
9986	301
9987	301
9988	301
9989	301
9990	301
9991	301
9992	301
9993	301
9994	301
9995	301
9996	301
9997	301
9998	301
9999	301
10000	302
