1	1
2	1
3	1
4	1
5	1
6	1
7	1
8	1
9	1
10	1
11	1
12	1
13	1
14	1
15	1
16	1
17	1
18	1
19	1
20	1
21	2
22	2
23	2
24	2
25	2
26	2
27	1
28	1
29	1
30	1
31	1
32	1
33	1
34	1
35	1
36	1
37	1
38	1
39	1
40	1
41	1
42	1
43	1
44	1
45	1
46	1
47	1
48	1
49	1
50	1
51	1
52	1
53	1
54	1
55	1
56	1
57	1
58	1
59	1
60	1
61	1
62	1
63	1
64	1
65	1
66	1
67	1
68	1
69	1
70	1
71	1
72	1
73	1
74	1
75	1
76	1
77	1
78	1
79	1
80	1
81	1
82	1
83	1
84	1
85	1
86	1
87	1
88	1
89	1
90	1
91	1
92	1
93	1
94	1
95	1
96	1
97	1
98	1
99	1
100	1
101	1
102	1
103	1
104	1
105	1
106	1
107	1
108	1
109	1
110	1
111	1
112	1
113	1
114	1
115	1
116	1
117	1
118	1
119	1
120	1
121	1
122	1
123	1
124	1
125	2
126	2
127	2
128	2
129	2
130	2
131	2
132	2
133	2
134	2
135	2
136	2
137	2
138	1
139	1
140	1
141	2
142	2
143	3
144	2
145	1
146	1
147	1
148	1
149	1
150	1
151	1
152	1
153	1
154	1
155	1
156	1
157	1
158	1
159	1
160	1
161	1
162	1
163	1
164	2
165	2
166	2
167	2
168	2
169	2
170	2
171	2
172	2
173	2
174	2
175	2
176	2
177	2
178	2
179	1
180	1
181	1
182	1
183	1
184	1
185	1
186	1
187	1
188	1
189	1
190	1
191	1
192	1
193	1
194	1
195	1
196	1
197	1
198	2
199	2
200	2
201	2
202	2
203	2
204	2
205	2
206	2
207	2
208	2
209	2
210	2
211	2
212	1
213	1
214	1
215	1
216	1
217	1
218	1
219	1
220	1
221	1
222	1
223	1
224	1
225	1
226	1
227	1
228	1
229	1
230	1
231	1
232	1
233	1
234	1
235	1
236	1
237	1
238	1
239	1
240	1
241	1
242	2
243	2
244	2
245	2
246	1
247	1
248	1
249	1
250	1
251	1
252	1
253	1
254	1
255	1
256	1
257	1
258	1
259	1
260	1
261	1
262	1
263	1
264	1
265	1
266	1
267	1
268	1
269	1
270	2
271	2
272	2
273	2
274	2
275	2
276	2
277	2
278	2
279	2
280	2
281	2
282	2
283	2
284	2
285	2
286	2
287	2
288	2
289	2
290	2
291	2
292	2
293	2
294	2
295	2
296	2
297	2
298	2
299	2
300	1
301	1
302	1
303	1
304	1
305	1
306	1
307	1
308	1
309	1
310	1
311	1
312	1
313	1
314	1
315	1
316	1
317	1
318	1
319	1
320	1
321	1
322	1
323	1
324	1
325	1
326	1
327	1
328	1
329	1
330	1
331	1
332	1
333	1
334	1
335	1
336	1
337	1
338	1
339	1
340	1
341	1
342	1
343	1
344	1
345	1
346	1
347	1
348	1
349	1
350	1
351	1
352	1
353	1
354	1
355	2
356	1
357	1
358	1
359	1
360	1
361	1
362	1
363	1
364	1
365	1
366	1
367	1
368	1
369	1
370	1
371	1
372	1
373	1
374	1
375	1
376	1
377	1
378	1
379	1
380	1
381	1
382	1
383	1
384	1
385	1
386	1
387	1
388	1
389	1
390	1
391	1
392	1
393	1
394	1
395	1
396	1
397	1
398	1
399	1
400	1
401	1
402	1
403	1
404	1
405	1
406	1
407	1
408	1
409	1
410	1
411	1
412	1
413	1
414	1
415	1
416	1
417	1
418	1
419	1
420	1
421	1
422	1
423	1
424	1
425	1
426	1
427	1
428	1
429	1
430	1
431	1
432	1
433	1
434	1
435	1
436	1
437	1
438	1
439	1
440	1
441	1
442	1
443	1
444	1
445	1
446	1
447	1
448	1
449	1
450	1
451	1
452	1
453	1
454	1
455	1
456	1
457	1
458	1
459	1
460	1
461	1
462	1
463	1
464	1
465	1
466	1
467	1
468	1
469	1
470	1
471	1
472	1
473	1
474	1
475	1
476	1
477	1
478	1
479	1
480	1
481	1
482	1
483	1
484	1
485	1
486	1
487	1
488	1
489	1
490	1
491	1
492	1
493	1
494	1
495	1
496	1
497	1
498	1
499	1
500	1
501	1
502	1
503	1
504	1
505	1
506	1
507	1
508	1
509	1
510	1
511	1
512	2
513	1
514	1
515	2
516	2
517	2
518	2
519	2
520	2
521	2
522	2
523	2
524	2
525	2
526	2
527	2
528	2
529	2
530	2
531	3
532	2
533	2
534	2
535	2
536	2
537	2
538	2
539	2
540	2
541	2
542	2
543	2
544	2
545	2
546	2
547	2
548	2
549	2
550	2
551	2
552	2
553	2
554	2
555	2
556	1
557	2
558	1
559	1
560	1
561	1
562	1
563	1
564	1
565	1
566	1
567	1
568	1
569	1
570	1
571	1
572	1
573	1
574	1
575	1
576	1
577	1
578	1
579	1
580	1
581	1
582	1
583	1
584	1
585	1
586	1
587	1
588	1
589	1
590	1
591	1
592	1
593	1
594	1
595	1
596	1
597	1
598	1
599	1
600	1
601	1
602	1
603	1
604	1
605	1
606	1
607	1
608	1
609	1
610	1
611	1
612	1
613	1
614	1
615	1
616	1
617	1
618	1
619	1
620	1
621	1
622	1
623	1
624	1
625	1
626	1
627	1
628	1
629	1
630	1
631	1
632	1
633	1
634	1
635	1
636	1
637	1
638	1
639	1
640	1
641	1
642	1
643	1
644	1
645	1
646	1
647	1
648	1
649	1
650	1
651	1
652	1
653	1
654	1
655	1
656	1
657	1
658	1
659	1
660	1
661	1
662	1
663	1
664	1
665	1
666	1
667	1
668	1
669	1
670	1
671	1
672	1
673	1
674	1
675	1
676	1
677	1
678	1
679	1
680	1
681	1
682	1
683	1
684	1
685	1
686	1
687	1
688	1
689	1
690	1
691	1
692	1
693	1
694	1
695	1
696	1
697	1
698	1
699	1
700	1
701	1
702	1
703	1
704	1
705	1
706	1
707	1
708	1
709	1
710	1
711	1
712	1
713	1
714	1
715	1
716	1
717	1
718	1
719	1
720	1
721	1
722	1
723	1
724	1
725	1
726	1
727	1
728	1
729	1
730	1
731	1
732	1
733	1
734	1
735	1
736	1
737	1
738	1
739	1
740	1
741	1
742	1
743	1
744	1
745	1
746	1
747	1
748	1
749	1
750	1
751	1
752	1
753	1
754	1
755	1
756	1
757	1
758	1
759	1
760	1
761	1
762	1
763	1
764	1
765	1
766	1
767	1
768	1
769	1
770	1
771	1
772	1
773	1
774	1
775	1
776	1
777	1
778	1
779	1
780	1
781	1
782	1
783	1
784	1
785	1
786	1
787	1
788	1
789	1
790	1
791	1
792	1
793	1
794	1
795	1
796	1
797	1
798	1
799	1
800	1
801	1
802	1
803	1
804	1
805	1
806	1
807	1
808	1
809	1
810	1
811	1
812	1
813	1
814	1
815	1
816	1
817	1
818	1
819	1
820	1
821	1
822	1
823	1
824	1
825	1
826	1
827	1
828	1
829	1
830	1
831	1
832	1
833	1
834	1
835	1
836	1
837	1
838	1
839	1
840	1
841	1
842	1
843	1
844	1
845	1
846	1
847	1
848	1
849	1
850	1
851	1
852	1
853	1
854	1
855	1
856	1
857	1
858	1
859	1
860	1
861	1
862	1
863	1
864	1
865	1
866	1
867	1
868	1
869	1
870	1
871	1
872	1
873	1
874	1
875	1
876	1
877	1
878	1
879	1
880	1
881	1
882	1
883	1
884	1
885	1
886	1
887	1
888	1
889	1
890	1
891	1
892	1
893	1
894	1
895	1
896	1
897	1
898	1
899	1
900	1
901	1
902	1
903	1
904	1
905	1
906	1
907	1
908	1
909	1
910	1
911	1
912	1
913	1
914	1
915	1
916	1
917	1
918	1
919	1
920	1
921	1
922	1
923	1
924	1
925	1
926	1
927	1
928	1
929	1
930	1
931	1
932	1
933	1
934	1
935	1
936	1
937	1
938	1
939	1
940	1
941	1
942	1
943	1
944	1
945	1
946	1
947	1
948	1
949	1
950	1
951	1
952	1
953	1
954	1
955	1
956	1
957	1
958	1
959	1
960	1
961	1
962	1
963	1
964	1
965	1
966	1
967	1
968	1
969	1
970	1
971	1
972	1
973	1
974	1
975	1
976	1
977	1
978	1
979	1
980	1
981	1
982	1
983	1
984	1
985	1
986	1
987	1
988	1
989	1
990	1
991	1
992	1
993	1
994	1
995	1
996	1
997	1
998	1
999	1
1000	1
1001	1
1002	1
1003	1
1004	1
1005	1
1006	1
1007	1
1008	1
1009	1
1010	1
1011	1
1012	1
1013	1
1014	1
1015	1
1016	1
1017	1
1018	1
1019	1
1020	1
1021	1
1022	1
1023	1
1024	1
1025	1
1026	1
1027	1
1028	1
1029	1
1030	1
1031	1
1032	1
1033	1
1034	1
1035	1
1036	1
1037	1
1038	1
1039	1
1040	1
1041	1
1042	1
1043	1
1044	1
1045	1
1046	1
1047	1
1048	1
1049	1
1050	1
1051	1
1052	1
1053	1
1054	1
1055	1
1056	1
1057	1
1058	1
1059	1
1060	1
1061	1
1062	1
1063	1
1064	1
1065	1
1066	1
1067	1
1068	1
1069	1
1070	1
1071	1
1072	1
1073	1
1074	1
1075	1
1076	1
1077	1
1078	1
1079	1
1080	1
1081	1
1082	1
1083	1
1084	1
1085	1
1086	1
1087	1
1088	1
1089	1
1090	1
1091	1
1092	1
1093	1
1094	1
1095	1
1096	1
1097	1
1098	1
1099	1
1100	1
1101	1
1102	1
1103	1
1104	1
1105	1
1106	1
1107	1
1108	1
1109	1
1110	1
1111	1
1112	2
1113	1
1114	1
1115	1
1116	2
1117	1
1118	1
1119	1
1120	2
1121	1
1122	1
1123	1
1124	2
1125	1
1126	1
1127	1
1128	2
1129	1
1130	1
1131	1
1132	2
1133	1
1134	1
1135	1
1136	2
1137	1
1138	1
1139	1
1140	1
1141	1
1142	1
1143	1
1144	1
1145	1
1146	1
1147	1
1148	2
1149	1
1150	1
1151	1
1152	1
1153	1
1154	1
1155	1
1156	1
1157	1
1158	1
1159	1
1160	1
1161	1
1162	1
1163	1
1164	2
1165	1
1166	1
1167	1
1168	2
1169	1
1170	1
1171	1
1172	2
1173	1
1174	1
1175	1
1176	2
1177	1
1178	1
1179	1
1180	2
1181	1
1182	1
1183	1
1184	1
1185	1
1186	1
1187	1
1188	1
1189	1
1190	1
1191	1
1192	1
1193	1
1194	1
1195	1
1196	1
1197	1
1198	1
1199	1
1200	1
1201	1
1202	1
1203	1
1204	1
1205	1
1206	1
1207	1
1208	1
1209	1
1210	1
1211	1
1212	1
1213	1
1214	1
1215	1
1216	1
1217	1
1218	1
1219	1
1220	1
1221	1
1222	1
1223	1
1224	2
1225	1
1226	1
1227	1
1228	2
1229	1
1230	1
1231	1
1232	2
1233	1
1234	2
1235	2
1236	2
1237	2
1238	2
1239	2
1240	1
1241	2
1242	2
1243	2
1244	1
1245	2
1246	2
1247	2
1248	3
1249	1
1250	2
1251	1
1252	1
1253	1
1254	1
1255	1
1256	1
1257	1
1258	1
1259	1
1260	2
1261	1
1262	1
1263	1
1264	2
1265	1
1266	2
1267	2
1268	2
1269	1
1270	2
1271	2
1272	2
1273	1
1274	2
1275	2
1276	2
1277	1
1278	2
1279	2
1280	2
1281	1
1282	2
1283	2
1284	1
1285	1
1286	2
1287	1
1288	1
1289	1
1290	1
1291	1
1292	1
1293	1
1294	1
1295	1
1296	1
1297	1
1298	1
1299	1
1300	1
1301	1
1302	1
1303	1
1304	1
1305	1
1306	1
1307	1
1308	1
1309	1
1310	1
1311	1
1312	1
1313	1
1314	1
1315	1
1316	1
1317	1
1318	1
1319	1
1320	1
1321	1
1322	3
1323	1
1324	1
1325	2
1326	2
1327	2
1328	1
1329	2
1330	2
1331	2
1332	1
1333	2
1334	2
1335	2
1336	1
1337	1
1338	1
1339	1
1340	1
1341	1
1342	1
1343	3
1344	1
1345	1
1346	1
1347	2
1348	2
1349	2
1350	3
1351	2
1352	2
1353	2
1354	2
1355	1
1356	1
1357	1
1358	1
1359	1
1360	1
1361	1
1362	1
1363	1
1364	1
1365	1
1366	1
1367	1
1368	1
1369	1
1370	1
1371	1
1372	1
1373	1
1374	1
1375	1
1376	1
1377	2
1378	2
1379	1
1380	3
1381	3
1382	2
1383	2
1384	2
1385	2
1386	2
1387	2
1388	2
1389	1
1390	1
1391	1
1392	1
1393	1
1394	1
1395	1
1396	1
1397	2
1398	2
1399	2
1400	1
1401	2
1402	2
1403	2
1404	1
1405	2
1406	2
1407	2
1408	2
1409	2
1410	2
1411	2
1412	2
1413	1
1414	1
1415	1
1416	1
1417	1
1418	1
1419	1
1420	1
1421	1
1422	1
1423	1
1424	1
1425	1
1426	1
1427	1
1428	2
1429	1
1430	2
1431	2
1432	2
1433	2
1434	2
1435	2
1436	2
1437	2
1438	2
1439	2
1440	2
1441	2
1442	1
1443	1
1444	1
1445	1
1446	1
1447	1
1448	1
1449	2
1450	1
1451	2
1452	1
1453	2
1454	2
1455	2
1456	2
1457	2
1458	3
1459	2
1460	2
1461	2
1462	1
1463	1
1464	1
1465	1
1466	1
1467	1
1468	1
1469	1
1470	1
1471	1
1472	1
1473	1
1474	1
1475	1
1476	1
1477	1
1478	1
1479	1
1480	2
1481	1
1482	2
1483	1
1484	2
1485	1
1486	2
1487	2
1488	2
1489	2
1490	2
1491	2
1492	2
1493	2
1494	2
1495	1
1496	1
1497	1
1498	1
1499	1
1500	1
1501	2
1502	1
1503	3
1504	2
1505	2
1506	2
1507	2
1508	2
1509	2
1510	2
1511	2
1512	2
1513	2
1514	2
1515	2
1516	2
1517	2
1518	2
1519	2
1520	2
1521	1
1522	1
1523	1
1524	1
1525	1
1526	1
1527	1
1528	1
1529	1
1530	1
1531	1
1532	2
1533	1
1534	3
1535	1
1536	2
1537	2
1538	2
1539	3
1540	2
1541	2
1542	2
1543	2
1544	2
1545	2
1546	2
1547	1
1548	1
1549	1
1550	1
1551	1
1552	1
1553	1
1554	1
1555	1
1556	1
1557	2
1558	1
1559	2
1560	2
1561	3
1562	2
1563	2
1564	2
1565	2
1566	2
1567	2
1568	2
1569	2
1570	1
1571	1
1572	1
1573	1
1574	1
1575	1
1576	1
1577	1
1578	1
1579	1
1580	1
1581	1
1582	1
1583	1
1584	1
1585	1
1586	1
1587	1
1588	2
1589	1
1590	2
1591	1
1592	2
1593	2
1594	2
1595	2
1596	2
1597	2
1598	2
1599	2
1600	1
1601	1
1602	1
1603	1
1604	1
1605	1
1606	1
1607	1
1608	1
1609	2
1610	1
1611	2
1612	1
1613	2
1614	2
1615	3
1616	1
1617	2
1618	3
1619	2
1620	2
1621	2
1622	2
1623	2
1624	2
1625	2
1626	1
1627	1
1628	1
1629	1
1630	1
1631	1
1632	1
1633	1
1634	1
1635	1
1636	1
1637	1
1638	1
1639	1
1640	2
1641	1
1642	2
1643	1
1644	2
1645	1
1646	2
1647	2
1648	2
1649	2
1650	2
1651	2
1652	2
1653	1
1654	1
1655	1
1656	1
1657	1
1658	1
1659	1
1660	1
1661	1
1662	1
1663	1
1664	1
1665	2
1666	1
1667	2
1668	2
1669	2
1670	1
1671	2
1672	2
1673	2
1674	1
1675	2
1676	2
1677	2
1678	1
1679	1
1680	1
1681	1
1682	1
1683	1
1684	1
1685	1
1686	1
1687	1
1688	1
1689	1
1690	1
1691	1
1692	1
1693	1
1694	2
1695	1
1696	2
1697	2
1698	2
1699	1
1700	2
1701	2
1702	2
1703	2
1704	2
1705	2
1706	2
1707	1
1708	1
1709	1
1710	1
1711	1
1712	1
1713	1
1714	1
1715	1
1716	1
1717	1
1718	1
1719	3
1720	2
1721	2
1722	2
1723	2
1724	2
1725	2
1726	2
1727	2
1728	2
1729	2
1730	2
1731	2
1732	2
1733	1
1734	1
1735	1
1736	1
1737	1
1738	1
1739	1
1740	1
1741	1
1742	1
1743	1
1744	1
1745	1
1746	1
1747	1
1748	2
1749	1
1750	2
1751	1
1752	2
1753	2
1754	2
1755	2
1756	2
1757	2
1758	2
1759	2
1760	1
1761	1
1762	1
1763	1
1764	1
1765	1
1766	1
1767	1
1768	1
1769	1
1770	1
1771	2
1772	1
1773	2
1774	2
1775	2
1776	1
1777	2
1778	2
1779	2
1780	1
1781	2
1782	3
1783	2
1784	1
1785	2
1786	3
1787	1
1788	3
1789	1
1790	1
1791	1
1792	1
1793	1
1794	1
1795	1
1796	2
1797	1
1798	2
1799	1
1800	2
1801	1
1802	3
1803	1
1804	2
1805	1
1806	2
1807	2
1808	2
1809	2
1810	2
1811	2
1812	2
1813	2
1814	1
1815	1
1816	1
1817	1
1818	1
1819	1
1820	1
1821	2
1822	1
1823	2
1824	1
1825	2
1826	1
1827	2
1828	2
1829	2
1830	2
1831	2
1832	2
1833	2
1834	2
1835	2
1836	2
1837	1
1838	1
1839	1
1840	1
1841	1
1842	1
1843	1
1844	1
1845	1
1846	1
1847	1
1848	1
1849	1
1850	1
1851	1
1852	1
1853	1
1854	1
1855	1
1856	1
1857	1
1858	2
1859	1
1860	2
1861	1
1862	2
1863	2
1864	2
1865	2
1866	1
1867	1
1868	1
1869	1
1870	1
1871	1
1872	1
1873	1
1874	1
1875	1
1876	1
1877	1
1878	1
1879	3
1880	1
1881	2
1882	1
1883	2
1884	1
1885	2
1886	1
1887	2
1888	1
1889	2
1890	1
1891	2
1892	1
1893	1
1894	1
1895	1
1896	1
1897	1
1898	2
1899	1
1900	2
1901	1
1902	2
1903	1
1904	2
1905	1
1906	2
1907	1
1908	2
1909	1
1910	2
1911	1
1912	2
1913	1
1914	2
1915	1
1916	2
1917	1
1918	2
1919	1
1920	2
1921	1
1922	1
1923	1
1924	1
1925	2
1926	1
1927	2
1928	1
1929	2
1930	1
1931	2
1932	1
1933	2
1934	1
1935	2
1936	1
1937	2
1938	2
1939	2
1940	1
1941	2
1942	2
1943	2
1944	1
1945	1
1946	2
1947	1
1948	2
1949	1
1950	1
1951	1
1952	1
1953	1
1954	1
1955	1
1956	1
1957	1
1958	1
1959	1
1960	2
1961	1
1962	1
1963	1
1964	2
1965	1
1966	2
1967	2
1968	2
1969	2
1970	2
1971	2
1972	2
1973	1
1974	1
1975	1
1976	1
1977	1
1978	1
1979	1
1980	1
1981	1
1982	1
1983	1
1984	1
1985	1
1986	1
1987	1
1988	1
1989	2
1990	1
1991	2
1992	2
1993	2
1994	2
1995	2
1996	2
1997	2
1998	2
1999	2
2000	1
2001	1
2002	1
2003	1
2004	1
2005	1
2006	1
2007	1
2008	1
2009	1
2010	1
2011	1
2012	1
2013	1
2014	1
2015	1
2016	1
2017	1
2018	1
2019	1
2020	1
2021	1
2022	2
2023	1
2024	1
2025	1
2026	2
2027	1
2028	2
2029	1
2030	1
2031	1
2032	1
2033	1
2034	1
2035	1
2036	1
2037	1
2038	1
2039	1
2040	1
2041	1
2042	1
2043	2
2044	1
2045	1
2046	1
2047	2
2048	2
2049	2
2050	1
2051	2
2052	2
2053	2
2054	1
2055	2
2056	2
2057	2
2058	1
2059	1
2060	2
2061	1
2062	1
2063	1
2064	1
2065	1
2066	2
2067	1
2068	2
2069	1
2070	2
2071	1
2072	2
2073	2
2074	2
2075	2
2076	2
2077	2
2078	2
2079	2
2080	2
2081	2
2082	2
2083	2
2084	2
2085	2
2086	2
2087	2
2088	1
2089	1
2090	1
2091	1
2092	1
2093	2
2094	1
2095	2
2096	1
2097	2
2098	2
2099	2
2100	2
2101	2
2102	2
2103	2
2104	2
2105	2
2106	3
2107	2
2108	2
2109	2
2110	2
2111	2
2112	2
2113	1
2114	1
2115	1
2116	1
2117	1
2118	1
2119	1
2120	1
2121	1
2122	1
2123	1
2124	1
2125	1
2126	1
2127	1
2128	1
2129	1
2130	1
2131	1
2132	2
2133	2
2134	2
2135	2
2136	2
2137	2
2138	1
2139	1
2140	1
2141	1
2142	1
2143	1
2144	1
2145	1
2146	1
2147	1
2148	1
2149	1
2150	1
2151	1
2152	1
2153	1
2154	1
2155	1
2156	1
2157	1
2158	1
2159	1
2160	1
2161	1
2162	1
2163	1
2164	1
2165	2
2166	1
2167	2
2168	3
2169	1
2170	1
2171	1
2172	1
2173	1
2174	1
2175	1
2176	1
2177	1
2178	1
2179	1
2180	1
2181	1
2182	1
2183	1
2184	1
2185	1
2186	1
2187	1
2188	1
2189	1
2190	1
2191	1
2192	2
2193	1
2194	1
2195	1
2196	2
2197	1
2198	2
2199	2
2200	2
2201	2
2202	2
2203	2
2204	2
2205	2
2206	2
2207	2
2208	2
2209	2
2210	2
2211	2
2212	1
2213	2
2214	1
2215	2
2216	1
2217	2
2218	1
2219	1
2220	1
2221	2
2222	1
2223	1
2224	1
2225	2
2226	1
2227	1
2228	1
2229	2
2230	1
2231	1
2232	1
2233	2
2234	1
2235	1
2236	1
2237	3
2238	1
2239	1
2240	1
2241	1
2242	1
2243	1
2244	1
2245	1
2246	1
2247	1
2248	1
2249	1
2250	1
2251	1
2252	1
2253	2
2254	1
2255	1
2256	1
2257	2
2258	1
2259	2
2260	2
2261	2
2262	2
2263	2
2264	2
2265	2
2266	2
2267	1
2268	1
2269	1
2270	1
2271	1
2272	1
2273	1
2274	1
2275	1
2276	2
2277	1
2278	2
2279	2
2280	2
2281	2
2282	2
2283	3
2284	2
2285	2
2286	2
2287	2
2288	2
2289	2
2290	2
2291	2
2292	2
2293	2
2294	2
2295	2
2296	2
2297	2
2298	2
2299	2
2300	1
2301	1
2302	1
2303	1
2304	1
2305	1
2306	1
2307	1
2308	1
2309	1
2310	1
2311	1
2312	1
2313	2
2314	1
2315	2
2316	2
2317	2
2318	2
2319	2
2320	2
2321	2
2322	1
2323	1
2324	1
2325	1
2326	1
2327	1
2328	1
2329	1
2330	1
2331	1
2332	1
2333	1
2334	1
2335	1
2336	1
2337	1
2338	1
2339	1
2340	1
2341	1
2342	2
2343	1
2344	3
2345	2
2346	2
2347	2
2348	2
2349	2
2350	2
2351	2
2352	2
2353	1
2354	1
2355	1
2356	1
2357	1
2358	1
2359	1
2360	1
2361	1
2362	1
2363	1
2364	1
2365	1
2366	1
2367	1
2368	1
2369	1
2370	1
2371	2
2372	1
2373	2
2374	1
2375	2
2376	1
2377	2
2378	2
2379	2
2380	1
2381	2
2382	1
2383	1
2384	1
2385	1
2386	1
2387	1
2388	1
2389	1
2390	1
2391	1
2392	1
2393	1
2394	1
2395	1
2396	1
2397	1
2398	1
2399	1
2400	3
2401	1
2402	1
2403	1
2404	2
2405	1
2406	3
2407	2
2408	1
2409	2
2410	2
2411	2
2412	2
2413	2
2414	2
2415	2
2416	2
2417	2
2418	2
2419	2
2420	1
2421	2
2422	1
2423	1
2424	1
2425	1
2426	1
2427	1
2428	1
2429	1
2430	1
2431	1
2432	1
2433	1
2434	1
2435	1
2436	1
2437	1
2438	1
2439	1
2440	1
2441	1
2442	1
2443	1
2444	1
2445	1
2446	1
2447	1
2448	1
2449	2
2450	1
2451	1
2452	1
2453	2
2454	1
2455	3
2456	1
2457	2
2458	1
2459	2
2460	2
2461	2
2462	2
2463	1
2464	1
2465	1
2466	1
2467	1
2468	1
2469	1
2470	1
2471	1
2472	1
2473	1
2474	1
2475	1
2476	1
2477	1
2478	1
2479	1
2480	1
2481	1
2482	1
2483	1
2484	2
2485	1
2486	2
2487	2
2488	2
2489	3
2490	2
2491	2
2492	1
2493	1
2494	1
2495	1
2496	1
2497	1
2498	1
2499	1
2500	1
2501	1
2502	1
2503	1
2504	1
2505	1
2506	1
2507	1
2508	1
2509	1
2510	1
2511	1
2512	1
2513	1
2514	1
2515	1
2516	1
2517	1
2518	1
2519	1
2520	1
2521	1
2522	1
2523	1
2524	1
2525	1
2526	2
2527	1
2528	1
2529	1
2530	1
2531	1
2532	1
2533	1
2534	1
2535	1
2536	1
2537	1
2538	1
2539	1
2540	1
2541	1
2542	1
2543	1
2544	1
2545	1
2546	2
2547	1
2548	1
2549	1
2550	2
2551	1
2552	1
2553	2
2554	1
2555	2
2556	2
2557	1
2558	1
2559	2
2560	2
2561	2
2562	1
2563	2
2564	2
2565	2
2566	1
2567	2
2568	2
2569	2
2570	1
2571	2
2572	2
2573	2
2574	1
2575	2
2576	1
2577	1
2578	1
2579	2
2580	1
2581	1
2582	1
2583	2
2584	1
2585	1
2586	1
2587	2
2588	1
2589	1
2590	1
2591	2
2592	1
2593	2
2594	2
2595	2
2596	2
2597	2
2598	2
2599	2
2600	2
2601	2
2602	2
2603	3
2604	1
2605	1
2606	1
2607	2
2608	1
2609	1
2610	1
2611	2
2612	2
2613	2
2614	3
2615	2
2616	2
2617	2
2618	2
2619	2
2620	2
2621	2
2622	2
2623	2
2624	2
2625	1
2626	1
2627	1
2628	1
2629	1
2630	2
2631	1
2632	2
2633	2
2634	2
2635	2
2636	2
2637	2
2638	2
2639	2
2640	2
2641	2
2642	2
2643	2
2644	2
2645	2
2646	2
2647	2
2648	2
2649	2
2650	2
2651	2
2652	1
2653	1
2654	1
2655	1
2656	1
2657	1
2658	1
2659	1
2660	1
2661	1
2662	1
2663	1
2664	1
2665	2
2666	1
2667	2
2668	2
2669	2
2670	2
2671	2
2672	2
2673	1
2674	1
2675	1
2676	1
2677	1
2678	1
2679	1
2680	1
2681	1
2682	1
2683	1
2684	1
2685	1
2686	1
2687	1
2688	1
2689	1
2690	1
2691	1
2692	1
2693	1
2694	1
2695	1
2696	2
2697	1
2698	2
2699	1
2700	2
2701	2
2702	2
2703	2
2704	1
2705	1
2706	1
2707	1
2708	1
2709	1
2710	1
2711	1
2712	1
2713	1
2714	1
2715	1
2716	1
2717	2
2718	1
2719	2
2720	1
2721	2
2722	1
2723	2
2724	1
2725	2
2726	1
2727	3
2728	1
2729	2
2730	1
2731	2
2732	1
2733	2
2734	1
2735	1
2736	1
2737	1
2738	1
2739	1
2740	1
2741	1
2742	1
2743	1
2744	2
2745	1
2746	1
2747	1
2748	2
2749	1
2750	2
2751	1
2752	3
2753	1
2754	2
2755	1
2756	2
2757	1
2758	2
2759	1
2760	1
2761	2
2762	1
2763	2
2764	1
2765	2
2766	1
2767	2
2768	1
2769	2
2770	1
2771	2
2772	1
2773	2
2774	1
2775	2
2776	1
2777	2
2778	1
2779	2
2780	1
2781	2
2782	1
2783	1
2784	1
2785	2
2786	1
2787	2
2788	1
2789	2
2790	1
2791	2
2792	1
2793	2
2794	1
2795	3
2796	1
2797	1
2798	1
2799	1
2800	1
2801	1
2802	2
2803	1
2804	2
2805	1
2806	2
2807	1
2808	2
2809	1
2810	2
2811	1
2812	2
2813	1
2814	2
2815	1
2816	2
2817	1
2818	2
2819	1
2820	2
2821	1
2822	2
2823	1
2824	2
2825	1
2826	2
2827	1
2828	2
2829	1
2830	2
2831	1
2832	2
2833	1
2834	2
2835	1
2836	1
2837	1
2838	3
2839	1
2840	1
2841	1
2842	3
2843	1
2844	2
2845	1
2846	2
2847	1
2848	2
2849	1
2850	2
2851	1
2852	2
2853	1
2854	2
2855	1
2856	2
2857	1
2858	2
2859	1
2860	2
2861	1
2862	2
2863	1
2864	2
2865	1
2866	2
2867	1
2868	1
2869	1
2870	1
2871	2
2872	1
2873	2
2874	1
2875	2
2876	1
2877	2
2878	1
2879	2
2880	1
2881	2
2882	1
2883	2
2884	1
2885	2
2886	1
2887	2
2888	1
2889	2
2890	1
2891	2
2892	1
2893	1
2894	3
2895	1
2896	2
2897	1
2898	2
2899	1
2900	2
2901	1
2902	2
2903	1
2904	2
2905	1
2906	2
2907	1
2908	2
2909	1
2910	1
2911	1
2912	2
2913	2
2914	2
2915	2
2916	2
2917	2
2918	2
2919	2
2920	2
2921	2
2922	2
2923	2
2924	1
2925	2
2926	1
2927	2
2928	1
2929	2
2930	1
2931	1
2932	1
2933	1
2934	1
2935	1
2936	1
2937	1
2938	1
2939	1
2940	1
2941	1
2942	1
2943	1
2944	1
2945	1
2946	1
2947	1
2948	1
2949	1
2950	1
2951	1
2952	1
2953	2
2954	1
2955	2
2956	1
2957	2
2958	1
2959	2
2960	1
2961	2
2962	2
2963	2
2964	2
2965	2
2966	2
2967	1
2968	1
2969	1
2970	1
2971	1
2972	1
2973	1
2974	1
2975	1
2976	2
2977	1
2978	2
2979	1
2980	2
2981	1
2982	2
2983	1
2984	2
2985	1
2986	2
2987	1
2988	2
2989	1
2990	2
2991	1
2992	2
2993	1
2994	1
2995	2
2996	1
2997	2
2998	1
2999	2
3000	1
3001	2
3002	1
3003	2
3004	1
3005	2
3006	1
3007	2
3008	1
3009	2
3010	1
3011	2
3012	1
3013	2
3014	1
3015	2
3016	1
3017	1
3018	1
3019	2
3020	1
3021	4
3022	2
3023	1
3024	2
3025	1
3026	2
3027	1
3028	2
3029	1
3030	2
3031	1
3032	2
3033	1
3034	2
3035	1
3036	2
3037	1
3038	2
3039	1
3040	1
3041	1
3042	3
3043	1
3044	2
3045	2
3046	2
3047	2
3048	1
3049	2
3050	2
3051	2
3052	3
3053	2
3054	2
3055	2
3056	2
3057	1
3058	2
3059	1
3060	1
3061	1
3062	1
3063	1
3064	1
3065	1
3066	1
3067	1
3068	1
3069	1
3070	1
3071	1
3072	1
3073	1
3074	1
3075	1
3076	3
3077	1
3078	1
3079	2
3080	1
3081	1
3082	1
3083	1
3084	1
3085	1
3086	1
3087	1
3088	1
3089	1
3090	1
3091	1
3092	1
3093	1
3094	1
3095	1
3096	1
3097	1
3098	1
3099	1
3100	1
3101	1
3102	1
3103	1
3104	1
3105	1
3106	1
3107	1
3108	1
3109	1
3110	1
3111	2
3112	3
3113	2
3114	2
3115	2
3116	2
3117	2
3118	1
3119	1
3120	1
3121	1
3122	1
3123	1
3124	1
3125	1
3126	1
3127	1
3128	1
3129	1
3130	1
3131	1
3132	1
3133	1
3134	1
3135	1
3136	2
3137	1
3138	2
3139	2
3140	2
3141	2
3142	2
3143	2
3144	2
3145	2
3146	2
3147	2
3148	1
3149	1
3150	1
3151	1
3152	1
3153	1
3154	1
3155	1
3156	1
3157	1
3158	1
3159	2
3160	1
3161	2
3162	1
3163	2
3164	1
3165	3
3166	2
3167	2
3168	2
3169	2
3170	2
3171	2
3172	2
3173	2
3174	2
3175	1
3176	1
3177	1
3178	1
3179	1
3180	1
3181	1
3182	1
3183	1
3184	1
3185	1
3186	2
3187	1
3188	2
3189	1
3190	2
3191	1
3192	2
3193	2
3194	2
3195	2
3196	2
3197	2
3198	2
3199	2
3200	1
3201	1
3202	1
3203	1
3204	1
3205	1
3206	1
3207	2
3208	1
3209	2
3210	1
3211	2
3212	1
3213	2
3214	1
3215	2
3216	1
3217	2
3218	1
3219	2
3220	1
3221	2
3222	1
3223	2
3224	1
3225	2
3226	1
3227	2
3228	2
3229	1
3230	2
3231	2
3232	2
3233	1
3234	2
3235	1
3236	2
3237	1
3238	2
3239	1
3240	1
3241	1
3242	2
3243	1
3244	1
3245	1
3246	2
3247	1
3248	2
3249	1
3250	2
3251	1
3252	1
3253	2
3254	1
3255	1
3256	1
3257	1
3258	1
3259	1
3260	1
3261	1
3262	1
3263	1
3264	1
3265	2
3266	1
3267	2
3268	2
3269	2
3270	1
3271	1
3272	1
3273	1
3274	2
3275	1
3276	1
3277	1
3278	2
3279	1
3280	1
3281	1
3282	2
3283	1
3284	1
3285	1
3286	2
3287	1
3288	2
3289	2
3290	1
3291	1
3292	2
3293	1
3294	2
3295	1
3296	1
3297	1
3298	2
3299	1
3300	1
3301	1
3302	2
3303	1
3304	1
3305	1
3306	2
3307	1
3308	1
3309	2
3310	2
3311	1
3312	1
3313	1
3314	1
3315	2
3316	1
3317	1
3318	1
3319	2
3320	2
3321	1
3322	1
3323	2
3324	2
3325	2
3326	1
3327	2
3328	2
3329	2
3330	3
3331	1
3332	2
3333	1
3334	1
3335	1
3336	1
3337	1
3338	1
3339	1
3340	1
3341	1
3342	1
3343	1
3344	1
3345	2
3346	2
3347	1
3348	2
3349	2
3350	2
3351	1
3352	2
3353	2
3354	2
3355	1
3356	1
3357	1
3358	1
3359	1
3360	1
3361	1
3362	1
3363	1
3364	1
3365	1
3366	1
3367	1
3368	1
3369	1
3370	1
3371	1
3372	1
3373	1
3374	1
3375	1
3376	1
3377	1
3378	1
3379	2
3380	1
3381	1
3382	2
3383	2
3384	1
3385	1
3386	1
3387	1
3388	2
3389	1
3390	1
3391	1
3392	1
3393	1
3394	1
3395	1
3396	1
3397	1
3398	1
3399	1
3400	1
3401	1
3402	1
3403	1
3404	2
3405	2
3406	1
3407	2
3408	2
3409	2
3410	1
3411	2
3412	2
3413	2
3414	2
3415	1
3416	1
3417	1
3418	1
3419	1
3420	1
3421	1
3422	1
3423	1
3424	1
3425	1
3426	1
3427	1
3428	1
3429	1
3430	1
3431	1
3432	1
3433	1
3434	1
3435	1
3436	1
3437	2
3438	2
3439	3
3440	2
3441	2
3442	2
3443	2
3444	2
3445	1
3446	1
3447	1
3448	1
3449	1
3450	1
3451	1
3452	1
3453	1
3454	1
3455	1
3456	1
3457	1
3458	1
3459	1
3460	1
3461	1
3462	1
3463	1
3464	1
3465	1
3466	1
3467	1
3468	2
3469	1
3470	2
3471	2
3472	2
3473	1
3474	1
3475	1
3476	1
3477	1
3478	1
3479	1
3480	1
3481	1
3482	1
3483	1
3484	1
3485	1
3486	1
3487	1
3488	1
3489	1
3490	1
3491	1
3492	1
3493	1
3494	1
3495	1
3496	1
3497	1
3498	1
3499	1
3500	1
3501	1
3502	1
3503	2
3504	3
3505	1
3506	2
3507	1
3508	1
3509	1
3510	2
3511	1
3512	1
3513	1
3514	2
3515	2
3516	1
3517	2
3518	2
3519	2
3520	1
3521	3
3522	2
3523	2
3524	1
3525	3
3526	2
3527	2
3528	1
3529	2
3530	2
3531	1
3532	1
3533	1
3534	2
3535	1
3536	1
3537	1
3538	1
3539	1
3540	1
3541	1
3542	1
3543	2
3544	2
3545	2
3546	2
3547	2
3548	2
3549	2
3550	2
3551	2
3552	2
3553	2
3554	2
3555	2
3556	2
3557	2
3558	2
3559	2
3560	2
3561	2
3562	2
3563	2
3564	2
3565	2
3566	2
3567	2
3568	2
3569	2
3570	2
3571	2
3572	2
3573	2
3574	2
3575	2
3576	2
3577	2
3578	2
3579	2
3580	1
3581	1
3582	1
3583	1
3584	1
3585	1
3586	1
3587	1
3588	1
3589	1
3590	1
3591	1
3592	1
3593	1
3594	1
3595	1
3596	1
3597	1
3598	1
3599	1
3600	1
3601	1
3602	1
3603	1
3604	1
3605	1
3606	1
3607	1
3608	1
3609	1
3610	1
3611	1
3612	1
3613	1
3614	1
3615	1
3616	1
3617	1
3618	1
3619	1
3620	1
3621	2
3622	2
3623	2
3624	2
3625	1
3626	2
3627	1
3628	1
3629	1
3630	1
3631	1
3632	1
3633	1
3634	1
3635	1
3636	1
3637	1
3638	1
3639	1
3640	1
3641	1
3642	1
3643	1
3644	1
3645	1
3646	2
3647	1
3648	1
3649	1
3650	2
3651	1
3652	2
3653	1
3654	2
3655	1
3656	2
3657	1
3658	2
3659	1
3660	2
3661	1
3662	1
3663	2
3664	2
3665	2
3666	2
3667	2
3668	2
3669	2
3670	2
3671	2
3672	2
3673	2
3674	2
3675	2
3676	2
3677	2
3678	2
3679	2
3680	2
3681	2
3682	2
3683	2
3684	2
3685	2
3686	2
3687	2
3688	1
3689	1
3690	1
3691	1
3692	3
3693	2
3694	2
3695	3
3696	2
3697	2
3698	2
3699	2
3700	2
3701	2
3702	2
3703	2
3704	2
3705	2
3706	2
3707	1
3708	1
3709	1
3710	1
3711	1
3712	1
3713	1
3714	1
3715	1
3716	1
3717	1
3718	1
3719	2
3720	1
3721	2
3722	2
3723	2
3724	3
3725	2
3726	2
3727	2
3728	2
3729	2
3730	2
3731	2
3732	2
3733	2
3734	1
3735	1
3736	1
3737	1
3738	1
3739	1
3740	1
3741	1
3742	1
3743	1
3744	1
3745	1
3746	2
3747	1
3748	2
3749	2
3750	2
3751	3
3752	2
3753	2
3754	2
3755	2
3756	2
3757	2
3758	2
3759	2
3760	2
3761	1
3762	1
3763	1
3764	1
3765	1
3766	1
3767	1
3768	1
3769	1
3770	1
3771	1
3772	1
3773	1
3774	1
3775	1
3776	1
3777	2
3778	1
3779	2
3780	2
3781	2
3782	3
3783	2
3784	2
3785	2
3786	1
3787	1
3788	1
3789	1
3790	1
3791	1
3792	1
3793	1
3794	1
3795	1
3796	1
3797	1
3798	1
3799	1
3800	1
3801	1
3802	1
3803	1
3804	1
3805	1
3806	1
3807	1
3808	1
3809	1
3810	2
3811	1
3812	2
3813	1
3814	1
3815	2
3816	1
3817	2
3818	1
3819	3
3820	1
3821	1
3822	1
3823	1
3824	1
3825	1
3826	1
3827	1
3828	1
3829	1
3830	1
3831	1
3832	1
3833	1
3834	1
3835	1
3836	1
3837	1
3838	1
3839	1
3840	1
3841	1
3842	1
3843	1
3844	1
3845	1
3846	1
3847	1
3848	3
3849	1
3850	2
3851	1
3852	1
3853	1
3854	2
3855	1
3856	1
3857	1
3858	2
3859	1
3860	1
3861	1
3862	2
3863	1
3864	1
3865	1
3866	2
3867	1
3868	2
3869	1
3870	2
3871	1
3872	1
3873	1
3874	2
3875	1
3876	1
3877	1
3878	2
3879	1
3880	1
3881	1
3882	2
3883	1
3884	1
3885	1
3886	2
3887	1
3888	2
3889	1
3890	1
3891	2
3892	1
3893	1
3894	1
3895	1
3896	1
3897	1
3898	1
3899	1
3900	1
3901	1
3902	1
3903	1
3904	1
3905	1
3906	1
3907	2
3908	1
3909	3
3910	1
3911	2
3912	2
3913	2
3914	1
3915	2
3916	2
3917	2
3918	2
3919	2
3920	2
3921	2
3922	1
3923	2
3924	2
3925	2
3926	1
3927	2
3928	2
3929	2
3930	2
3931	1
3932	1
3933	2
3934	2
3935	1
3936	2
3937	2
3938	2
3939	1
3940	2
3941	2
3942	2
3943	2
3944	2
3945	2
3946	2
3947	2
3948	2
3949	2
3950	2
3951	2
3952	2
3953	1
3954	1
3955	1
3956	1
3957	1
3958	1
3959	1
3960	1
3961	1
3962	1
3963	1
3964	1
3965	1
3966	1
3967	2
3968	2
3969	2
3970	2
3971	2
3972	2
3973	2
3974	2
3975	2
3976	1
3977	1
3978	1
3979	1
3980	1
3981	1
3982	1
3983	1
3984	1
3985	1
3986	1
3987	1
3988	1
3989	1
3990	1
3991	1
3992	2
3993	1
3994	2
3995	1
3996	2
3997	1
3998	2
3999	1
4000	2
4001	1
4002	2
4003	1
4004	2
4005	1
4006	1
4007	2
4008	1
4009	2
4010	2
4011	2
4012	1
4013	2
4014	1
4015	2
4016	1
4017	2
4018	1
4019	2
4020	1
4021	2
4022	1
4023	2
4024	1
4025	2
4026	1
4027	2
4028	1
4029	1
4030	2
4031	1
4032	2
4033	1
4034	2
4035	1
4036	2
4037	1
4038	2
4039	1
4040	2
4041	1
4042	1
4043	1
4044	1
4045	1
4046	1
4047	1
4048	2
4049	2
4050	2
4051	2
4052	2
4053	2
4054	2
4055	2
4056	2
4057	2
4058	1
4059	2
4060	1
4061	2
4062	1
4063	2
4064	1
4065	2
4066	1
4067	2
4068	1
4069	2
4070	2
4071	1
4072	3
4073	1
4074	2
4075	1
4076	2
4077	1
4078	2
4079	1
4080	1
4081	3
4082	1
4083	2
4084	1
4085	1
4086	1
4087	1
4088	1
4089	1
4090	1
4091	1
4092	1
4093	1
4094	1
4095	2
4096	1
4097	2
4098	1
4099	2
4100	1
4101	2
4102	1
4103	2
4104	1
4105	1
4106	1
4107	1
4108	2
4109	1
4110	2
4111	1
4112	2
4113	3
4114	2
4115	1
4116	2
4117	2
4118	2
4119	1
4120	2
4121	2
4122	2
4123	1
4124	1
4125	1
4126	2
4127	1
4128	2
4129	1
4130	1
4131	1
4132	2
4133	1
4134	1
4135	1
4136	2
4137	1
4138	1
4139	1
4140	2
4141	1
4142	2
4143	1
4144	2
4145	2
4146	2
4147	2
4148	2
4149	2
4150	2
4151	2
4152	2
4153	2
4154	2
4155	2
4156	2
4157	2
4158	2
4159	2
4160	2
4161	1
4162	2
4163	1
4164	2
4165	1
4166	2
4167	2
4168	2
4169	2
4170	2
4171	2
4172	2
4173	2
4174	2
4175	2
4176	2
4177	2
4178	2
4179	2
4180	2
4181	2
4182	2
4183	2
4184	2
4185	2
4186	1
4187	1
4188	1
4189	1
4190	1
4191	1
4192	1
4193	1
4194	1
4195	1
4196	1
4197	1
4198	2
4199	1
4200	2
4201	2
4202	2
4203	2
4204	2
4205	2
4206	2
4207	1
4208	1
4209	1
4210	1
4211	1
4212	1
4213	1
4214	1
4215	1
4216	1
4217	1
4218	1
4219	1
4220	1
4221	1
4222	1
4223	1
4224	1
4225	1
4226	1
4227	1
4228	1
4229	3
4230	1
4231	2
4232	1
4233	2
4234	3
4235	2
4236	1
4237	1
4238	1
4239	1
4240	1
4241	1
4242	1
4243	1
4244	1
4245	1
4246	1
4247	1
4248	1
4249	1
4250	2
4251	1
4252	2
4253	1
4254	2
4255	1
4256	2
4257	1
4258	2
4259	1
4260	2
4261	1
4262	2
4263	2
4264	2
4265	1
4266	2
4267	1
4268	1
4269	2
4270	1
4271	2
4272	1
4273	2
4274	1
4275	2
4276	1
4277	2
4278	1
4279	2
4280	1
4281	3
4282	1
4283	2
4284	1
4285	2
4286	1
4287	2
4288	1
4289	2
4290	1
4291	2
4292	1
4293	2
4294	1
4295	1
4296	2
4297	1
4298	2
4299	1
4300	2
4301	1
4302	1
4303	1
4304	2
4305	1
4306	2
4307	1
4308	2
4309	1
4310	2
4311	1
4312	2
4313	1
4314	2
4315	1
4316	2
4317	1
4318	2
4319	1
4320	1
4321	2
4322	1
4323	2
4324	1
4325	2
4326	1
4327	2
4328	1
4329	2
4330	1
4331	2
4332	1
4333	2
4334	1
4335	2
4336	1
4337	2
4338	1
4339	2
4340	1
4341	2
4342	1
4343	2
4344	1
4345	2
4346	1
4347	2
4348	1
4349	1
4350	1
4351	1
4352	2
4353	1
4354	2
4355	1
4356	2
4357	1
4358	2
4359	1
4360	2
4361	1
4362	2
4363	1
4364	2
4365	1
4366	2
4367	1
4368	2
4369	1
4370	2
4371	1
4372	2
4373	1
4374	2
4375	1
4376	2
4377	1
4378	2
4379	1
4380	2
4381	1
4382	2
4383	1
4384	1
4385	1
4386	1
4387	1
4388	1
4389	2
4390	1
4391	2
4392	1
4393	2
4394	2
4395	2
4396	2
4397	2
4398	2
4399	2
4400	2
4401	2
4402	2
4403	2
4404	1
4405	2
4406	1
4407	1
4408	1
4409	1
4410	1
4411	1
4412	1
4413	1
4414	2
4415	1
4416	2
4417	1
4418	2
4419	2
4420	2
4421	2
4422	2
4423	2
4424	2
4425	2
4426	1
4427	2
4428	1
4429	1
4430	1
4431	1
4432	1
4433	1
4434	1
4435	1
4436	1
4437	2
4438	1
4439	2
4440	1
4441	2
4442	1
4443	2
4444	1
4445	2
4446	1
4447	2
4448	2
4449	2
4450	2
4451	1
4452	1
4453	1
4454	1
4455	1
4456	1
4457	1
4458	1
4459	1
4460	1
4461	1
4462	1
4463	1
4464	1
4465	1
4466	2
4467	1
4468	2
4469	1
4470	2
4471	1
4472	2
4473	1
4474	2
4475	1
4476	2
4477	2
4478	1
4479	2
4480	1
4481	1
4482	1
4483	1
4484	1
4485	1
4486	1
4487	1
4488	1
4489	1
4490	1
4491	1
4492	1
4493	1
4494	1
4495	1
4496	1
4497	1
4498	1
4499	2
4500	1
4501	2
4502	1
4503	2
4504	1
4505	2
4506	2
4507	1
4508	2
4509	1
4510	1
4511	1
4512	1
4513	1
4514	1
4515	1
4516	1
4517	1
4518	1
4519	1
4520	1
4521	1
4522	1
4523	1
4524	1
4525	1
4526	1
4527	1
4528	2
4529	1
4530	1
4531	1
4532	2
4533	1
4534	2
4535	1
4536	1
4537	2
4538	2
4539	1
4540	1
4541	2
4542	2
4543	1
4544	1
4545	2
4546	2
4547	2
4548	1
4549	2
4550	2
4551	2
4552	1
4553	2
4554	2
4555	1
4556	1
4557	2
4558	1
4559	1
4560	1
4561	2
4562	1
4563	1
4564	1
4565	2
4566	1
4567	2
4568	2
4569	2
4570	2
4571	2
4572	2
4573	2
4574	2
4575	2
4576	2
4577	2
4578	2
4579	2
4580	2
4581	2
4582	2
4583	2
4584	1
4585	1
4586	1
4587	1
4588	1
4589	1
4590	1
4591	1
4592	1
4593	2
4594	1
4595	2
4596	2
4597	2
4598	2
4599	2
4600	2
4601	2
4602	2
4603	2
4604	1
4605	1
4606	1
4607	1
4608	1
4609	1
4610	1
4611	1
4612	1
4613	1
4614	1
4615	1
4616	1
4617	1
4618	2
4619	1
4620	2
4621	1
4622	2
4623	1
4624	2
4625	1
4626	2
4627	1
4628	1
4629	1
4630	2
4631	1
4632	2
4633	2
4634	1
4635	2
4636	2
4637	2
4638	1
4639	1
4640	1
4641	1
4642	1
4643	1
4644	1
4645	1
4646	1
4647	1
4648	1
4649	1
4650	1
4651	1
4652	1
4653	1
4654	1
4655	1
4656	1
4657	2
4658	2
4659	2
4660	2
4661	2
4662	2
4663	2
4664	2
4665	2
4666	2
4667	1
4668	2
4669	2
4670	2
4671	1
4672	2
4673	1
4674	2
4675	1
4676	3
4677	1
4678	3
4679	1
4680	3
4681	1
4682	1
4683	1
4684	1
4685	1
4686	1
4687	1
4688	1
4689	1
4690	1
4691	1
4692	1
4693	1
4694	1
4695	1
4696	1
4697	1
4698	1
4699	1
4700	1
4701	1
4702	1
4703	1
4704	1
4705	1
4706	1
4707	1
4708	1
4709	1
4710	1
4711	1
4712	3
4713	2
4714	1
4715	2
4716	1
4717	1
4718	1
4719	1
4720	1
4721	1
4722	1
4723	1
4724	1
4725	1
4726	1
4727	1
4728	1
4729	1
4730	1
4731	1
4732	1
4733	1
4734	1
4735	1
4736	1
4737	1
4738	1
4739	1
4740	1
4741	1
4742	1
4743	1
4744	1
4745	1
4746	1
4747	2
4748	1
4749	2
4750	1
4751	1
4752	2
4753	1
4754	2
4755	1
4756	2
4757	1
4758	2
4759	1
4760	2
4761	1
4762	2
4763	1
4764	2
4765	1
4766	2
4767	1
4768	2
4769	1
4770	2
4771	1
4772	2
4773	1
4774	2
4775	1
4776	2
4777	1
4778	1
4779	1
4780	2
4781	1
4782	1
4783	1
4784	1
4785	1
4786	1
4787	1
4788	1
4789	1
4790	2
4791	2
4792	2
4793	2
4794	2
4795	2
4796	2
4797	2
4798	2
4799	2
4800	2
4801	2
4802	2
4803	2
4804	2
4805	2
4806	2
4807	1
4808	1
4809	1
4810	1
4811	1
4812	1
4813	1
4814	3
4815	3
4816	2
4817	2
4818	2
4819	2
4820	2
4821	2
4822	2
4823	2
4824	1
4825	2
4826	1
4827	1
4828	1
4829	1
4830	1
4831	1
4832	1
4833	1
4834	1
4835	1
4836	1
4837	1
4838	1
4839	1
4840	1
4841	1
4842	1
4843	1
4844	1
4845	1
4846	1
4847	1
4848	1
4849	1
4850	1
4851	1
4852	1
4853	1
4854	1
4855	1
4856	1
4857	1
4858	1
4859	1
4860	1
4861	1
4862	1
4863	1
4864	1
4865	2
4866	1
4867	2
4868	2
4869	1
4870	1
4871	1
4872	1
4873	1
4874	1
4875	1
4876	1
4877	1
4878	1
4879	1
4880	1
4881	1
4882	1
4883	1
4884	1
4885	1
4886	1
4887	1
4888	1
4889	1
4890	2
4891	1
4892	2
4893	1
4894	2
4895	2
4896	2
4897	2
4898	2
4899	2
4900	2
4901	2
4902	2
4903	1
4904	1
4905	1
4906	1
4907	1
4908	1
4909	2
4910	1
4911	2
4912	2
4913	3
4914	2
4915	2
4916	2
4917	2
4918	3
4919	2
4920	2
4921	2
4922	2
4923	2
4924	2
4925	2
4926	2
4927	2
4928	2
4929	2
4930	1
4931	1
4932	1
4933	1
4934	1
4935	1
4936	1
4937	1
4938	1
4939	1
4940	2
4941	1
4942	3
4943	2
4944	2
4945	3
4946	2
4947	2
4948	2
4949	2
4950	2
4951	2
4952	2
4953	2
4954	1
4955	1
4956	1
4957	1
4958	1
4959	1
4960	1
4961	1
4962	1
4963	1
4964	1
4965	1
4966	1
4967	2
4968	2
4969	2
4970	2
4971	2
4972	3
4973	2
4974	2
4975	2
4976	2
4977	2
4978	2
4979	2
4980	2
4981	1
4982	1
4983	1
4984	1
4985	1
4986	1
4987	1
4988	1
4989	1
4990	1
4991	1
4992	1
4993	1
4994	2
4995	1
4996	2
4997	1
4998	2
4999	2
5000	2
5001	3
5002	2
5003	2
5004	2
5005	2
5006	2
5007	2
5008	1
5009	1
5010	1
5011	1
5012	1
5013	1
5014	1
5015	1
5016	1
5017	1
5018	1
5019	1
5020	1
5021	1
5022	1
5023	2
5024	1
5025	2
5026	1
5027	2
5028	2
5029	2
5030	2
5031	2
5032	2
5033	2
5034	1
5035	1
5036	1
5037	1
5038	1
5039	1
5040	1
5041	1
5042	1
5043	1
5044	1
5045	1
5046	1
5047	1
5048	1
5049	1
5050	1
5051	1
5052	1
5053	1
5054	2
5055	1
5056	2
5057	1
5058	2
5059	1
5060	2
5061	2
5062	1
5063	1
5064	1
5065	1
5066	1
5067	1
5068	1
5069	1
5070	1
5071	2
5072	1
5073	2
5074	1
5075	2
5076	1
5077	2
5078	1
5079	2
5080	1
5081	1
5082	1
5083	2
5084	1
5085	1
5086	1
5087	1
5088	1
5089	2
5090	1
5091	3
5092	2
5093	1
5094	2
5095	1
5096	2
5097	1
5098	2
5099	1
5100	2
5101	1
5102	2
5103	1
5104	2
5105	1
5106	2
5107	1
5108	2
5109	1
5110	2
5111	1
5112	2
5113	1
5114	2
5115	1
5116	2
5117	1
5118	2
5119	1
5120	1
5121	1
5122	1
5123	2
5124	1
5125	2
5126	1
5127	2
5128	1
5129	2
5130	1
5131	2
5132	1
5133	2
5134	1
5135	2
5136	1
5137	2
5138	1
5139	2
5140	1
5141	2
5142	1
5143	2
5144	1
5145	2
5146	1
5147	2
5148	1
5149	2
5150	1
5151	2
5152	1
5153	2
5154	1
5155	2
5156	1
5157	1
5158	1
5159	1
5160	1
5161	1
5162	2
5163	1
5164	2
5165	1
5166	2
5167	3
5168	2
5169	2
5170	1
5171	2
5172	1
5173	2
5174	1
5175	2
5176	1
5177	2
5178	1
5179	2
5180	1
5181	1
5182	1
5183	1
5184	1
5185	1
5186	1
5187	1
5188	2
5189	1
5190	1
5191	1
5192	1
5193	1
5194	1
5195	1
5196	1
5197	1
5198	1
5199	1
5200	1
5201	1
5202	1
5203	1
5204	1
5205	1
5206	1
5207	1
5208	1
5209	1
5210	1
5211	1
5212	1
5213	1
5214	1
5215	1
5216	1
5217	1
5218	1
5219	1
5220	2
5221	1
5222	1
5223	1
5224	2
5225	1
5226	1
5227	1
5228	1
5229	2
5230	1
5231	2
5232	1
5233	1
5234	1
5235	1
5236	1
5237	1
5238	1
5239	1
5240	1
5241	1
5242	1
5243	1
5244	1
5245	1
5246	1
5247	1
5248	1
5249	1
5250	2
5251	2
5252	1
5253	2
5254	2
5255	2
5256	1
5257	1
5258	1
5259	2
5260	1
5261	1
5262	1
5263	1
5264	2
5265	1
5266	1
5267	1
5268	1
5269	1
5270	1
5271	1
5272	1
5273	1
5274	1
5275	1
5276	2
5277	1
5278	1
5279	1
5280	2
5281	1
5282	1
5283	1
5284	2
5285	1
5286	2
5287	1
5288	1
5289	1
5290	1
5291	2
5292	1
5293	2
5294	1
5295	2
5296	1
5297	2
5298	1
5299	2
5300	1
5301	2
5302	1
5303	2
5304	1
5305	2
5306	1
5307	2
5308	1
5309	2
5310	1
5311	2
5312	1
5313	2
5314	1
5315	1
5316	1
5317	1
5318	1
5319	2
5320	2
5321	1
5322	1
5323	2
5324	1
5325	3
5326	1
5327	1
5328	1
5329	1
5330	1
5331	1
5332	1
5333	1
5334	1
5335	1
5336	1
5337	1
5338	1
5339	1
5340	1
5341	1
5342	1
5343	1
5344	1
5345	1
5346	1
5347	1
5348	1
5349	1
5350	1
5351	2
5352	2
5353	2
5354	2
5355	2
5356	2
5357	2
5358	2
5359	2
5360	2
5361	2
5362	2
5363	2
5364	2
5365	2
5366	2
5367	2
5368	2
5369	2
5370	2
5371	1
5372	2
5373	1
5374	1
5375	1
5376	1
5377	1
5378	1
5379	1
5380	1
5381	1
5382	1
5383	1
5384	1
5385	1
5386	1
5387	1
5388	1
5389	1
5390	1
5391	1
5392	1
5393	1
5394	1
5395	1
5396	1
5397	1
5398	1
5399	1
5400	2
5401	1
5402	2
5403	1
5404	2
5405	2
5406	2
5407	2
5408	2
5409	3
5410	2
5411	2
5412	1
5413	1
5414	1
5415	1
5416	1
5417	1
5418	1
5419	1
5420	1
5421	1
5422	1
5423	1
5424	1
5425	1
5426	1
5427	1
5428	1
5429	1
5430	1
5431	2
5432	1
5433	1
5434	1
5435	3
5436	1
5437	2
5438	1
5439	1
5440	2
5441	1
5442	2
5443	1
5444	2
5445	1
5446	2
5447	1
5448	2
5449	1
5450	1
5451	1
5452	1
5453	1
5454	1
5455	1
5456	1
5457	1
5458	1
5459	1
5460	2
5461	1
5462	1
5463	1
5464	2
5465	1
5466	1
5467	1
5468	2
5469	3
5470	2
5471	3
5472	1
5473	3
5474	1
5475	3
5476	1
5477	2
5478	1
5479	2
5480	1
5481	2
5482	1
5483	2
5484	1
5485	2
5486	1
5487	1
5488	1
5489	1
5490	1
5491	1
5492	1
5493	1
5494	1
5495	1
5496	1
5497	1
5498	1
5499	1
5500	1
5501	1
5502	1
5503	1
5504	1
5505	2
5506	1
5507	1
5508	1
5509	2
5510	1
5511	3
5512	1
5513	2
5514	1
5515	1
5516	1
5517	1
5518	2
5519	1
5520	1
5521	1
5522	1
5523	1
5524	1
5525	1
5526	1
5527	1
5528	1
5529	1
5530	1
5531	1
5532	1
5533	1
5534	1
5535	1
5536	1
5537	1
5538	2
5539	1
5540	1
5541	1
5542	2
5543	1
5544	2
5545	2
5546	2
5547	2
5548	2
5549	2
5550	2
5551	2
5552	1
5553	1
5554	1
5555	1
5556	1
5557	1
5558	1
5559	1
5560	1
5561	1
5562	1
5563	1
5564	1
5565	2
5566	1
5567	2
5568	1
5569	2
5570	1
5571	2
5572	2
5573	2
5574	2
5575	2
5576	2
5577	2
5578	2
5579	1
5580	1
5581	1
5582	1
5583	1
5584	1
5585	1
5586	1
5587	1
5588	1
5589	1
5590	1
5591	1
5592	1
5593	1
5594	1
5595	1
5596	1
5597	1
5598	1
5599	1
5600	2
5601	1
5602	2
5603	1
5604	2
5605	1
5606	2
5607	3
5608	1
5609	1
5610	1
5611	2
5612	1
5613	1
5614	1
5615	1
5616	1
5617	1
5618	1
5619	1
5620	1
5621	1
5622	1
5623	2
5624	1
5625	2
5626	1
5627	2
5628	1
5629	2
5630	2
5631	2
5632	1
5633	2
5634	2
5635	2
5636	2
5637	2
5638	2
5639	2
5640	2
5641	2
5642	2
5643	1
5644	2
5645	1
5646	2
5647	1
5648	2
5649	1
5650	2
5651	2
5652	2
5653	2
5654	2
5655	2
5656	2
5657	2
5658	2
5659	2
5660	2
5661	2
5662	2
5663	2
5664	2
5665	2
5666	2
5667	2
5668	1
5669	1
5670	1
5671	2
5672	1
5673	2
5674	2
5675	2
5676	2
5677	2
5678	2
5679	2
5680	3
5681	2
5682	2
5683	2
5684	2
5685	2
5686	2
5687	2
5688	2
5689	2
5690	1
5691	1
5692	1
5693	1
5694	1
5695	1
5696	1
5697	1
5698	1
5699	1
5700	1
5701	1
5702	1
5703	1
5704	1
5705	1
5706	1
5707	1
5708	2
5709	1
5710	2
5711	2
5712	2
5713	3
5714	1
5715	1
5716	1
5717	1
5718	1
5719	1
5720	1
5721	1
5722	1
5723	1
5724	1
5725	1
5726	1
5727	1
5728	1
5729	1
5730	1
5731	1
5732	1
5733	2
5734	1
5735	1
5736	1
5737	2
5738	1
5739	2
5740	1
5741	1
5742	2
5743	1
5744	2
5745	1
5746	2
5747	1
5748	2
5749	1
5750	2
5751	1
5752	1
5753	1
5754	2
5755	1
5756	1
5757	1
5758	2
5759	1
5760	1
5761	1
5762	1
5763	1
5764	1
5765	1
5766	2
5767	1
5768	1
5769	1
5770	2
5771	1
5772	1
5773	1
5774	1
5775	2
5776	2
5777	2
5778	2
5779	2
5780	2
5781	2
5782	2
5783	2
5784	2
5785	2
5786	3
5787	2
5788	2
5789	2
5790	2
5791	2
5792	2
5793	2
5794	1
5795	2
5796	1
5797	2
5798	1
5799	2
5800	1
5801	2
5802	1
5803	2
5804	1
5805	2
5806	1
5807	2
5808	1
5809	2
5810	1
5811	2
5812	1
5813	1
5814	1
5815	1
5816	1
5817	1
5818	1
5819	1
5820	1
5821	1
5822	1
5823	1
5824	1
5825	1
5826	1
5827	1
5828	1
5829	1
5830	1
5831	1
5832	1
5833	1
5834	1
5835	1
5836	1
5837	1
5838	2
5839	2
5840	1
5841	2
5842	3
5843	2
5844	1
5845	1
5846	1
5847	1
5848	2
5849	1
5850	1
5851	1
5852	2
5853	1
5854	1
5855	1
5856	2
5857	1
5858	1
5859	1
5860	1
5861	1
5862	1
5863	1
5864	1
5865	1
5866	1
5867	1
5868	2
5869	1
5870	1
5871	1
5872	2
5873	2
5874	1
5875	3
5876	2
5877	2
5878	3
5879	2
5880	2
5881	1
5882	1
5883	1
5884	1
5885	1
5886	1
5887	1
5888	1
5889	1
5890	1
5891	1
5892	1
5893	2
5894	3
5895	2
5896	2
5897	2
5898	2
5899	2
5900	2
5901	2
5902	2
5903	2
5904	2
5905	2
5906	2
5907	2
5908	2
5909	2
5910	2
5911	1
5912	1
5913	1
5914	1
5915	1
5916	1
5917	1
5918	1
5919	1
5920	1
5921	1
5922	2
5923	2
5924	2
5925	2
5926	2
5927	3
5928	2
5929	2
5930	2
5931	2
5932	2
5933	2
5934	2
5935	2
5936	1
5937	1
5938	1
5939	1
5940	1
5941	1
5942	1
5943	1
5944	1
5945	2
5946	1
5947	2
5948	2
5949	3
5950	2
5951	2
5952	2
5953	2
5954	2
5955	2
5956	2
5957	2
5958	3
5959	2
5960	2
5961	2
5962	1
5963	1
5964	1
5965	1
5966	1
5967	1
5968	1
5969	1
5970	1
5971	1
5972	2
5973	1
5974	2
5975	1
5976	2
5977	1
5978	2
5979	2
5980	2
5981	3
5982	2
5983	2
5984	2
5985	2
5986	2
5987	2
5988	1
5989	1
5990	1
5991	1
5992	1
5993	1
5994	1
5995	1
5996	1
5997	1
5998	1
5999	2
6000	1
6001	2
6002	1
6003	2
6004	2
6005	2
6006	2
6007	2
6008	2
6009	2
6010	1
6011	1
6012	1
6013	1
6014	1
6015	1
6016	1
6017	1
6018	1
6019	1
6020	1
6021	1
6022	1
6023	1
6024	1
6025	1
6026	1
6027	1
6028	1
6029	1
6030	1
6031	1
6032	1
6033	1
6034	2
6035	1
6036	2
6037	1
6038	2
6039	1
6040	2
6041	2
6042	1
6043	2
6044	1
6045	2
6046	1
6047	2
6048	1
6049	3
6050	1
6051	2
6052	1
6053	1
6054	1
6055	1
6056	1
6057	2
6058	1
6059	1
6060	1
6061	1
6062	1
6063	1
6064	1
6065	1
6066	1
6067	1
6068	1
6069	1
6070	1
6071	2
6072	1
6073	2
6074	1
6075	2
6076	1
6077	1
6078	1
6079	1
6080	2
6081	1
6082	2
6083	1
6084	2
6085	1
6086	2
6087	1
6088	2
6089	1
6090	2
6091	1
6092	2
6093	1
6094	2
6095	1
6096	2
6097	1
6098	2
6099	1
6100	2
6101	1
6102	1
6103	1
6104	1
6105	1
6106	1
6107	1
6108	3
6109	1
6110	1
6111	1
6112	1
6113	1
6114	1
6115	1
6116	1
6117	1
6118	2
6119	1
6120	2
6121	1
6122	2
6123	1
6124	2
6125	1
6126	2
6127	1
6128	2
6129	1
6130	2
6131	1
6132	2
6133	1
6134	2
6135	1
6136	2
6137	1
6138	2
6139	1
6140	2
6141	1
6142	1
6143	1
6144	1
6145	2
6146	1
6147	2
6148	1
6149	2
6150	1
6151	2
6152	1
6153	2
6154	1
6155	2
6156	1
6157	2
6158	1
6159	2
6160	1
6161	2
6162	1
6163	2
6164	1
6165	2
6166	1
6167	2
6168	1
6169	1
6170	2
6171	1
6172	2
6173	1
6174	2
6175	1
6176	2
6177	1
6178	2
6179	1
6180	2
6181	1
6182	2
6183	1
6184	2
6185	1
6186	2
6187	1
6188	2
6189	1
6190	2
6191	1
6192	2
6193	1
6194	2
6195	1
6196	1
6197	2
6198	1
6199	2
6200	1
6201	2
6202	1
6203	2
6204	1
6205	2
6206	2
6207	2
6208	2
6209	2
6210	1
6211	2
6212	1
6213	1
6214	2
6215	1
6216	2
6217	1
6218	2
6219	1
6220	2
6221	1
6222	2
6223	1
6224	2
6225	1
6226	2
6227	1
6228	2
6229	1
6230	2
6231	1
6232	2
6233	1
6234	2
6235	1
6236	1
6237	2
6238	1
6239	2
6240	1
6241	2
6242	1
6243	2
6244	1
6245	2
6246	1
6247	2
6248	1
6249	2
6250	1
6251	2
6252	1
6253	2
6254	1
6255	2
6256	1
6257	2
6258	1
6259	2
6260	1
6261	2
6262	1
6263	1
6264	1
6265	1
6266	1
6267	1
6268	1
6269	1
6270	1
6271	1
6272	1
6273	1
6274	1
6275	1
6276	1
6277	1
6278	1
6279	1
6280	1
6281	1
6282	1
6283	1
6284	1
6285	1
6286	1
6287	1
6288	1
6289	1
6290	1
6291	1
6292	1
6293	3
6294	1
6295	2
6296	1
6297	2
6298	1
6299	1
6300	1
6301	1
6302	1
6303	1
6304	1
6305	1
6306	1
6307	1
6308	1
6309	1
6310	1
6311	1
6312	1
6313	2
6314	1
6315	2
6316	1
6317	2
6318	1
6319	2
6320	1
6321	2
6322	1
6323	1
6324	1
6325	1
6326	1
6327	1
6328	1
6329	1
6330	1
6331	1
6332	2
6333	1
6334	1
6335	1
6336	2
6337	1
6338	2
6339	1
6340	2
6341	1
6342	2
6343	1
6344	2
6345	1
6346	2
6347	1
6348	2
6349	1
6350	2
6351	1
6352	2
6353	1
6354	1
6355	1
6356	1
6357	2
6358	1
6359	2
6360	1
6361	2
6362	1
6363	2
6364	1
6365	2
6366	1
6367	2
6368	1
6369	2
6370	1
6371	2
6372	1
6373	2
6374	1
6375	2
6376	1
6377	1
6378	1
6379	2
6380	1
6381	2
6382	1
6383	1
6384	1
6385	1
6386	1
6387	1
6388	1
6389	1
6390	1
6391	1
6392	1
6393	1
6394	1
6395	1
6396	2
6397	1
6398	1
6399	1
6400	1
6401	1
6402	1
6403	1
6404	1
6405	1
6406	1
6407	1
6408	2
6409	1
6410	1
6411	1
6412	2
6413	1
6414	2
6415	1
6416	1
6417	1
6418	1
6419	1
6420	1
6421	1
6422	1
6423	1
6424	1
6425	1
6426	1
6427	1
6428	1
6429	1
6430	1
6431	1
6432	1
6433	1
6434	1
6435	1
6436	2
6437	2
6438	1
6439	3
6440	1
6441	1
6442	1
6443	1
6444	1
6445	1
6446	1
6447	1
6448	1
6449	1
6450	1
6451	1
6452	1
6453	1
6454	1
6455	1
6456	1
6457	1
6458	1
6459	1
6460	1
6461	1
6462	1
6463	1
6464	1
6465	1
6466	1
6467	1
6468	1
6469	1
6470	1
6471	3
6472	1
6473	2
6474	2
6475	1
6476	1
6477	1
6478	1
6479	1
6480	1
6481	1
6482	1
6483	1
6484	1
6485	1
6486	1
6487	1
6488	1
6489	1
6490	1
6491	1
6492	2
6493	1
6494	2
6495	1
6496	2
6497	1
6498	2
6499	2
6500	2
6501	1
6502	2
6503	2
6504	2
6505	1
6506	2
6507	1
6508	1
6509	1
6510	1
6511	1
6512	1
6513	2
6514	1
6515	1
6516	1
6517	2
6518	1
6519	2
6520	1
6521	2
6522	2
6523	2
6524	1
6525	2
6526	2
6527	2
6528	2
6529	2
6530	2
6531	2
6532	2
6533	2
6534	1
6535	1
6536	1
6537	1
6538	1
6539	1
6540	1
6541	1
6542	1
6543	1
6544	1
6545	1
6546	2
6547	1
6548	2
6549	1
6550	2
6551	1
6552	2
6553	1
6554	1
6555	1
6556	1
6557	2
6558	1
6559	1
6560	1
6561	2
6562	1
6563	2
6564	1
6565	2
6566	1
6567	2
6568	1
6569	2
6570	1
6571	2
6572	1
6573	2
6574	1
6575	2
6576	1
6577	2
6578	1
6579	1
6580	1
6581	2
6582	2
6583	2
6584	2
6585	2
6586	2
6587	2
6588	2
6589	2
6590	2
6591	2
6592	2
6593	2
6594	2
6595	2
6596	2
6597	2
6598	2
6599	2
6600	2
6601	2
6602	2
6603	2
6604	2
6605	2
6606	2
6607	2
6608	1
6609	1
6610	1
6611	1
6612	1
6613	1
6614	1
6615	1
6616	1
6617	1
6618	1
6619	2
6620	1
6621	2
6622	1
6623	1
6624	1
6625	1
6626	1
6627	1
6628	1
6629	1
6630	1
6631	1
6632	1
6633	1
6634	1
6635	1
6636	1
6637	1
6638	1
6639	1
6640	1
6641	1
6642	1
6643	1
6644	1
6645	1
6646	1
6647	1
6648	1
6649	1
6650	1
6651	1
6652	1
6653	1
6654	2
6655	2
6656	2
6657	2
6658	1
6659	2
6660	1
6661	1
6662	1
6663	1
6664	1
6665	1
6666	1
6667	1
6668	1
6669	1
6670	1
6671	1
6672	1
6673	1
6674	1
6675	1
6676	1
6677	1
6678	1
6679	1
6680	1
6681	1
6682	1
6683	1
6684	1
6685	1
6686	1
6687	1
6688	1
6689	1
6690	1
6691	1
6692	1
6693	1
6694	1
6695	1
6696	1
6697	2
6698	2
6699	1
6700	2
6701	1
6702	1
6703	1
6704	1
6705	1
6706	1
6707	1
6708	1
6709	1
6710	1
6711	1
6712	1
6713	1
6714	1
6715	1
6716	1
6717	1
6718	1
6719	1
6720	1
6721	1
6722	1
6723	1
6724	1
6725	1
6726	1
6727	1
6728	1
6729	1
6730	1
6731	1
6732	2
6733	1
6734	2
6735	2
6736	2
6737	3
6738	1
6739	1
6740	1
6741	1
6742	1
6743	1
6744	1
6745	1
6746	1
6747	1
6748	1
6749	1
6750	1
6751	1
6752	1
6753	1
6754	1
6755	1
6756	1
6757	1
6758	1
6759	1
6760	1
6761	1
6762	1
6763	1
6764	1
6765	3
6766	1
6767	2
6768	2
6769	2
6770	1
6771	1
6772	1
6773	1
6774	1
6775	1
6776	1
6777	1
6778	2
6779	1
6780	1
6781	1
6782	2
6783	1
6784	2
6785	1
6786	2
6787	1
6788	2
6789	2
6790	2
6791	1
6792	2
6793	2
6794	2
6795	1
6796	2
6797	2
6798	2
6799	1
6800	2
6801	2
6802	1
6803	2
6804	1
6805	3
6806	2
6807	2
6808	2
6809	2
6810	2
6811	2
6812	3
6813	2
6814	2
6815	2
6816	2
6817	2
6818	2
6819	2
6820	2
6821	2
6822	2
6823	2
6824	2
6825	1
6826	1
6827	1
6828	1
6829	1
6830	1
6831	1
6832	1
6833	1
6834	2
6835	1
6836	2
6837	1
6838	3
6839	2
6840	2
6841	2
6842	2
6843	3
6844	2
6845	2
6846	1
6847	1
6848	1
6849	1
6850	1
6851	1
6852	1
6853	1
6854	1
6855	1
6856	1
6857	1
6858	1
6859	2
6860	1
6861	2
6862	1
6863	2
6864	1
6865	2
6866	1
6867	2
6868	1
6869	2
6870	1
6871	2
6872	2
6873	1
6874	2
6875	1
6876	2
6877	1
6878	2
6879	1
6880	2
6881	2
6882	2
6883	1
6884	2
6885	2
6886	2
6887	1
6888	2
6889	2
6890	2
6891	1
6892	2
6893	2
6894	2
6895	2
6896	2
6897	2
6898	2
6899	2
6900	1
6901	1
6902	1
6903	1
6904	1
6905	1
6906	1
6907	1
6908	1
6909	1
6910	1
6911	1
6912	1
6913	2
6914	1
6915	2
6916	1
6917	2
6918	2
6919	1
6920	1
6921	1
6922	1
6923	1
6924	1
6925	1
6926	1
6927	1
6928	1
6929	1
6930	1
6931	1
6932	1
6933	1
6934	1
6935	1
6936	1
6937	1
6938	1
6939	1
6940	1
6941	1
6942	1
6943	1
6944	1
6945	1
6946	1
6947	1
6948	1
6949	1
6950	3
6951	1
6952	2
6953	1
6954	1
6955	1
6956	1
6957	1
6958	1
6959	1
6960	1
6961	1
6962	1
6963	1
6964	1
6965	1
6966	1
6967	1
6968	1
6969	1
6970	1
6971	1
6972	1
6973	1
6974	1
6975	1
6976	1
6977	1
6978	1
6979	1
6980	1
6981	1
6982	1
6983	1
6984	1
6985	1
6986	1
6987	1
6988	1
6989	2
6990	2
6991	2
6992	1
6993	1
6994	2
6995	1
6996	1
6997	1
6998	1
6999	1
7000	1
7001	1
7002	1
7003	1
7004	1
7005	1
7006	1
7007	1
7008	1
7009	1
7010	1
7011	1
7012	1
7013	1
7014	1
7015	1
7016	1
7017	1
7018	1
7019	1
7020	1
7021	1
7022	1
7023	1
7024	1
7025	1
7026	2
7027	1
7028	1
7029	2
7030	2
7031	1
7032	2
7033	2
7034	1
7035	1
7036	1
7037	1
7038	1
7039	1
7040	1
7041	1
7042	1
7043	1
7044	1
7045	1
7046	1
7047	1
7048	1
7049	1
7050	1
7051	2
7052	1
7053	1
7054	1
7055	2
7056	2
7057	1
7058	1
7059	2
7060	2
7061	3
7062	1
7063	2
7064	2
7065	1
7066	1
7067	1
7068	1
7069	1
7070	1
7071	1
7072	1
7073	1
7074	2
7075	1
7076	1
7077	1
7078	2
7079	1
7080	2
7081	2
7082	2
7083	2
7084	2
7085	2
7086	2
7087	2
7088	2
7089	2
7090	1
7091	1
7092	1
7093	1
7094	1
7095	1
7096	1
7097	1
7098	1
7099	1
7100	1
7101	1
7102	1
7103	2
7104	1
7105	1
7106	1
7107	2
7108	1
7109	2
7110	1
7111	2
7112	1
7113	2
7114	1
7115	2
7116	1
7117	1
7118	2
7119	1
7120	3
7121	1
7122	2
7123	1
7124	2
7125	1
7126	2
7127	1
7128	2
7129	1
7130	2
7131	1
7132	2
7133	1
7134	2
7135	1
7136	2
7137	1
7138	2
7139	1
7140	2
7141	1
7142	1
7143	1
7144	1
7145	2
7146	2
7147	2
7148	2
7149	2
7150	2
7151	2
7152	2
7153	2
7154	2
7155	2
7156	2
7157	2
7158	2
7159	2
7160	2
7161	2
7162	2
7163	1
7164	1
7165	1
7166	1
7167	1
7168	2
7169	1
7170	2
7171	1
7172	2
7173	1
7174	2
7175	1
7176	2
7177	2
7178	2
7179	3
7180	2
7181	2
7182	2
7183	1
7184	1
7185	1
7186	1
7187	1
7188	1
7189	2
7190	1
7191	2
7192	1
7193	3
7194	1
7195	2
7196	1
7197	2
7198	1
7199	2
7200	1
7201	2
7202	2
7203	2
7204	2
7205	2
7206	2
7207	2
7208	2
7209	1
7210	1
7211	1
7212	1
7213	1
7214	1
7215	1
7216	1
7217	1
7218	1
7219	1
7220	1
7221	1
7222	1
7223	1
7224	2
7225	1
7226	2
7227	3
7228	2
7229	2
7230	2
7231	2
7232	1
7233	1
7234	1
7235	1
7236	1
7237	1
7238	1
7239	1
7240	1
7241	1
7242	1
7243	1
7244	1
7245	1
7246	1
7247	1
7248	1
7249	1
7250	1
7251	1
7252	1
7253	1
7254	1
7255	1
7256	1
7257	3
7258	1
7259	2
7260	2
7261	2
7262	2
7263	2
7264	2
7265	1
7266	1
7267	1
7268	1
7269	1
7270	1
7271	1
7272	1
7273	1
7274	1
7275	1
7276	1
7277	1
7278	1
7279	1
7280	1
7281	1
7282	1
7283	1
7284	1
7285	1
7286	2
7287	1
7288	2
7289	2
7290	2
7291	2
7292	2
7293	2
7294	1
7295	1
7296	1
7297	1
7298	1
7299	1
7300	1
7301	1
7302	1
7303	1
7304	1
7305	1
7306	1
7307	1
7308	1
7309	1
7310	1
7311	1
7312	1
7313	1
7314	1
7315	1
7316	1
7317	1
7318	1
7319	2
7320	1
7321	2
7322	1
7323	2
7324	1
7325	1
7326	2
7327	1
7328	2
7329	1
7330	1
7331	1
7332	1
7333	1
7334	1
7335	1
7336	1
7337	1
7338	1
7339	1
7340	1
7341	1
7342	1
7343	1
7344	2
7345	1
7346	1
7347	1
7348	2
7349	1
7350	1
7351	1
7352	1
7353	1
7354	1
7355	1
7356	2
7357	1
7358	2
7359	2
7360	1
7361	2
7362	1
7363	2
7364	1
7365	2
7366	1
7367	2
7368	1
7369	1
7370	1
7371	1
7372	1
7373	1
7374	1
7375	1
7376	1
7377	1
7378	1
7379	1
7380	1
7381	1
7382	1
7383	1
7384	1
7385	2
7386	1
7387	2
7388	1
7389	2
7390	1
7391	2
7392	1
7393	2
7394	2
7395	2
7396	1
7397	2
7398	2
7399	2
7400	3
7401	1
7402	2
7403	2
7404	2
7405	1
7406	2
7407	2
7408	2
7409	1
7410	2
7411	2
7412	2
7413	1
7414	2
7415	1
7416	2
7417	1
7418	2
7419	1
7420	1
7421	1
7422	2
7423	1
7424	1
7425	1
7426	2
7427	1
7428	2
7429	2
7430	1
7431	2
7432	2
7433	2
7434	1
7435	1
7436	2
7437	2
7438	1
7439	2
7440	2
7441	2
7442	1
7443	2
7444	2
7445	2
7446	1
7447	1
7448	1
7449	1
7450	1
7451	1
7452	1
7453	1
7454	1
7455	1
7456	1
7457	1
7458	2
7459	1
7460	2
7461	2
7462	2
7463	1
7464	2
7465	2
7466	2
7467	1
7468	1
7469	1
7470	1
7471	1
7472	1
7473	1
7474	1
7475	2
7476	1
7477	2
7478	1
7479	2
7480	2
7481	2
7482	2
7483	2
7484	2
7485	2
7486	2
7487	2
7488	2
7489	2
7490	3
7491	2
7492	1
7493	2
7494	1
7495	1
7496	3
7497	2
7498	2
7499	1
7500	2
7501	2
7502	2
7503	2
7504	2
7505	2
7506	2
7507	2
7508	2
7509	2
7510	2
7511	1
7512	2
7513	1
7514	2
7515	1
7516	2
7517	1
7518	1
7519	2
7520	2
7521	2
7522	2
7523	2
7524	2
7525	2
7526	2
7527	2
7528	2
7529	2
7530	2
7531	2
7532	2
7533	2
7534	2
7535	2
7536	2
7537	2
7538	2
7539	1
7540	1
7541	1
7542	1
7543	1
7544	1
7545	1
7546	1
7547	1
7548	1
7549	1
7550	1
7551	1
7552	1
7553	1
7554	1
7555	1
7556	2
7557	1
7558	1
7559	1
7560	1
7561	1
7562	1
7563	1
7564	1
7565	1
7566	1
7567	1
7568	1
7569	1
7570	1
7571	1
7572	1
7573	1
7574	1
7575	1
7576	1
7577	1
7578	1
7579	1
7580	1
7581	1
7582	1
7583	1
7584	1
7585	1
7586	1
7587	1
7588	1
7589	1
7590	1
7591	1
7592	1
7593	1
7594	3
7595	1
7596	2
7597	1
7598	1
7599	1
7600	1
7601	1
7602	1
7603	1
7604	1
7605	1
7606	1
7607	1
7608	1
7609	1
7610	1
7611	1
7612	1
7613	1
7614	1
7615	1
7616	1
7617	1
7618	1
7619	1
7620	1
7621	1
7622	2
7623	1
7624	3
7625	1
7626	2
7627	1
7628	2
7629	2
7630	1
7631	2
7632	1
7633	2
7634	1
7635	2
7636	1
7637	2
7638	1
7639	2
7640	1
7641	2
7642	1
7643	2
7644	2
7645	2
7646	2
7647	2
7648	2
7649	2
7650	3
7651	2
7652	2
7653	2
7654	2
7655	2
7656	2
7657	2
7658	2
7659	1
7660	2
7661	2
7662	2
7663	2
7664	2
7665	2
7666	2
7667	2
7668	2
7669	2
7670	2
7671	2
7672	2
7673	2
7674	2
7675	2
7676	2
7677	2
7678	2
7679	2
7680	2
7681	2
7682	2
7683	1
7684	1
7685	1
7686	1
7687	1
7688	1
7689	1
7690	1
7691	2
7692	2
7693	3
7694	2
7695	2
7696	2
7697	2
7698	2
7699	2
7700	2
7701	2
7702	2
7703	2
7704	1
7705	1
7706	1
7707	1
7708	1
7709	1
7710	1
7711	1
7712	1
7713	1
7714	1
7715	1
7716	1
7717	1
7718	1
7719	1
7720	1
7721	1
7722	1
7723	1
7724	1
7725	1
7726	3
7727	2
7728	2
7729	2
7730	1
7731	1
7732	1
7733	1
7734	1
7735	1
7736	1
7737	1
7738	1
7739	1
7740	1
7741	1
7742	1
7743	1
7744	1
7745	1
7746	1
7747	1
7748	1
7749	1
7750	1
7751	1
7752	1
7753	1
7754	1
7755	1
7756	1
7757	2
7758	1
7759	2
7760	1
7761	2
7762	1
7763	1
7764	1
7765	1
7766	1
7767	1
7768	1
7769	1
7770	1
7771	1
7772	1
7773	1
7774	1
7775	1
7776	1
7777	1
7778	1
7779	1
7780	1
7781	1
7782	1
7783	1
7784	1
7785	1
7786	1
7787	1
7788	1
7789	1
7790	2
7791	1
7792	1
7793	1
7794	1
7795	2
7796	3
7797	2
7798	1
7799	2
7800	1
7801	1
7802	1
7803	2
7804	1
7805	1
7806	1
7807	1
7808	1
7809	1
7810	1
7811	1
7812	1
7813	1
7814	1
7815	1
7816	1
7817	1
7818	1
7819	2
7820	1
7821	1
7822	1
7823	2
7824	2
7825	1
7826	1
7827	2
7828	2
7829	1
7830	1
7831	2
7832	2
7833	2
7834	2
7835	1
7836	2
7837	2
7838	2
7839	2
7840	2
7841	2
7842	2
7843	2
7844	2
7845	2
7846	2
7847	2
7848	2
7849	2
7850	2
7851	1
7852	2
7853	1
7854	2
7855	1
7856	1
7857	1
7858	1
7859	1
7860	1
7861	1
7862	2
7863	2
7864	2
7865	2
7866	2
7867	2
7868	2
7869	2
7870	2
7871	2
7872	1
7873	2
7874	1
7875	2
7876	1
7877	1
7878	2
7879	1
7880	2
7881	1
7882	2
7883	1
7884	2
7885	1
7886	2
7887	1
7888	2
7889	1
7890	1
7891	1
7892	2
7893	1
7894	1
7895	1
7896	2
7897	1
7898	1
7899	2
7900	1
7901	1
7902	1
7903	1
7904	1
7905	1
7906	1
7907	1
7908	1
7909	1
7910	1
7911	1
7912	1
7913	1
7914	1
7915	2
7916	1
7917	2
7918	2
7919	2
7920	1
7921	1
7922	1
7923	1
7924	2
7925	1
7926	1
7927	1
7928	2
7929	1
7930	3
7931	1
7932	2
7933	1
7934	2
7935	3
7936	2
7937	2
7938	2
7939	2
7940	2
7941	2
7942	2
7943	2
7944	2
7945	3
7946	2
7947	2
7948	2
7949	1
7950	2
7951	1
7952	2
7953	1
7954	1
7955	1
7956	1
7957	2
7958	2
7959	2
7960	2
7961	2
7962	2
7963	2
7964	2
7965	2
7966	2
7967	2
7968	2
7969	2
7970	2
7971	2
7972	2
7973	2
7974	2
7975	1
7976	1
7977	1
7978	1
7979	1
7980	1
7981	1
7982	1
7983	1
7984	1
7985	1
7986	1
7987	1
7988	1
7989	1
7990	1
7991	1
7992	1
7993	1
7994	2
7995	2
7996	1
7997	2
7998	1
7999	2
8000	1
8001	2
8002	1
8003	1
8004	1
8005	1
8006	1
8007	1
8008	1
8009	1
8010	1
8011	1
8012	1
8013	1
8014	1
8015	1
8016	1
8017	1
8018	1
8019	1
8020	1
8021	1
8022	1
8023	2
8024	1
8025	2
8026	1
8027	2
8028	2
8029	2
8030	1
8031	2
8032	1
8033	2
8034	1
8035	1
8036	1
8037	1
8038	1
8039	1
8040	1
8041	1
8042	1
8043	2
8044	1
8045	1
8046	2
8047	1
8048	1
8049	1
8050	1
8051	1
8052	1
8053	1
8054	1
8055	1
8056	1
8057	1
8058	1
8059	1
8060	1
8061	1
8062	1
8063	1
8064	1
8065	1
8066	2
8067	1
8068	2
8069	1
8070	2
8071	1
8072	2
8073	1
8074	2
8075	1
8076	2
8077	1
8078	1
8079	2
8080	1
8081	2
8082	2
8083	2
8084	2
8085	2
8086	2
8087	2
8088	2
8089	2
8090	2
8091	2
8092	2
8093	2
8094	2
8095	2
8096	2
8097	2
8098	2
8099	2
8100	1
8101	1
8102	1
8103	1
8104	1
8105	1
8106	1
8107	2
8108	2
8109	2
8110	2
8111	2
8112	2
8113	2
8114	2
8115	2
8116	2
8117	2
8118	2
8119	2
8120	2
8121	2
8122	2
8123	2
8124	2
8125	2
8126	2
8127	2
8128	1
8129	1
8130	1
8131	1
8132	1
8133	1
8134	1
8135	1
8136	1
8137	2
8138	2
8139	2
8140	2
8141	2
8142	2
8143	2
8144	2
8145	2
8146	2
8147	2
8148	1
8149	1
8150	1
8151	1
8152	1
8153	1
8154	1
8155	1
8156	1
8157	1
8158	1
8159	1
8160	1
8161	1
8162	1
8163	1
8164	1
8165	1
8166	1
8167	1
8168	2
8169	2
8170	2
8171	2
8172	2
8173	2
8174	2
8175	2
8176	2
8177	1
8178	1
8179	1
8180	1
8181	1
8182	1
8183	1
8184	1
8185	1
8186	1
8187	1
8188	1
8189	1
8190	1
8191	1
8192	1
8193	1
8194	1
8195	1
8196	1
8197	2
8198	2
8199	3
8200	2
8201	2
8202	3
8203	2
8204	2
8205	2
8206	1
8207	1
8208	1
8209	1
8210	1
8211	1
8212	1
8213	1
8214	1
8215	1
8216	1
8217	1
8218	1
8219	1
8220	1
8221	1
8222	1
8223	1
8224	1
8225	1
8226	2
8227	1
8228	2
8229	1
8230	2
8231	1
8232	2
8233	3
8234	1
8235	2
8236	1
8237	2
8238	1
8239	2
8240	1
8241	2
8242	1
8243	2
8244	1
8245	2
8246	1
8247	2
8248	1
8249	2
8250	1
8251	2
8252	1
8253	2
8254	1
8255	2
8256	1
8257	2
8258	1
8259	2
8260	1
8261	2
8262	1
8263	1
8264	2
8265	1
8266	2
8267	1
8268	2
8269	1
8270	2
8271	1
8272	2
8273	1
8274	2
8275	1
8276	2
8277	1
8278	2
8279	1
8280	2
8281	1
8282	2
8283	1
8284	2
8285	1
8286	2
8287	1
8288	2
8289	1
8290	1
8291	1
8292	1
8293	2
8294	1
8295	2
8296	1
8297	2
8298	1
8299	2
8300	1
8301	1
8302	1
8303	1
8304	3
8305	1
8306	3
8307	1
8308	2
8309	1
8310	2
8311	1
8312	2
8313	1
8314	2
8315	1
8316	2
8317	1
8318	2
8319	1
8320	2
8321	1
8322	1
8323	1
8324	2
8325	1
8326	2
8327	1
8328	2
8329	1
8330	2
8331	1
8332	2
8333	1
8334	2
8335	1
8336	2
8337	1
8338	2
8339	1
8340	1
8341	2
8342	1
8343	2
8344	1
8345	1
8346	1
8347	1
8348	1
8349	1
8350	1
8351	1
8352	1
8353	1
8354	1
8355	2
8356	1
8357	2
8358	1
8359	2
8360	1
8361	2
8362	2
8363	2
8364	3
8365	2
8366	2
8367	1
8368	2
8369	1
8370	1
8371	1
8372	1
8373	1
8374	1
8375	1
8376	1
8377	1
8378	1
8379	1
8380	1
8381	1
8382	1
8383	1
8384	1
8385	1
8386	2
8387	1
8388	2
8389	1
8390	2
8391	1
8392	2
8393	1
8394	2
8395	2
8396	2
8397	1
8398	1
8399	1
8400	1
8401	1
8402	1
8403	1
8404	1
8405	1
8406	1
8407	1
8408	1
8409	1
8410	1
8411	1
8412	1
8413	1
8414	1
8415	1
8416	2
8417	2
8418	1
8419	2
8420	2
8421	2
8422	1
8423	1
8424	1
8425	1
8426	1
8427	1
8428	1
8429	1
8430	1
8431	1
8432	1
8433	1
8434	1
8435	1
8436	1
8437	1
8438	2
8439	1
8440	1
8441	1
8442	2
8443	1
8444	1
8445	2
8446	2
8447	1
8448	2
8449	2
8450	1
8451	2
8452	1
8453	1
8454	1
8455	2
8456	1
8457	1
8458	1
8459	2
8460	1
8461	1
8462	1
8463	2
8464	1
8465	2
8466	1
8467	2
8468	2
8469	2
8470	1
8471	2
8472	2
8473	1
8474	1
8475	2
8476	2
8477	1
8478	1
8479	1
8480	1
8481	2
8482	2
8483	1
8484	1
8485	1
8486	2
8487	1
8488	1
8489	1
8490	2
8491	1
8492	1
8493	1
8494	2
8495	1
8496	1
8497	2
8498	2
8499	1
8500	1
8501	1
8502	1
8503	1
8504	1
8505	1
8506	1
8507	1
8508	1
8509	1
8510	1
8511	1
8512	1
8513	1
8514	1
8515	1
8516	1
8517	1
8518	1
8519	1
8520	1
8521	1
8522	1
8523	2
8524	1
8525	1
8526	1
8527	2
8528	1
8529	1
8530	1
8531	3
8532	1
8533	2
8534	1
8535	2
8536	2
8537	2
8538	1
8539	1
8540	2
8541	1
8542	1
8543	1
8544	1
8545	1
8546	1
8547	1
8548	2
8549	1
8550	1
8551	1
8552	2
8553	2
8554	1
8555	1
8556	2
8557	2
8558	1
8559	2
8560	2
8561	2
8562	1
8563	2
8564	2
8565	2
8566	1
8567	1
8568	1
8569	2
8570	2
8571	2
8572	3
8573	2
8574	2
8575	2
8576	2
8577	2
8578	2
8579	2
8580	2
8581	2
8582	2
8583	2
8584	2
8585	2
8586	2
8587	2
8588	1
8589	1
8590	1
8591	1
8592	1
8593	1
8594	1
8595	1
8596	1
8597	1
8598	1
8599	1
8600	1
8601	1
8602	1
8603	1
8604	2
8605	1
8606	2
8607	2
8608	2
8609	2
8610	2
8611	2
8612	1
8613	1
8614	1
8615	1
8616	1
8617	1
8618	1
8619	1
8620	1
8621	1
8622	1
8623	1
8624	1
8625	2
8626	1
8627	2
8628	1
8629	2
8630	1
8631	2
8632	2
8633	2
8634	1
8635	2
8636	2
8637	2
8638	3
8639	2
8640	2
8641	1
8642	1
8643	1
8644	1
8645	1
8646	1
8647	1
8648	1
8649	1
8650	1
8651	1
8652	1
8653	1
8654	1
8655	1
8656	2
8657	1
8658	2
8659	1
8660	2
8661	2
8662	2
8663	2
8664	2
8665	2
8666	2
8667	2
8668	2
8669	2
8670	2
8671	2
8672	1
8673	1
8674	1
8675	1
8676	1
8677	1
8678	1
8679	1
8680	1
8681	1
8682	1
8683	2
8684	1
8685	3
8686	2
8687	2
8688	2
8689	2
8690	2
8691	2
8692	2
8693	2
8694	2
8695	2
8696	2
8697	2
8698	2
8699	1
8700	1
8701	1
8702	1
8703	1
8704	1
8705	1
8706	1
8707	1
8708	1
8709	1
8710	1
8711	1
8712	1
8713	1
8714	1
8715	1
8716	2
8717	1
8718	2
8719	2
8720	2
8721	2
8722	2
8723	2
8724	2
8725	1
8726	1
8727	1
8728	1
8729	1
8730	1
8731	1
8732	1
8733	1
8734	1
8735	1
8736	1
8737	1
8738	1
8739	1
8740	1
8741	1
8742	1
8743	1
8744	1
8745	2
8746	1
8747	3
8748	1
8749	2
8750	1
8751	2
8752	1
8753	1
8754	2
8755	1
8756	1
8757	1
8758	2
8759	1
8760	1
8761	1
8762	2
8763	1
8764	1
8765	1
8766	2
8767	1
8768	1
8769	1
8770	2
8771	1
8772	2
8773	1
8774	2
8775	1
8776	2
8777	2
8778	2
8779	2
8780	1
8781	1
8782	1
8783	2
8784	1
8785	1
8786	1
8787	2
8788	1
8789	2
8790	1
8791	2
8792	2
8793	2
8794	1
8795	2
8796	3
8797	2
8798	1
8799	2
8800	2
8801	2
8802	1
8803	2
8804	2
8805	2
8806	1
8807	2
8808	2
8809	2
8810	2
8811	2
8812	2
8813	1
8814	1
8815	1
8816	1
8817	1
8818	1
8819	1
8820	1
8821	1
8822	1
8823	1
8824	1
8825	1
8826	1
8827	1
8828	2
8829	2
8830	2
8831	1
8832	1
8833	1
8834	1
8835	1
8836	1
8837	1
8838	1
8839	1
8840	1
8841	1
8842	1
8843	1
8844	1
8845	1
8846	1
8847	1
8848	1
8849	1
8850	1
8851	2
8852	1
8853	1
8854	1
8855	2
8856	1
8857	1
8858	1
8859	1
8860	1
8861	1
8862	1
8863	1
8864	1
8865	2
8866	2
8867	2
8868	2
8869	2
8870	2
8871	2
8872	2
8873	2
8874	2
8875	2
8876	2
8877	2
8878	1
8879	2
8880	2
8881	1
8882	1
8883	2
8884	2
8885	1
8886	1
8887	2
8888	2
8889	1
8890	2
8891	2
8892	2
8893	1
8894	3
8895	1
8896	1
8897	2
8898	2
8899	2
8900	2
8901	1
8902	1
8903	1
8904	1
8905	1
8906	1
8907	1
8908	1
8909	1
8910	1
8911	1
8912	1
8913	1
8914	1
8915	1
8916	1
8917	1
8918	1
8919	1
8920	1
8921	1
8922	1
8923	1
8924	1
8925	1
8926	1
8927	1
8928	1
8929	1
8930	1
8931	1
8932	1
8933	1
8934	2
8935	2
8936	2
8937	2
8938	1
8939	1
8940	1
8941	1
8942	1
8943	1
8944	1
8945	1
8946	1
8947	1
8948	1
8949	1
8950	1
8951	1
8952	1
8953	1
8954	1
8955	1
8956	1
8957	1
8958	1
8959	1
8960	1
8961	1
8962	1
8963	1
8964	1
8965	1
8966	1
8967	1
8968	1
8969	1
8970	1
8971	2
8972	1
8973	2
8974	1
8975	2
8976	3
8977	1
8978	1
8979	1
8980	1
8981	1
8982	1
8983	1
8984	1
8985	1
8986	1
8987	1
8988	1
8989	1
8990	1
8991	1
8992	1
8993	1
8994	1
8995	1
8996	1
8997	1
8998	2
8999	1
9000	2
9001	1
9002	2
9003	1
9004	2
9005	2
9006	2
9007	2
9008	2
9009	2
9010	2
9011	2
9012	1
9013	1
9014	1
9015	1
9016	1
9017	1
9018	1
9019	1
9020	1
9021	2
9022	1
9023	2
9024	1
9025	2
9026	2
9027	2
9028	1
9029	2
9030	2
9031	2
9032	1
9033	2
9034	2
9035	2
9036	1
9037	2
9038	2
9039	2
9040	1
9041	1
9042	1
9043	1
9044	1
9045	1
9046	1
9047	1
9048	1
9049	1
9050	1
9051	1
9052	1
9053	1
9054	1
9055	1
9056	2
9057	1
9058	3
9059	1
9060	2
9061	1
9062	2
9063	2
9064	1
9065	2
9066	1
9067	1
9068	1
9069	1
9070	1
9071	1
9072	1
9073	1
9074	1
9075	1
9076	1
9077	1
9078	1
9079	1
9080	1
9081	1
9082	1
9083	1
9084	1
9085	1
9086	1
9087	1
9088	1
9089	1
9090	1
9091	1
9092	1
9093	1
9094	2
9095	2
9096	2
9097	1
9098	2
9099	2
9100	1
9101	1
9102	2
9103	1
9104	2
9105	1
9106	2
9107	1
9108	2
9109	1
9110	2
9111	2
9112	1
9113	2
9114	2
9115	2
9116	1
9117	2
9118	2
9119	2
9120	1
9121	1
9122	2
9123	1
9124	1
9125	1
9126	1
9127	1
9128	1
9129	2
9130	2
9131	2
9132	2
9133	2
9134	2
9135	2
9136	2
9137	2
9138	2
9139	2
9140	2
9141	2
9142	2
9143	2
9144	2
9145	2
9146	2
9147	2
9148	2
9149	2
9150	3
9151	1
9152	1
9153	1
9154	2
9155	1
9156	3
9157	2
9158	2
9159	2
9160	2
9161	2
9162	2
9163	2
9164	2
9165	2
9166	2
9167	1
9168	1
9169	1
9170	1
9171	1
9172	1
9173	1
9174	1
9175	1
9176	1
9177	1
9178	1
9179	1
9180	1
9181	1
9182	1
9183	1
9184	1
9185	1
9186	1
9187	2
9188	1
9189	2
9190	1
9191	2
9192	1
9193	1
9194	1
9195	1
9196	1
9197	1
9198	1
9199	1
9200	1
9201	1
9202	1
9203	1
9204	2
9205	1
9206	1
9207	1
9208	2
9209	1
9210	1
9211	1
9212	3
9213	1
9214	1
9215	1
9216	2
9217	1
9218	1
9219	1
9220	2
9221	1
9222	1
9223	1
9224	1
9225	1
9226	2
9227	2
9228	1
9229	2
9230	1
9231	2
9232	1
9233	2
9234	1
9235	1
9236	1
9237	1
9238	1
9239	1
9240	1
9241	1
9242	1
9243	1
9244	1
9245	1
9246	1
9247	1
9248	1
9249	1
9250	1
9251	1
9252	1
9253	1
9254	1
9255	1
9256	1
9257	2
9258	1
9259	2
9260	1
9261	2
9262	2
9263	2
9264	2
9265	2
9266	2
9267	2
9268	2
9269	2
9270	2
9271	2
9272	2
9273	1
9274	1
9275	1
9276	1
9277	1
9278	1
9279	1
9280	1
9281	1
9282	1
9283	1
9284	1
9285	1
9286	1
9287	1
9288	1
9289	1
9290	2
9291	1
9292	2
9293	1
9294	2
9295	2
9296	2
9297	2
9298	1
9299	1
9300	1
9301	1
9302	1
9303	1
9304	1
9305	1
9306	1
9307	1
9308	1
9309	1
9310	1
9311	1
9312	1
9313	1
9314	1
9315	1
9316	1
9317	1
9318	1
9319	1
9320	1
9321	1
9322	1
9323	1
9324	1
9325	1
9326	1
9327	2
9328	1
9329	1
9330	2
9331	1
9332	1
9333	1
9334	1
9335	1
9336	1
9337	1
9338	1
9339	1
9340	1
9341	1
9342	1
9343	1
9344	1
9345	1
9346	1
9347	1
9348	1
9349	1
9350	1
9351	1
9352	1
9353	1
9354	1
9355	1
9356	1
9357	1
9358	2
9359	1
9360	1
9361	2
9362	2
9363	1
9364	2
9365	1
9366	1
9367	2
9368	1
9369	1
9370	1
9371	1
9372	1
9373	1
9374	1
9375	1
9376	1
9377	1
9378	1
9379	2
9380	1
9381	1
9382	1
9383	2
9384	2
9385	1
9386	1
9387	2
9388	2
9389	2
9390	1
9391	2
9392	2
9393	2
9394	1
9395	2
9396	2
9397	2
9398	3
9399	1
9400	1
9401	1
9402	2
9403	1
9404	2
9405	2
9406	2
9407	1
9408	3
9409	2
9410	2
9411	1
9412	2
9413	2
9414	2
9415	1
9416	2
9417	2
9418	2
9419	1
9420	1
9421	1
9422	1
9423	2
9424	1
9425	2
9426	2
9427	2
9428	1
9429	2
9430	2
9431	2
9432	1
9433	2
9434	2
9435	2
9436	1
9437	2
9438	2
9439	2
9440	1
9441	2
9442	2
9443	2
9444	2
9445	1
9446	2
9447	2
9448	2
9449	2
9450	3
9451	2
9452	2
9453	2
9454	2
9455	2
9456	2
9457	1
9458	2
9459	2
9460	2
9461	1
9462	2
9463	2
9464	2
9465	2
9466	2
9467	2
9468	1
9469	1
9470	1
9471	1
9472	1
9473	1
9474	1
9475	1
9476	1
9477	1
9478	1
9479	1
9480	1
9481	2
9482	1
9483	2
9484	2
9485	1
9486	1
9487	1
9488	1
9489	1
9490	1
9491	1
9492	1
9493	1
9494	1
9495	1
9496	1
9497	1
9498	1
9499	1
9500	1
9501	1
9502	1
9503	1
9504	1
9505	1
9506	2
9507	1
9508	1
9509	1
9510	2
9511	1
9512	1
9513	1
9514	2
9515	1
9516	1
9517	1
9518	1
9519	1
9520	2
9521	1
9522	1
9523	2
9524	2
9525	2
9526	1
9527	2
9528	1
9529	2
9530	1
9531	2
9532	1
9533	2
9534	1
9535	2
9536	1
9537	1
9538	1
9539	2
9540	1
9541	1
9542	1
9543	2
9544	1
9545	1
9546	1
9547	1
9548	1
9549	1
9550	1
9551	1
9552	1
9553	1
9554	1
9555	2
9556	1
9557	1
9558	1
9559	2
9560	1
9561	2
9562	1
9563	2
9564	1
9565	2
9566	1
9567	2
9568	1
9569	2
9570	1
9571	2
9572	2
9573	2
9574	1
9575	2
9576	2
9577	2
9578	2
9579	1
9580	2
9581	1
9582	1
9583	1
9584	1
9585	1
9586	1
9587	1
9588	1
9589	1
9590	1
9591	1
9592	2
9593	1
9594	2
9595	1
9596	2
9597	2
9598	2
9599	2
9600	2
9601	2
9602	2
9603	2
9604	1
9605	1
9606	1
9607	1
9608	1
9609	1
9610	1
9611	1
9612	1
9613	1
9614	1
9615	1
9616	1
9617	1
9618	1
9619	1
9620	1
9621	1
9622	1
9623	1
9624	1
9625	2
9626	1
9627	2
9628	2
9629	2
9630	2
9631	2
9632	1
9633	1
9634	1
9635	1
9636	1
9637	1
9638	1
9639	1
9640	1
9641	1
9642	1
9643	1
9644	1
9645	1
9646	1
9647	1
9648	1
9649	1
9650	1
9651	1
9652	2
9653	1
9654	2
9655	1
9656	2
9657	1
9658	2
9659	2
9660	2
9661	3
9662	2
9663	1
9664	1
9665	1
9666	1
9667	1
9668	1
9669	1
9670	1
9671	1
9672	1
9673	1
9674	1
9675	2
9676	1
9677	2
9678	1
9679	2
9680	1
9681	2
9682	1
9683	2
9684	1
9685	2
9686	1
9687	2
9688	1
9689	2
9690	1
9691	2
9692	2
9693	1
9694	2
9695	1
9696	2
9697	1
9698	2
9699	1
9700	1
9701	1
9702	2
9703	1
9704	1
9705	1
9706	2
9707	1
9708	2
9709	1
9710	2
9711	1
9712	4
9713	1
9714	2
9715	1
9716	2
9717	1
9718	1
9719	2
9720	1
9721	2
9722	1
9723	2
9724	1
9725	2
9726	1
9727	2
9728	1
9729	2
9730	1
9731	2
9732	1
9733	2
9734	1
9735	2
9736	1
9737	2
9738	1
9739	2
9740	1
9741	3
9742	1
9743	3
9744	1
9745	1
9746	1
9747	1
9748	1
9749	1
9750	1
9751	1
9752	1
9753	1
9754	1
9755	1
9756	1
9757	1
9758	1
9759	2
9760	1
9761	1
9762	1
9763	2
9764	1
9765	1
9766	1
9767	1
9768	1
9769	1
9770	1
9771	1
9772	1
9773	1
9774	1
9775	2
9776	1
9777	2
9778	2
9779	1
9780	2
9781	2
9782	1
9783	1
9784	2
9785	1
9786	1
9787	1
9788	2
9789	1
9790	1
9791	1
9792	2
9793	1
9794	1
9795	1
9796	2
9797	1
9798	1
9799	1
9800	2
9801	1
9802	1
9803	1
9804	2
9805	2
9806	1
9807	1
9808	1
9809	2
9810	1
9811	2
9812	1
9813	1
9814	1
9815	1
9816	1
9817	1
9818	1
9819	1
9820	1
9821	1
9822	1
9823	1
9824	1
9825	1
9826	1
9827	1
9828	1
9829	1
9830	2
9831	2
9832	2
9833	2
9834	2
9835	1
9836	1
9837	2
9838	1
9839	1
9840	1
9841	2
9842	1
9843	1
9844	1
9845	2
9846	1
9847	1
9848	1
9849	1
9850	1
9851	1
9852	1
9853	1
9854	1
9855	1
9856	1
9857	1
9858	1
9859	1
9860	1
9861	1
9862	1
9863	1
9864	1
9865	2
9866	1
9867	3
9868	1
9869	2
9870	1
9871	2
9872	1
9873	2
9874	2
9875	2
9876	1
9877	2
9878	2
9879	2
9880	1
9881	1
9882	2
9883	1
9884	2
9885	1
9886	2
9887	1
9888	1
9889	1
9890	2
9891	1
9892	2
9893	1
9894	2
9895	1
9896	1
9897	1
9898	2
9899	1
9900	2
9901	1
9902	2
9903	1
9904	2
9905	1
9906	2
9907	2
9908	2
9909	3
9910	2
9911	2
9912	1
9913	1
9914	1
9915	1
9916	1
9917	1
9918	1
9919	1
9920	1
9921	1
9922	1
9923	1
9924	1
9925	2
9926	1
9927	3
9928	2
9929	2
9930	2
9931	2
9932	2
9933	2
9934	2
9935	2
9936	2
9937	2
9938	2
9939	2
9940	2
9941	1
9942	1
9943	1
9944	1
9945	1
9946	1
9947	1
9948	1
9949	1
9950	1
9951	1
9952	1
9953	1
9954	2
9955	1
9956	2
9957	2
9958	2
9959	2
9960	2
9961	2
9962	2
9963	2
9964	2
9965	2
9966	2
9967	2
9968	1
9969	1
9970	1
9971	1
9972	1
9973	1
9974	1
9975	1
9976	1
9977	1
9978	1
9979	1
9980	1
9981	2
9982	1
9983	2
9984	1
9985	2
9986	2
9987	2
9988	2
9989	2
9990	2
9991	2
9992	2
9993	2
9994	1
9995	1
9996	1
9997	1
9998	1
9999	1
10000	1
