1	195
2	222
3	192
4	203
5	190
6	178
7	179
8	184
9	23
10	91
11	154
12	33
13	76
14	16
15	106
16	33
17	16
18	88
19	21
20	70
21	17
22	33
23	15
24	69
25	21
26	40
27	15
28	17
29	23
30	27
31	13
32	78
33	18
34	24
35	15
36	26
37	17
38	24
39	20
40	22
41	30
42	16
43	74
44	18
45	26
46	29
47	15
48	29
49	18
50	26
51	25
52	25
53	31
54	78
55	22
56	26
57	26
58	26
59	44
60	21
61	27
62	48
63	19
64	25
65	72
66	21
67	23
68	41
69	19
70	43
71	17
72	20
73	36
74	17
75	43
76	18
77	19
78	24
79	79
80	19
81	22
82	25
83	68
84	17
85	21
86	22
87	46
88	18
89	21
90	42
91	17
92	21
93	22
94	103
95	18
96	24
97	38
98	18
99	20
100	113
101	24
102	79
103	23
104	107
105	17
106	24
107	54
108	17
109	28
110	20
111	92
112	26
113	109
114	20
115	30
116	44
117	17
118	18
119	24
120	107
121	19
122	35
123	109
124	17
125	22
126	65
127	17
128	26
129	17
130	73
131	27
132	29
133	12
134	45
135	15
136	43
137	14
138	17
139	45
140	20
141	137
142	14
143	19
144	141
145	13
146	48
147	14
148	64
149	16
150	137
151	12
152	14
153	17
154	153
155	11
156	14
157	140
158	10
159	14
160	38
161	13
162	73
163	10
164	15
165	90
166	12
167	18
168	105
169	13
170	50
171	15
172	74
173	14
174	33
175	14
176	79
177	13
178	167
179	12
180	14
181	22
182	14
183	32
184	13
185	14
186	30
187	13
188	14
189	173
190	12
191	14
192	19
193	78
194	13
195	40
196	14
197	65
198	13
199	22
200	175
201	12
202	21
203	176
204	15
205	21
206	33
207	15
208	105
209	17
210	84
211	16
212	19
213	22
214	26
215	14
216	175
217	18
218	148
219	21
220	26
221	32
222	14
223	52
224	21
225	24
226	157
227	15
228	32
229	73
230	15
231	26
232	31
233	64
234	21
235	24
236	111
237	19
238	29
239	31
240	15
241	90
242	18
243	72
244	17
245	24
246	28
247	147
248	17
249	29
250	30
251	17
252	29
253	30
254	17
255	128
256	21
257	150
258	29
259	33
260	19
261	151
262	29
263	79
264	29
265	31
266	33
267	108
268	24
269	34
270	146
271	29
272	31
273	45
274	29
275	30
276	33
277	148
278	28
279	115
280	29
281	34
282	147
283	30
284	34
285	34
286	32
287	30
288	34
289	97
290	27
291	146
292	27
293	44
294	33
295	49
296	24
297	75
298	26
299	27
300	47
301	26
302	109
303	73
304	26
305	147
306	25
307	33
308	38
309	16
310	145
311	28
312	80
313	19
314	29
315	30
316	37
317	17
318	30
319	42
320	18
321	30
322	31
323	14
324	78
325	19
326	26
327	28
328	41
329	18
330	124
331	26
332	83
333	30
334	106
335	19
336	78
337	28
338	125
339	26
340	40
341	38
342	18
343	120
344	22
345	45
346	21
347	118
348	45
349	63
350	24
351	27
352	142
353	42
354	155
355	36
356	104
357	27
358	45
359	108
360	28
361	29
362	147
363	38
364	38
365	30
366	134
367	31
368	40
369	31
370	83
371	30
372	29
373	31
374	43
375	28
376	103
377	28
378	44
379	30
380	120
381	27
382	44
383	106
384	52
385	23
386	51
387	25
388	38
389	38
390	92
391	30
392	118
393	29
394	47
395	85
396	29
397	31
398	40
399	36
400	44
401	104
402	107
403	46
404	90
405	29
406	45
407	119
408	31
409	33
410	85
411	28
412	31
413	44
414	95
415	30
416	148
417	28
418	82
419	29
420	57
421	26
422	94
423	40
424	153
425	26
426	52
427	79
428	26
429	33
430	43
431	147
432	28
433	33
434	35
435	35
436	94
437	26
438	118
439	52
440	71
441	21
442	28
443	38
444	38
445	17
446	162
447	28
448	29
449	28
450	34
451	26
452	28
453	26
454	45
455	19
456	66
457	17
458	28
459	147
460	28
461	31
462	77
463	21
464	31
465	26
466	26
467	21
468	32
469	14
470	26
471	148
472	19
473	21
474	26
475	26
476	12
477	28
478	28
479	11
480	44
481	15
482	19
483	21
484	79
485	15
486	85
487	14
488	153
489	15
490	20
491	28
492	101
493	16
494	87
495	16
496	155
497	13
498	20
499	19
500	108
501	13
502	26
503	86
504	16
505	93
506	14
507	17
508	62
509	16
510	39
511	14
512	21
513	10
514	61
515	16
516	161
517	11
518	16
519	21
520	163
521	14
522	105
523	15
524	21
525	9
526	141
527	15
528	164
529	14
530	15
531	15
532	17
533	15
534	20
535	15
536	38
537	14
538	15
539	162
540	17
541	35
542	14
543	74
544	15
545	22
546	64
547	11
548	18
549	140
550	14
551	15
552	86
553	14
554	149
555	14
556	15
557	20
558	25
559	10
560	37
561	14
562	17
563	21
564	154
565	13
566	70
567	14
568	18
569	19
570	21
571	9
572	172
573	14
574	17
575	18
576	21
577	10
578	35
579	15
580	17
581	21
582	157
583	14
584	17
585	18
586	18
587	18
588	38
589	14
590	16
591	17
592	64
593	14
594	21
595	24
596	11
597	142
598	14
599	21
600	170
601	12
602	17
603	20
604	159
605	10
606	17
607	84
608	11
609	17
610	21
611	9
612	30
613	11
614	14
615	16
616	34
617	13
618	15
619	6
620	155
621	13
622	172
623	10
624	13
625	20
626	29
627	10
628	13
629	85
630	13
631	28
632	12
633	167
634	13
635	99
636	11
637	42
638	11
639	11
640	15
641	21
642	10
643	29
644	10
645	11
646	54
647	10
648	145
649	14
650	78
651	8
652	32
653	45
654	11
655	148
656	18
657	8
658	86
659	8
660	52
661	17
662	66
663	7
664	26
665	27
666	10
667	152
668	14
669	98
670	13
671	26
672	11
673	149
674	15
675	154
676	16
677	25
678	11
679	139
680	13
681	64
682	13
683	19
684	144
685	9
686	103
687	10
688	172
689	10
690	18
691	22
692	8
693	26
694	10
695	10
696	33
697	9
698	10
699	10
700	84
701	8
702	150
703	7
704	9
705	17
706	87
707	7
708	16
709	25
710	7
711	7
712	86
713	8
714	171
715	5
716	13
717	6
718	30
719	6
720	13
721	5
722	168
723	6
724	150
725	11
726	24
727	4
728	9
729	124
730	10
731	4
732	69
733	8
734	167
735	4
736	13
737	115
738	5
739	37
740	8
741	9
742	3
743	66
744	8
745	68
746	7
747	9
748	30
749	6
750	125
751	5
752	11
753	23
754	9
755	9
756	31
757	6
758	15
759	6
760	156
761	8
762	142
763	4
764	10
765	11
766	4
767	102
768	7
769	92
770	7
771	8
772	79
773	5
774	18
775	7
776	86
777	6
778	74
779	4
780	16
781	6
782	22
783	3
784	8
785	126
786	3
787	11
788	64
789	3
790	165
791	3
792	13
793	4
794	150
795	3
796	146
797	6
798	9
799	2
800	32
801	6
802	10
803	3
804	32
805	9
806	18
807	3
808	8
809	18
810	6
811	2
812	153
813	7
814	67
815	3
816	30
817	7
818	8
819	3
820	134
821	8
822	150
823	3
824	8
825	91
826	4
827	6
828	92
829	3
830	75
831	3
832	10
833	3
834	23
835	3
836	8
837	3
838	34
839	2
840	26
841	3
842	8
843	2
844	156
845	3
846	150
847	4
848	13
849	4
850	46
851	3
852	37
853	2
854	13
855	2
856	5
857	2
858	138
859	3
860	11
861	5
862	79
863	3
864	79
865	6
866	17
867	3
868	6
869	8
870	77
871	2
872	14
873	5
874	161
875	2
876	76
877	4
878	124
879	3
880	66
881	3
882	160
883	2
884	9
885	11
886	4
887	38
888	7
889	105
890	4
891	2
892	147
893	2
894	79
895	3
896	7
897	3
898	54
899	3
900	38
901	3
902	16
903	3
904	32
905	3
906	8
907	3
908	28
909	3
910	11
911	4
912	120
913	3
914	116
915	3
916	11
917	4
918	77
919	2
920	69
921	3
922	6
923	3
924	19
925	3
926	8
927	3
928	159
929	4
930	141
931	3
932	10
933	34
934	3
935	9
936	40
937	3
938	14
939	3
940	6
941	8
942	16
943	3
944	9
945	22
946	121
947	2
948	14
949	2
950	144
951	2
952	85
953	2
954	126
955	2
956	6
957	2
958	166
959	2
960	37
961	2
962	154
963	2
964	11
965	2
966	145
967	2
968	55
969	2
970	160
971	2
972	68
973	2
974	17
975	2
976	6
977	2
978	137
979	2
980	76
981	2
982	139
983	2
984	30
985	2
986	104
987	2
988	6
989	46
990	4
991	108
992	3
993	89
994	3
995	3
996	141
997	3
998	153
999	2
1000	4
1001	2
1002	137
1003	2
1004	23
1005	3
1006	8
1007	3
1008	133
1009	2
1010	135
1011	2
1012	9
1013	3
1014	17
1015	3
1016	7
1017	3
1018	117
1019	2
1020	148
1021	2
1022	83
1023	2
1024	4
1025	32
1026	3
1027	13
1028	3
1029	8
1030	3
1031	14
1032	2
1033	4
1034	30
1035	3
1036	26
1037	3
1038	140
1039	3
1040	89
1041	3
1042	138
1043	2
1044	31
1045	2
1046	138
1047	3
1048	60
1049	2
1050	131
1051	2
1052	66
1053	2
1054	121
1055	2
1056	57
1057	2
1058	23
1059	2
1060	18
1061	2
1062	8
1063	2
1064	132
1065	2
1066	143
1067	2
1068	6
1069	2
1070	168
1071	3
1072	6
1073	162
1074	4
1075	6
1076	29
1077	2
1078	18
1079	2
1080	138
1081	1
1082	141
1083	2
1084	4
1085	1
1086	14
1087	1
1088	6
1089	2
1090	25
1091	1
1092	11
1093	2
1094	3
1095	1
1096	23
1097	2
1098	20
1099	1
1100	19
1101	1
1102	6
1103	1
1104	7
1105	1
1106	11
1107	2
1108	4
1109	2
1110	164
1111	2
1112	163
1113	2
1114	8
1115	3
1116	35
1117	2
1118	14
1119	3
1120	4
1121	36
1122	17
1123	3
1124	13
1125	3
1126	5
1127	3
1128	25
1129	3
1130	19
1131	3
1132	5
1133	11
1134	4
1135	2
1136	104
1137	3
1138	141
1139	3
1140	5
1141	10
1142	3
1143	4
1144	52
1145	6
1146	49
1147	3
1148	68
1149	3
1150	5
1151	2
1152	84
1153	3
1154	14
1155	3
1156	77
1157	4
1158	17
1159	3
1160	35
1161	6
1162	79
1163	2
1164	10
1165	51
1166	2
1167	4
1168	23
1169	11
1170	63
1171	2
1172	42
1173	2
1174	72
1175	2
1176	9
1177	2
1178	75
1179	2
1180	58
1181	5
1182	68
1183	2
1184	9
1185	62
1186	4
1187	15
1188	23
1189	2
1190	9
1191	4
1192	69
1193	2
1194	44
1195	3
1196	59
1197	2
1198	28
1199	5
1200	50
1201	6
1202	31
1203	2
1204	6
1205	6
1206	35
1207	2
1208	14
1209	4
1210	4
1211	2
1212	25
1213	4
1214	16
1215	2
1216	6
1217	24
1218	7
1219	7
1220	11
1221	2
1222	26
1223	3
1224	7
1225	9
1226	19
1227	3
1228	23
1229	5
1230	14
1231	2
1232	6
1233	6
1234	7
1235	1
1236	8
1237	2
1238	9
1239	1
1240	7
1241	2
1242	7
1243	2
1244	7
1245	7
1246	3
1247	5
1248	7
1249	3
1250	141
1251	5
1252	146
1253	6
1254	7
1255	25
1256	6
1257	63
1258	5
1259	5
1260	37
1261	28
1262	4
1263	31
1264	9
1265	19
1266	5
1267	5
1268	7
1269	100
1270	3
1271	62
1272	5
1273	7
1274	7
1275	12
1276	4
1277	166
1278	6
1279	140
1280	6
1281	14
1282	47
1283	7
1284	43
1285	6
1286	9
1287	118
1288	5
1289	10
1290	72
1291	6
1292	154
1293	6
1294	10
1295	121
1296	6
1297	11
1298	26
1299	7
1300	11
1301	5
1302	12
1303	5
1304	7
1305	7
1306	9
1307	3
1308	143
1309	9
1310	160
1311	6
1312	9
1313	11
1314	29
1315	8
1316	19
1317	5
1318	7
1319	9
1320	12
1321	5
1322	10
1323	7
1324	12
1325	5
1326	10
1327	5
1328	10
1329	4
1330	9
1331	4
1332	9
1333	4
1334	8
1335	6
1336	7
1337	7
1338	7
1339	7
1340	7
1341	7
1342	7
1343	10
1344	5
1345	7
1346	7
1347	9
1348	4
1349	7
1350	7
1351	7
1352	5
1353	8
1354	5
1355	10
1356	5
1357	8
1358	9
1359	9
1360	7
1361	12
1362	5
1363	10
1364	6
1365	9
1366	6
1367	10
1368	4
1369	9
1370	7
1371	12
1372	4
1373	8
1374	8
1375	11
1376	5
1377	13
1378	5
1379	104
1380	7
1381	154
1382	6
1383	9
1384	12
1385	78
1386	7
1387	103
1388	9
1389	12
1390	25
1391	8
1392	9
1393	12
1394	7
1395	96
1396	7
1397	63
1398	8
1399	24
1400	8
1401	7
1402	10
1403	5
1404	17
1405	6
1406	6
1407	7
1408	76
1409	6
1410	57
1411	6
1412	27
1413	10
1414	12
1415	5
1416	124
1417	6
1418	51
1419	6
1420	22
1421	7
1422	10
1423	11
1424	4
1425	103
1426	6
1427	9
1428	58
1429	12
1430	55
1431	7
1432	74
1433	9
1434	14
1435	62
1436	9
1437	32
1438	9
1439	9
1440	8
1441	8
1442	9
1443	10
1444	8
1445	69
1446	8
1447	68
1448	7
1449	14
1450	6
1451	9
1452	33
1453	11
1454	25
1455	7
1456	10
1457	16
1458	5
1459	6
1460	12
1461	5
1462	12
1463	4
1464	6
1465	9
1466	4
1467	12
1468	4
1469	7
1470	28
1471	6
1472	12
1473	4
1474	26
1475	9
1476	17
1477	5
1478	9
1479	10
1480	4
1481	11
1482	5
1483	14
1484	5
1485	8
1486	10
1487	11
1488	5
1489	9
1490	158
1491	8
1492	10
1493	164
1494	10
1495	55
1496	9
1497	153
1498	8
1499	9
1500	73
1501	7
1502	44
1503	12
1504	137
1505	8
1506	42
1507	149
1508	9
1509	50
1510	7
1511	101
1512	7
1513	10
1514	73
1515	7
1516	54
1517	8
1518	48
1519	9
1520	28
1521	9
1522	9
1523	10
1524	11
1525	5
1526	12
1527	5
1528	149
1529	8
1530	134
1531	9
1532	10
1533	10
1534	11
1535	30
1536	10
1537	67
1538	7
1539	44
1540	9
1541	62
1542	7
1543	9
1544	40
1545	8
1546	8
1547	76
1548	7
1549	8
1550	69
1551	8
1552	9
1553	26
1554	8
1555	24
1556	8
1557	70
1558	7
1559	12
1560	5
1561	70
1562	7
1563	33
1564	61
1565	6
1566	8
1567	11
1568	54
1569	9
1570	30
1571	9
1572	16
1573	7
1574	63
1575	10
1576	31
1577	12
1578	55
1579	8
1580	32
1581	9
1582	9
1583	9
1584	53
1585	10
1586	30
1587	11
1588	55
1589	9
1590	33
1591	7
1592	11
1593	69
1594	7
1595	9
1596	42
1597	8
1598	70
1599	6
1600	9
1601	10
1602	65
1603	7
1604	28
1605	8
1606	62
1607	6
1608	29
1609	8
1610	61
1611	6
1612	9
1613	36
1614	8
1615	7
1616	58
1617	8
1618	24
1619	6
1620	7
1621	11
1622	5
1623	11
1624	5
1625	59
1626	26
1627	7
1628	74
1629	7
1630	12
1631	5
1632	42
1633	56
1634	7
1635	12
1636	39
1637	17
1638	5
1639	26
1640	9
1641	46
1642	7
1643	12
1644	5
1645	50
1646	7
1647	54
1648	5
1649	9
1650	9
1651	11
1652	7
1653	12
1654	25
1655	7
1656	7
1657	8
1658	10
1659	7
1660	10
1661	7
1662	23
1663	6
1664	7
1665	5
1666	24
1667	5
1668	14
1669	4
1670	8
1671	14
1672	5
1673	5
1674	20
1675	5
1676	6
1677	6
1678	10
1679	4
1680	14
1681	4
1682	5
1683	7
1684	10
1685	4
1686	11
1687	4
1688	7
1689	11
1690	4
1691	9
1692	4
1693	9
1694	3
1695	9
1696	3
1697	7
1698	4
1699	143
1700	7
1701	134
1702	6
1703	10
1704	11
1705	69
1706	7
1707	41
1708	7
1709	10
1710	9
1711	69
1712	7
1713	39
1714	7
1715	68
1716	7
1717	9
1718	59
1719	7
1720	9
1721	32
1722	6
1723	12
1724	8
1725	32
1726	9
1727	21
1728	7
1729	38
1730	5
1731	10
1732	25
1733	6
1734	7
1735	9
1736	12
1737	5
1738	73
1739	7
1740	54
1741	6
1742	11
1743	55
1744	10
1745	30
1746	10
1747	54
1748	8
1749	31
1750	8
1751	9
1752	19
1753	7
1754	7
1755	9
1756	63
1757	6
1758	56
1759	7
1760	71
1761	8
1762	8
1763	9
1764	65
1765	7
1766	30
1767	7
1768	54
1769	7
1770	32
1771	9
1772	23
1773	8
1774	8
1775	6
1776	9
1777	6
1778	7
1779	7
1780	63
1781	6
1782	73
1783	6
1784	16
1785	7
1786	28
1787	7
1788	14
1789	18
1790	7
1791	22
1792	6
1793	9
1794	9
1795	4
1796	7
1797	10
1798	4
1799	7
1800	9
1801	86
1802	5
1803	52
1804	5
1805	34
1806	12
1807	19
1808	6
1809	8
1810	10
1811	135
1812	6
1813	74
1814	9
1815	128
1816	7
1817	70
1818	7
1819	10
1820	7
1821	166
1822	7
1823	145
1824	7
1825	23
1826	8
1827	8
1828	36
1829	6
1830	21
1831	8
1832	36
1833	6
1834	24
1835	7
1836	39
1837	6
1838	6
1839	15
1840	6
1841	30
1842	14
1843	5
1844	21
1845	6
1846	22
1847	5
1848	6
1849	49
1850	6
1851	38
1852	5
1853	5
1854	17
1855	5
1856	5
1857	5
1858	8
1859	6
1860	10
1861	4
1862	14
1863	4
1864	4
1865	7
1866	7
1867	7
1868	5
1869	6
1870	7
1871	6
1872	5
1873	6
1874	5
1875	6
1876	7
1877	3
1878	6
1879	7
1880	3
1881	7
1882	3
1883	29
1884	5
1885	20
1886	6
1887	14
1888	4
1889	5
1890	5
1891	137
1892	4
1893	9
1894	4
1895	164
1896	6
1897	165
1898	5
1899	122
1900	5
1901	9
1902	4
1903	167
1904	5
1905	68
1906	5
1907	10
1908	133
1909	4
1910	66
1911	6
1912	110
1913	5
1914	9
1915	71
1916	7
1917	133
1918	7
1919	9
1920	25
1921	9
1922	9
1923	9
1924	139
1925	9
1926	162
1927	5
1928	8
1929	9
1930	6
1931	7
1932	7
1933	78
1934	6
1935	67
1936	7
1937	24
1938	7
1939	7
1940	36
1941	8
1942	19
1943	7
1944	33
1945	10
1946	121
1947	5
1948	7
1949	155
1950	5
1951	11
1952	5
1953	81
1954	5
1955	76
1956	4
1957	7
1958	11
1959	4
1960	4
1961	32
1962	5
1963	24
1964	5
1965	11
1966	4
1967	17
1968	5
1969	19
1970	4
1971	7
1972	7
1973	19
1974	5
1975	6
1976	6
1977	9
1978	4
1979	12
1980	5
1981	10
1982	5
1983	145
1984	7
1985	82
1986	6
1987	155
1988	9
1989	22
1990	7
1991	101
1992	7
1993	104
1994	7
1995	130
1996	7
1997	35
1998	5
1999	74
2000	5
2001	141
2002	6
2003	11
2004	5
2005	149
2006	6
2007	83
2008	5
2009	126
2010	6
2011	12
2012	5
2013	141
2014	4
2015	54
2016	10
2017	71
2018	10
2019	145
2020	5
2021	9
2022	161
2023	6
2024	10
2025	34
2026	10
2027	21
2028	7
2029	6
2030	23
2031	7
2032	145
2033	6
2034	155
2035	7
2036	12
2037	8
2038	74
2039	6
2040	9
2041	43
2042	7
2043	27
2044	7
2045	6
2046	6
2047	6
2048	7
2049	5
2050	32
2051	6
2052	20
2053	5
2054	7
2055	45
2056	9
2057	24
2058	5
2059	12
2060	5
2061	41
2062	6
2063	42
2064	5
2065	9
2066	11
2067	20
2068	8
2069	9
2070	23
2071	7
2072	8
2073	9
2074	11
2075	5
2076	19
2077	7
2078	6
2079	10
2080	10
2081	10
2082	7
2083	14
2084	6
2085	8
2086	9
2087	11
2088	7
2089	11
2090	7
2091	162
2092	8
2093	32
2094	6
2095	148
2096	8
2097	93
2098	6
2099	135
2100	7
2101	35
2102	6
2103	141
2104	6
2105	38
2106	6
2107	165
2108	6
2109	6
2110	9
2111	6
2112	149
2113	6
2114	74
2115	6
2116	118
2117	6
2118	14
2119	6
2120	149
2121	13
2122	64
2123	6
2124	127
2125	8
2126	10
2127	4
2128	74
2129	8
2130	91
2131	5
2132	9
2133	55
2134	7
2135	23
2136	9
2137	35
2138	9
2139	38
2140	8
2141	9
2142	8
2143	9
2144	10
2145	7
2146	12
2147	8
2148	17
2149	6
2150	7
2151	8
2152	9
2153	6
2154	6
2155	5
2156	9
2157	4
2158	13
2159	5
2160	6
2161	7
2162	8
2163	3
2164	31
2165	5
2166	22
2167	5
2168	8
2169	51
2170	8
2171	29
2172	7
2173	7
2174	9
2175	7
2176	22
2177	6
2178	9
2179	9
2180	24
2181	10
2182	18
2183	5
2184	8
2185	9
2186	10
2187	5
2188	9
2189	10
2190	100
2191	5
2192	9
2193	149
2194	8
2195	71
2196	9
2197	50
2198	9
2199	9
2200	28
2201	11
2202	113
2203	7
2204	9
2205	63
2206	10
2207	163
2208	7
2209	8
2210	11
2211	7
2212	143
2213	8
2214	9
2215	156
2216	8
2217	10
2218	23
2219	8
2220	124
2221	9
2222	71
2223	7
2224	103
2225	7
2226	7
2227	7
2228	168
2229	7
2230	36
2231	6
2232	95
2233	10
2234	74
2235	7
2236	35
2237	8
2238	58
2239	6
2240	7
2241	55
2242	7
2243	32
2244	6
2245	8
2246	9
2247	6
2248	7
2249	43
2250	6
2251	27
2252	6
2253	26
2254	6
2255	9
2256	9
2257	11
2258	5
2259	9
2260	7
2261	12
2262	5
2263	8
2264	7
2265	10
2266	5
2267	11
2268	5
2269	10
2270	10
2271	11
2272	5
2273	10
2274	10
2275	10
2276	6
2277	11
2278	10
2279	11
2280	7
2281	11
2282	12
2283	7
2284	10
2285	10
2286	7
2287	55
2288	7
2289	36
2290	7
2291	14
2292	6
2293	35
2294	8
2295	24
2296	8
2297	10
2298	38
2299	8
2300	26
2301	6
2302	9
2303	10
2304	126
2305	7
2306	73
2307	7
2308	153
2309	6
2310	10
2311	10
2312	10
2313	6
2314	147
2315	10
2316	162
2317	7
2318	10
2319	10
2320	11
2321	5
2322	73
2323	10
2324	56
2325	7
2326	9
2327	55
2328	9
2329	12
2330	38
2331	27
2332	8
2333	9
2334	10
2335	74
2336	10
2337	43
2338	9
2339	15
2340	7
2341	63
2342	7
2343	53
2344	10
2345	69
2346	7
2347	9
2348	54
2349	12
2350	25
2351	7
2352	8
2353	9
2354	9
2355	12
2356	5
2357	10
2358	7
2359	7
2360	11
2361	5
2362	7
2363	9
2364	10
2365	6
2366	7
2367	7
2368	11
2369	5
2370	8
2371	7
2372	11
2373	5
2374	158
2375	9
2376	89
2377	141
2378	8
2379	9
2380	11
2381	36
2382	9
2383	138
2384	7
2385	11
2386	141
2387	6
2388	7
2389	74
2390	7
2391	103
2392	6
2393	9
2394	25
2395	7
2396	7
2397	62
2398	6
2399	9
2400	57
2401	6
2402	33
2403	6
2404	55
2405	8
2406	25
2407	39
2408	7
2409	15
2410	6
2411	50
2412	7
2413	45
2414	7
2415	10
2416	79
2417	6
2418	11
2419	70
2420	8
2421	26
2422	12
2423	37
2424	7
2425	30
2426	9
2427	103
2428	7
2429	60
2430	7
2431	11
2432	33
2433	12
2434	157
2435	8
2436	9
2437	167
2438	9
2439	29
2440	10
2441	156
2442	7
2443	76
2444	7
2445	23
2446	9
2447	106
2448	7
2449	110
2450	8
2451	139
2452	6
2453	8
2454	9
2455	162
2456	7
2457	23
2458	8
2459	159
2460	7
2461	49
2462	6
2463	96
2464	7
2465	73
2466	7
2467	11
2468	36
2469	7
2470	22
2471	9
2472	9
2473	24
2474	6
2475	8
2476	8
2477	10
2478	6
2479	12
2480	7
2481	10
2482	12
2483	8
2484	9
2485	10
2486	10
2487	9
2488	7
2489	10
2490	10
2491	6
2492	8
2493	7
2494	139
2495	9
2496	164
2497	7
2498	10
2499	10
2500	44
2501	7
2502	32
2503	7
2504	9
2505	7
2506	22
2507	6
2508	8
2509	9
2510	17
2511	5
2512	7
2513	7
2514	14
2515	5
2516	6
2517	5
2518	6
2519	6
2520	44
2521	4
2522	6
2523	39
2524	6
2525	7
2526	47
2527	5
2528	22
2529	6
2530	16
2531	6
2532	17
2533	5
2534	7
2535	9
2536	7
2537	6
2538	7
2539	7
2540	5
2541	7
2542	6
2543	7
2544	5
2545	9
2546	4
2547	71
2548	7
2549	75
2550	5
2551	8
2552	23
2553	9
2554	8
2555	23
2556	7
2557	9
2558	9
2559	7
2560	72
2561	35
2562	7
2563	66
2564	7
2565	38
2566	9
2567	71
2568	5
2569	7
2570	72
2571	6
2572	32
2573	7
2574	9
2575	63
2576	6
2577	29
2578	5
2579	53
2580	5
2581	9
2582	35
2583	7
2584	72
2585	5
2586	6
2587	71
2588	4
2589	22
2590	7
2591	35
2592	5
2593	33
2594	5
2595	7
2596	7
2597	7
2598	5
2599	23
2600	7
2601	19
2602	6
2603	10
2604	6
2605	79
2606	5
2607	71
2608	5
2609	10
2610	30
2611	9
2612	9
2613	69
2614	5
2615	79
2616	6
2617	9
2618	31
2619	6
2620	5
2621	9
2622	6
2623	61
2624	7
2625	60
2626	6
2627	62
2628	7
2629	13
2630	24
2631	8
2632	7
2633	10
2634	5
2635	65
2636	6
2637	68
2638	7
2639	12
2640	34
2641	8
2642	17
2643	6
2644	7
2645	28
2646	6
2647	24
2648	6
2649	6
2650	9
2651	6
2652	68
2653	6
2654	61
2655	42
2656	6
2657	7
2658	12
2659	5
2660	70
2661	6
2662	41
2663	5
2664	6
2665	71
2666	5
2667	6
2668	67
2669	5
2670	54
2671	52
2672	5
2673	6
2674	10
2675	11
2676	5
2677	11
2678	10
2679	10
2680	4
2681	10
2682	4
2683	10
2684	4
2685	9
2686	4
2687	9
2688	6
2689	143
2690	8
2691	131
2692	9
2693	31
2694	8
2695	8
2696	10
2697	19
2698	6
2699	6
2700	9
2701	138
2702	9
2703	78
2704	8
2705	143
2706	8
2707	9
2708	39
2709	8
2710	121
2711	8
2712	12
2713	141
2714	8
2715	44
2716	7
2717	155
2718	7
2719	7
2720	11
2721	84
2722	7
2723	60
2724	8
2725	44
2726	8
2727	11
2728	21
2729	7
2730	9
2731	10
2732	11
2733	38
2734	10
2735	28
2736	9
2737	42
2738	8
2739	9
2740	33
2741	8
2742	24
2743	7
2744	7
2745	20
2746	6
2747	6
2748	7
2749	10
2750	10
2751	7
2752	10
2753	33
2754	8
2755	23
2756	9
2757	39
2758	7
2759	8
2760	29
2761	8
2762	24
2763	7
2764	9
2765	7
2766	9
2767	7
2768	8
2769	8
2770	8
2771	8
2772	6
2773	9
2774	6
2775	6
2776	7
2777	125
2778	8
2779	162
2780	7
2781	55
2782	7
2783	39
2784	6
2785	9
2786	20
2787	6
2788	7
2789	9
2790	17
2791	6
2792	7
2793	11
2794	7
2795	7
2796	7
2797	11
2798	5
2799	5
2800	7
2801	62
2802	8
2803	40
2804	7
2805	61
2806	6
2807	7
2808	9
2809	70
2810	7
2811	31
2812	6
2813	60
2814	7
2815	35
2816	5
2817	9
2818	53
2819	5
2820	6
2821	23
2822	6
2823	7
2824	7
2825	61
2826	5
2827	60
2828	7
2829	73
2830	6
2831	9
2832	52
2833	6
2834	32
2835	7
2836	12
2837	5
2838	23
2839	6
2840	9
2841	14
2842	4
2843	5
2844	12
2845	5
2846	5
2847	7
2848	9
2849	3
2850	5
2851	20
2852	5
2853	5
2854	5
2855	7
2856	9
2857	3
2858	12
2859	4
2860	5
2861	5
2862	7
2863	12
2864	3
2865	5
2866	6
2867	11
2868	4
2869	11
2870	4
2871	7
2872	7
2873	7
2874	6
2875	7
2876	12
2877	4
2878	5
2879	7
2880	12
2881	5
2882	7
2883	12
2884	5
2885	12
2886	5
2887	10
2888	7
2889	12
2890	5
2891	53
2892	9
2893	83
2894	9
2895	12
2896	52
2897	7
2898	9
2899	31
2900	7
2901	29
2902	6
2903	11
2904	140
2905	7
2906	161
2907	7
2908	9
2909	12
2910	8
2911	43
2912	8
2913	28
2914	10
2915	44
2916	7
2917	9
2918	41
2919	7
2920	12
2921	7
2922	23
2923	6
2924	8
2925	17
2926	6
2927	7
2928	14
2929	6
2930	7
2931	11
2932	8
2933	10
2934	8
2935	8
2936	10
2937	8
2938	8
2939	8
2940	8
2941	9
2942	7
2943	7
2944	10
2945	7
2946	12
2947	6
2948	10
2949	125
2950	8
2951	10
2952	168
2953	10
2954	23
2955	9
2956	160
2957	11
2958	88
2959	7
2960	9
2961	139
2962	8
2963	89
2964	7
2965	162
2966	8
2967	7
2968	11
2969	153
2970	8
2971	9
2972	95
2973	8
2974	91
2975	6
2976	7
2977	59
2978	8
2979	30
2980	7
2981	22
2982	7
2983	75
2984	6
2985	11
2986	68
2987	6
2988	6
2989	79
2990	6
2991	7
2992	7
2993	82
2994	7
2995	44
2996	6
2997	6
2998	74
2999	5
3000	5
3001	5
3002	76
3003	5
3004	72
3005	5
3006	6
3007	35
3008	5
3009	5
3010	24
3011	6
3012	17
3013	4
3014	4
3015	6
3016	7
3017	2
3018	5
3019	14
3020	4
3021	4
3022	6
3023	23
3024	7
3025	9
3026	9
3027	4
3028	33
3029	7
3030	19
3031	6
3032	7
3033	23
3034	5
3035	11
3036	14
3037	4
3038	6
3039	30
3040	7
3041	24
3042	5
3043	11
3044	5
3045	16
3046	4
3047	5
3048	6
3049	6
3050	5
3051	8
3052	6
3053	16
3054	5
3055	4
3056	4
3057	6
3058	6
3059	5
3060	10
3061	4
3062	4
3063	5
3064	6
3065	2
3066	10
3067	4
3068	4
3069	6
3070	8
3071	3
3072	10
3073	4
3074	6
3075	7
3076	7
3077	5
3078	5
3079	6
3080	12
3081	4
3082	4
3083	4
3084	6
3085	9
3086	3
3087	6
3088	7
3089	2
3090	9
3091	4
3092	8
3093	8
3094	3
3095	9
3096	4
3097	14
3098	5
3099	6
3100	7
3101	8
3102	6
3103	6
3104	9
3105	4
3106	83
3107	7
3108	69
3109	5
3110	9
3111	9
3112	9
3113	7
3114	123
3115	10
3116	49
3117	7
3118	133
3119	9
3120	108
3121	8
3122	132
3123	8
3124	9
3125	10
3126	141
3127	8
3128	27
3129	8
3130	9
3131	152
3132	8
3133	10
3134	133
3135	8
3136	13
3137	8
3138	86
3139	8
3140	96
3141	7
3142	9
3143	12
3144	68
3145	7
3146	39
3147	9
3148	10
3149	68
3150	9
3151	65
3152	8
3153	15
3154	7
3155	29
3156	8
3157	9
3158	10
3159	26
3160	8
3161	10
3162	11
3163	9
3164	10
3165	7
3166	37
3167	8
3168	29
3169	8
3170	10
3171	13
3172	8
3173	8
3174	9
3175	10
3176	8
3177	11
3178	73
3179	8
3180	72
3181	8
3182	10
3183	11
3184	31
3185	10
3186	20
3187	7
3188	9
3189	10
3190	31
3191	8
3192	24
3193	8
3194	10
3195	12
3196	18
3197	8
3198	9
3199	9
3200	10
3201	9
3202	8
3203	9
3204	10
3205	10
3206	8
3207	10
3208	97
3209	10
3210	158
3211	8
3212	9
3213	10
3214	77
3215	7
3216	11
3217	76
3218	7
3219	12
3220	39
3221	8
3222	54
3223	7
3224	9
3225	23
3226	8
3227	7
3228	7
3229	9
3230	10
3231	6
3232	6
3233	61
3234	6
3235	69
3236	6
3237	7
3238	29
3239	7
3240	22
3241	6
3242	6
3243	8
3244	5
3245	6
3246	52
3247	6
3248	28
3249	6
3250	18
3251	6
3252	6
3253	5
3254	62
3255	6
3256	44
3257	6
3258	56
3259	5
3260	10
3261	33
3262	5
3263	7
3264	28
3265	5
3266	61
3267	5
3268	44
3269	4
3270	63
3271	6
3272	16
3273	5
3274	31
3275	5
3276	41
3277	4
3278	6
3279	5
3280	26
3281	3
3282	14
3283	3
3284	4
3285	5
3286	25
3287	4
3288	25
3289	3
3290	5
3291	28
3292	4
3293	5
3294	14
3295	3
3296	30
3297	3
3298	4
3299	5
3300	29
3301	4
3302	20
3303	3
3304	4
3305	15
3306	5
3307	4
3308	13
3309	3
3310	4
3311	5
3312	5
3313	5
3314	4
3315	4
3316	4
3317	1
3318	8
3319	3
3320	3
3321	4
3322	5
3323	1
3324	7
3325	2
3326	4
3327	5
3328	1
3329	7
3330	2
3331	12
3332	3
3333	4
3334	5
3335	5
3336	5
3337	7
3338	3
3339	7
3340	3
3341	7
3342	3
3343	5
3344	5
3345	4
3346	4
3347	4
3348	4
3349	4
3350	5
3351	4
3352	3
3353	3
3354	4
3355	29
3356	3
3357	17
3358	4
3359	24
3360	3
3361	22
3362	3
3363	4
3364	5
3365	11
3366	3
3367	4
3368	67
3369	4
3370	65
3371	5
3372	27
3373	4
3374	11
3375	4
3376	24
3377	3
3378	4
3379	17
3380	4
3381	4
3382	25
3383	4
3384	19
3385	4
3386	7
3387	3
3388	19
3389	3
3390	7
3391	9
3392	3
3393	20
3394	7
3395	5
3396	19
3397	4
3398	13
3399	3
3400	5
3401	7
3402	8
3403	2
3404	10
3405	4
3406	8
3407	4
3408	71
3409	5
3410	78
3411	4
3412	7
3413	19
3414	7
3415	7
3416	36
3417	5
3418	122
3419	7
3420	7
3421	141
3422	6
3423	7
3424	96
3425	5
3426	7
3427	144
3428	6
3429	103
3430	6
3431	9
3432	7
3433	128
3434	6
3435	138
3436	6
3437	9
3438	9
3439	12
3440	5
3441	159
3442	8
3443	94
3444	9
3445	144
3446	9
3447	34
3448	9
3449	143
3450	7
3451	10
3452	157
3453	8
3454	9
3455	12
3456	55
3457	39
3458	8
3459	11
3460	12
3461	7
3462	95
3463	10
3464	60
3465	7
3466	10
3467	33
3468	5
3469	10
3470	83
3471	7
3472	54
3473	7
3474	38
3475	6
3476	7
3477	7
3478	11
3479	5
3480	55
3481	6
3482	38
3483	6
3484	7
3485	70
3486	10
3487	45
3488	6
3489	9
3490	62
3491	7
3492	32
3493	7
3494	60
3495	6
3496	9
3497	31
3498	69
3499	6
3500	10
3501	55
3502	23
3503	9
3504	35
3505	5
3506	11
3507	22
3508	9
3509	23
3510	10
3511	7
3512	19
3513	6
3514	9
3515	7
3516	9
3517	5
3518	8
3519	6
3520	7
3521	6
3522	11
3523	5
3524	8
3525	7
3526	160
3527	6
3528	92
3529	7
3530	153
3531	7
3532	36
3533	6
3534	136
3535	6
3536	9
3537	103
3538	6
3539	69
3540	8
3541	82
3542	6
3543	9
3544	22
3545	9
3546	69
3547	8
3548	41
3549	6
3550	7
3551	74
3552	6
3553	73
3554	6
3555	22
3556	6
3557	8
3558	8
3559	29
3560	7
3561	21
3562	8
3563	34
3564	7
3565	29
3566	6
3567	20
3568	6
3569	6
3570	6
3571	6
3572	6
3573	6
3574	6
3575	90
3576	6
3577	80
3578	6
3579	7
3580	36
3581	6
3582	91
3583	6
3584	78
3585	6
3586	9
3587	42
3588	6
3589	12
3590	46
3591	6
3592	21
3593	6
3594	7
3595	41
3596	7
3597	49
3598	5
3599	6
3600	20
3601	5
3602	5
3603	5
3604	10
3605	4
3606	55
3607	6
3608	37
3609	6
3610	54
3611	5
3612	6
3613	41
3614	5
3615	68
3616	6
3617	22
3618	7
3619	66
3620	5
3621	67
3622	5
3623	6
3624	33
3625	5
3626	6
3627	24
3628	5
3629	9
3630	5
3631	6
3632	15
3633	5
3634	9
3635	10
3636	4
3637	5
3638	14
3639	4
3640	4
3641	5
3642	8
3643	3
3644	14
3645	4
3646	4
3647	19
3648	3
3649	5
3650	6
3651	7
3652	1
3653	11
3654	3
3655	17
3656	5
3657	5
3658	7
3659	9
3660	3
3661	14
3662	5
3663	6
3664	25
3665	6
3666	6
3667	9
3668	11
3669	3
3670	9
3671	11
3672	5
3673	11
3674	70
3675	10
3676	74
3677	9
3678	14
3679	42
3680	10
3681	11
3682	24
3683	9
3684	144
3685	10
3686	142
3687	10
3688	31
3689	10
3690	10
3691	14
3692	16
3693	10
3694	96
3695	11
3696	60
3697	11
3698	12
3699	17
3700	12
3701	147
3702	11
3703	32
3704	12
3705	142
3706	10
3707	12
3708	156
3709	10
3710	11
3711	14
3712	29
3713	10
3714	17
3715	133
3716	13
3717	59
3718	14
3719	128
3720	12
3721	73
3722	10
3723	12
3724	161
3725	10
3726	14
3727	141
3728	12
3729	31
3730	10
3731	11
3732	14
3733	147
3734	10
3735	17
3736	157
3737	10
3738	12
3739	32
3740	10
3741	15
3742	147
3743	12
3744	72
3745	12
3746	124
3747	10
3748	14
3749	66
3750	9
3751	12
3752	144
3753	11
3754	22
3755	12
3756	145
3757	12
3758	162
3759	9
3760	14
3761	28
3762	12
3763	110
3764	10
3765	88
3766	10
3767	13
3768	139
3769	10
3770	93
3771	10
3772	14
3773	147
3774	10
3775	160
3776	10
3777	11
3778	17
3779	9
3780	119
3781	8
3782	10
3783	144
3784	8
3785	11
3786	68
3787	10
3788	45
3789	9
3790	73
3791	7
3792	10
3793	73
3794	7
3795	12
3796	43
3797	7
3798	10
3799	53
3800	7
3801	10
3802	25
3803	8
3804	10
3805	102
3806	7
3807	61
3808	9
3809	9
3810	22
3811	7
3812	8
3813	9
3814	55
3815	8
3816	85
3817	7
3818	9
3819	39
3820	8
3821	7
3822	23
3823	9
3824	19
3825	7
3826	34
3827	7
3828	22
3829	6
3830	7
3831	36
3832	8
3833	7
3834	12
3835	7
3836	47
3837	7
3838	27
3839	11
3840	36
3841	6
3842	11
3843	22
3844	9
3845	9
3846	24
3847	11
3848	19
3849	6
3850	6
3851	7
3852	9
3853	6
3854	8
3855	9
3856	122
3857	6
3858	9
3859	162
3860	8
3861	9
3862	69
3863	6
3864	11
3865	7
3866	38
3867	6
3868	158
3869	6
3870	9
3871	147
3872	6
3873	9
3874	84
3875	6
3876	41
3877	6
3878	142
3879	5
3880	9
3881	7
3882	165
3883	7
3884	125
3885	6
3886	7
3887	9
3888	164
3889	6
3890	159
3891	7
3892	12
3893	33
3894	7
3895	17
3896	6
3897	23
3898	7
3899	10
3900	28
3901	7
3902	10
3903	23
3904	7
3905	17
3906	6
3907	23
3908	6
3909	7
3910	7
3911	12
3912	5
3913	5
3914	7
3915	12
3916	4
3917	5
3918	7
3919	9
3920	5
3921	9
3922	6
3923	9
3924	5
3925	9
3926	6
3927	7
3928	7
3929	7
3930	7
3931	7
3932	7
3933	7
3934	7
3935	145
3936	5
3937	28
3938	9
3939	135
3940	7
3941	86
3942	6
3943	110
3944	8
3945	10
3946	11
3947	163
3948	9
3949	80
3950	7
3951	11
3952	12
3953	143
3954	8
3955	158
3956	8
3957	11
3958	9
3959	12
3960	11
3961	120
3962	8
3963	12
3964	164
3965	9
3966	10
3967	75
3968	9
3969	11
3970	156
3971	8
3972	10
3973	145
3974	8
3975	10
3976	10
3977	12
3978	10
3979	10
3980	10
3981	9
3982	8
3983	10
3984	138
3985	10
3986	152
3987	9
3988	11
3989	14
3990	9
3991	25
3992	9
3993	12
3994	23
3995	7
3996	22
3997	7
3998	7
3999	7
4000	10
4001	8
4002	7
4003	7
4004	7
4005	7
4006	7
4007	7
4008	7
4009	7
4010	7
4011	7
4012	11
4013	6
4014	7
4015	6
4016	7
4017	8
4018	9
4019	6
4020	7
4021	160
4022	8
4023	160
4024	6
4025	9
4026	36
4027	6
4028	7
4029	28
4030	9
4031	23
4032	6
4033	9
4034	27
4035	9
4036	15
4037	6
4038	9
4039	9
4040	7
4041	14
4042	6
4043	9
4044	22
4045	8
4046	8
4047	8
4048	9
4049	69
4050	7
4051	74
4052	6
4053	9
4054	39
4055	7
4056	103
4057	8
4058	77
4059	7
4060	10
4061	34
4062	8
4063	25
4064	8
4065	63
4066	7
4067	41
4068	7
4069	76
4070	6
4071	9
4072	61
4073	6
4074	26
4075	7
4076	61
4077	7
4078	29
4079	7
4080	7
4081	20
4082	6
4083	6
4084	54
4085	6
4086	73
4087	6
4088	19
4089	6
4090	29
4091	5
4092	6
4093	7
4094	14
4095	6
4096	25
4097	5
4098	9
4099	23
4100	6
4101	7
4102	23
4103	8
4104	9
4105	4
4106	7
4107	7
4108	5
4109	5
4110	7
4111	12
4112	4
4113	5
4114	7
4115	22
4116	6
4117	6
4118	6
4119	7
4120	8
4121	6
4122	7
4123	7
4124	43
4125	6
4126	23
4127	7
4128	22
4129	7
4130	7
4131	7
4132	7
4133	5
4134	5
4135	5
4136	6
4137	6
4138	7
4139	6
4140	59
4141	6
4142	38
4143	5
4144	73
4145	5
4146	7
4147	68
4148	5
4149	5
4150	34
4151	4
4152	66
4153	5
4154	7
4155	7
4156	78
4157	6
4158	46
4159	6
4160	63
4161	6
4162	9
4163	39
4164	8
4165	71
4166	6
4167	7
4168	68
4169	7
4170	9
4171	10
4172	4
4173	78
4174	7
4175	34
4176	8
4177	61
4178	6
4179	9
4180	72
4181	7
4182	12
4183	29
4184	10
4185	7
4186	10
4187	7
4188	12
4189	8
4190	60
4191	11
4192	54
4193	10
4194	68
4195	7
4196	9
4197	43
4198	10
4199	29
4200	8
4201	11
4202	15
4203	6
4204	6
4205	10
4206	10
4207	6
4208	12
4209	5
4210	6
4211	9
4212	6
4213	7
4214	7
4215	141
4216	7
4217	153
4218	7
4219	7
4220	11
4221	15
4222	6
4223	6
4224	9
4225	10
4226	13
4227	5
4228	8
4229	10
4230	10
4231	5
4232	9
4233	6
4234	8
4235	6
4236	7
4237	9
4238	6
4239	9
4240	7
4241	10
4242	9
4243	9
4244	7
4245	11
4246	9
4247	8
4248	8
4249	9
4250	7
4251	6
4252	7
4253	7
4254	7
4255	7
4256	9
4257	7
4258	10
4259	7
4260	9
4261	9
4262	9
4263	7
4264	9
4265	9
4266	8
4267	8
4268	7
4269	7
4270	7
4271	7
4272	7
4273	8
4274	7
4275	7
4276	7
4277	9
4278	7
4279	7
4280	14
4281	6
4282	5
4283	6
4284	6
4285	10
4286	5
4287	5
4288	9
4289	6
4290	59
4291	7
4292	36
4293	71
4294	7
4295	36
4296	7
4297	54
4298	7
4299	33
4300	7
4301	23
4302	6
4303	5
4304	7
4305	10
4306	14
4307	4
4308	5
4309	8
4310	10
4311	5
4312	7
4313	12
4314	5
4315	6
4316	7
4317	7
4318	8
4319	6
4320	8
4321	6
4322	7
4323	8
4324	5
4325	7
4326	7
4327	7
4328	6
4329	6
4330	6
4331	7
4332	6
4333	6
4334	6
4335	5
4336	8
4337	5
4338	6
4339	7
4340	7
4341	5
4342	7
4343	122
4344	6
4345	122
4346	6
4347	6
4348	7
4349	69
4350	6
4351	43
4352	5
4353	6
4354	73
4355	6
4356	68
4357	5
4358	6
4359	29
4360	5
4361	6
4362	6
4363	7
4364	10
4365	5
4366	8
4367	12
4368	5
4369	10
4370	7
4371	95
4372	5
4373	60
4374	6
4375	7
4376	8
4377	19
4378	6
4379	6
4380	7
4381	134
4382	5
4383	9
4384	162
4385	7
4386	9
4387	82
4388	7
4389	7
4390	145
4391	5
4392	8
4393	159
4394	6
4395	7
4396	71
4397	7
4398	37
4399	6
4400	7
4401	7
4402	161
4403	5
4404	26
4405	7
4406	151
4407	7
4408	147
4409	6
4410	10
4411	7
4412	121
4413	8
4414	122
4415	5
4416	9
4417	17
4418	5
4419	5
4420	6
4421	7
4422	2
4423	67
4424	7
4425	78
4426	5
4427	12
4428	26
4429	7
4430	24
4431	7
4432	7
4433	7
4434	9
4435	4
4436	141
4437	7
4438	9
4439	165
4440	5
4441	69
4442	6
4443	124
4444	8
4445	9
4446	3
4447	143
4448	7
4449	7
4450	68
4451	7
4452	126
4453	4
4454	7
4455	33
4456	5
4457	5
4458	11
4459	26
4460	22
4461	4
4462	6
4463	7
4464	3
4465	33
4466	4
4467	138
4468	5
4469	6
4470	153
4471	6
4472	7
4473	162
4474	4
4475	7
4476	9
4477	3
4478	3
4479	14
4480	5
4481	5
4482	6
4483	157
4484	8
4485	162
4486	5
4487	8
4488	23
4489	5
4490	6
4491	6
4492	6
4493	5
4494	6
4495	5
4496	9
4497	4
4498	17
4499	4
4500	5
4501	8
4502	5
4503	5
4504	16
4505	4
4506	4
4507	5
4508	19
4509	6
4510	15
4511	3
4512	4
4513	7
4514	9
4515	3
4516	4
4517	14
4518	5
4519	4
4520	7
4521	105
4522	9
4523	162
4524	5
4525	14
4526	6
4527	73
4528	4
4529	9
4530	68
4531	9
4532	34
4533	23
4534	6
4535	8
4536	9
4537	68
4538	5
4539	9
4540	69
4541	8
4542	28
4543	9
4544	25
4545	8
4546	22
4547	6
4548	9
4549	55
4550	7
4551	61
4552	11
4553	39
4554	6
4555	9
4556	18
4557	7
4558	7
4559	9
4560	9
4561	12
4562	7
4563	9
4564	9
4565	9
4566	7
4567	7
4568	7
4569	10
4570	5
4571	7
4572	7
4573	9
4574	6
4575	9
4576	6
4577	12
4578	5
4579	7
4580	9
4581	10
4582	4
4583	149
4584	7
4585	99
4586	6
4587	10
4588	166
4589	9
4590	120
4591	8
4592	9
4593	9
4594	7
4595	9
4596	6
4597	10
4598	6
4599	9
4600	6
4601	126
4602	8
4603	9
4604	141
4605	8
4606	9
4607	70
4608	6
4609	161
4610	9
4611	13
4612	98
4613	8
4614	9
4615	62
4616	7
4617	9
4618	38
4619	8
4620	73
4621	7
4622	10
4623	68
4624	7
4625	17
4626	24
4627	7
4628	6
4629	6
4630	10
4631	4
4632	6
4633	86
4634	6
4635	70
4636	5
4637	7
4638	17
4639	6
4640	79
4641	5
4642	45
4643	6
4644	9
4645	7
4646	159
4647	6
4648	83
4649	6
4650	9
4651	114
4652	6
4653	6
4654	155
4655	7
4656	72
4657	6
4658	9
4659	125
4660	6
4661	6
4662	68
4663	5
4664	71
4665	6
4666	9
4667	19
4668	9
4669	39
4670	6
4671	44
4672	6
4673	16
4674	5
4675	6
4676	6
4677	28
4678	5
4679	27
4680	6
4681	19
4682	5
4683	7
4684	10
4685	6
4686	9
4687	6
4688	7
4689	10
4690	4
4691	8
4692	9
4693	6
4694	9
4695	6
4696	74
4697	8
4698	70
4699	8
4700	12
4701	21
4702	8
4703	61
4704	24
4705	39
4706	7
4707	12
4708	73
4709	8
4710	71
4711	8
4712	27
4713	9
4714	10
4715	21
4716	7
4717	7
4718	9
4719	8
4720	6
4721	11
4722	6
4723	20
4724	6
4725	8
4726	133
4727	6
4728	142
4729	6
4730	7
4731	10
4732	13
4733	5
4734	6
4735	7
4736	10
4737	4
4738	6
4739	7
4740	62
4741	8
4742	82
4743	6
4744	8
4745	19
4746	6
4747	6
4748	22
4749	7
4750	7
4751	6
4752	7
4753	12
4754	5
4755	6
4756	147
4757	28
4758	141
4759	6
4760	7
4761	7
4762	33
4763	6
4764	23
4765	7
4766	22
4767	5
4768	8
4769	6
4770	8
4771	5
4772	6
4773	6
4774	9
4775	4
4776	17
4777	5
4778	5
4779	5
4780	7
4781	8
4782	11
4783	4
4784	7
4785	7
4786	13
4787	4
4788	5
4789	5
4790	63
4791	5
4792	7
4793	81
4794	6
4795	11
4796	35
4797	5
4798	70
4799	5
4800	5
4801	71
4802	6
4803	9
4804	53
4805	6
4806	7
4807	43
4808	5
4809	29
4810	5
4811	6
4812	7
4813	7
4814	12
4815	5
4816	5
4817	34
4818	6
4819	23
4820	5
4821	18
4822	6
4823	29
4824	6
4825	7
4826	8
4827	23
4828	6
4829	22
4830	7
4831	12
4832	4
4833	6
4834	13
4835	4
4836	4
4837	6
4838	9
4839	3
4840	11
4841	4
4842	5
4843	6
4844	7
4845	3
4846	17
4847	6
4848	5
4849	5
4850	7
4851	7
4852	2
4853	11
4854	4
4855	17
4856	5
4857	5
4858	6
4859	7
4860	8
4861	3
4862	68
4863	6
4864	7
4865	72
4866	8
4867	42
4868	10
4869	56
4870	9
4871	38
4872	8
4873	9
4874	16
4875	6
4876	45
4877	9
4878	25
4879	11
4880	40
4881	8
4882	15
4883	39
4884	11
4885	16
4886	10
4887	24
4888	8
4889	8
4890	14
4891	36
4892	14
4893	14
4894	22
4895	8
4896	19
4897	8
4898	9
4899	10
4900	10
4901	9
4902	10
4903	11
4904	10
4905	10
4906	10
4907	10
4908	9
4909	9
4910	10
4911	24
4912	8
4913	8
4914	11
4915	13
4916	8
4917	14
4918	6
4919	103
4920	10
4921	61
4922	10
4923	49
4924	10
4925	143
4926	9
4927	10
4928	11
4929	153
4930	10
4931	79
4932	11
4933	104
4934	9
4935	10
4936	13
4937	142
4938	9
4939	10
4940	69
4941	9
4942	10
4943	87
4944	10
4945	73
4946	9
4947	14
4948	31
4949	10
4950	10
4951	10
4952	14
4953	9
4954	10
4955	129
4956	12
4957	166
4958	9
4959	10
4960	12
4961	10
4962	66
4963	10
4964	42
4965	10
4966	71
4967	9
4968	11
4969	59
4970	11
4971	31
4972	10
4973	9
4974	11
4975	11
4976	11
4977	9
4978	10
4979	10
4980	9
4981	10
4982	10
4983	10
4984	10
4985	11
4986	11
4987	11
4988	11
4989	11
4990	11
4991	11
4992	9
4993	9
4994	9
4995	9
4996	10
4997	9
4998	10
4999	44
5000	9
5001	10
5002	42
5003	11
5004	28
5005	10
5006	32
5007	10
5008	28
5009	10
5010	14
5011	10
5012	126
5013	10
5014	153
5015	10
5016	12
5017	10
5018	14
5019	9
5020	73
5021	9
5022	61
5023	10
5024	55
5025	7
5026	11
5027	39
5028	12
5029	23
5030	7
5031	9
5032	54
5033	8
5034	35
5035	10
5036	62
5037	7
5038	9
5039	36
5040	9
5041	10
5042	11
5043	69
5044	7
5045	10
5046	72
5047	8
5048	17
5049	28
5050	7
5051	70
5052	6
5053	9
5054	9
5055	71
5056	7
5057	36
5058	7
5059	65
5060	7
5061	10
5062	61
5063	10
5064	30
5065	9
5066	7
5067	9
5068	56
5069	7
5070	26
5071	10
5072	61
5073	10
5074	36
5075	9
5076	51
5077	7
5078	25
5079	7
5080	10
5081	51
5082	6
5083	9
5084	39
5085	9
5086	19
5087	7
5088	7
5089	36
5090	7
5091	29
5092	8
5093	12
5094	8
5095	10
5096	7
5097	9
5098	6
5099	69
5100	6
5101	43
5102	6
5103	8
5104	79
5105	6
5106	7
5107	74
5108	7
5109	14
5110	69
5111	5
5112	9
5113	29
5114	6
5115	9
5116	21
5117	7
5118	17
5119	5
5120	12
5121	5
5122	62
5123	7
5124	39
5125	6
5126	62
5127	5
5128	7
5129	63
5130	6
5131	31
5132	7
5133	17
5134	6
5135	6
5136	7
5137	9
5138	6
5139	6
5140	7
5141	7
5142	6
5143	5
5144	6
5145	6
5146	5
5147	5
5148	6
5149	5
5150	6
5151	5
5152	6
5153	7
5154	79
5155	5
5156	64
5157	7
5158	22
5159	6
5160	9
5161	78
5162	6
5163	83
5164	5
5165	7
5166	7
5167	8
5168	5
5169	70
5170	5
5171	36
5172	5
5173	73
5174	6
5175	8
5176	56
5177	6
5178	26
5179	8
5180	28
5181	5
5182	55
5183	7
5184	7
5185	55
5186	5
5187	29
5188	6
5189	7
5190	22
5191	6
5192	73
5193	5
5194	7
5195	78
5196	6
5197	9
5198	51
5199	8
5200	43
5201	6
5202	7
5203	15
5204	5
5205	4
5206	4
5207	158
5208	5
5209	83
5210	4
5211	14
5212	5
5213	5
5214	7
5215	151
5216	5
5217	162
5218	4
5219	5
5220	5
5221	5
5222	3
5223	5
5224	54
5225	5
5226	28
5227	4
5228	19
5229	4
5230	4
5231	4
5232	19
5233	3
5234	9
5235	4
5236	21
5237	4
5238	15
5239	2
5240	9
5241	4
5242	6
5243	2
5244	68
5245	5
5246	38
5247	2
5248	65
5249	1
5250	7
5251	2
5252	74
5253	2
5254	46
5255	2
5256	71
5257	2
5258	10
5259	2
5260	71
5261	4
5262	76
5263	1
5264	16
5265	4
5266	43
5267	2
5268	30
5269	4
5270	9
5271	3
5272	53
5273	5
5274	33
5275	5
5276	9
5277	31
5278	4
5279	20
5280	5
5281	6
5282	41
5283	4
5284	26
5285	6
5286	9
5287	34
5288	2
5289	25
5290	6
5291	7
5292	33
5293	6
5294	9
5295	3
5296	22
5297	8
5298	19
5299	6
5300	6
5301	14
5302	4
5303	5
5304	6
5305	71
5306	5
5307	38
5308	7
5309	68
5310	5
5311	6
5312	68
5313	8
5314	9
5315	39
5316	6
5317	15
5318	5
5319	7
5320	67
5321	7
5322	30
5323	7
5324	56
5325	11
5326	37
5327	10
5328	11
5329	67
5330	7
5331	34
5332	9
5333	60
5334	7
5335	10
5336	42
5337	61
5338	8
5339	10
5340	11
5341	50
5342	8
5343	38
5344	9
5345	12
5346	10
5347	24
5348	6
5349	7
5350	11
5351	19
5352	6
5353	7
5354	9
5355	9
5356	9
5357	9
5358	11
5359	9
5360	9
5361	9
5362	10
5363	8
5364	10
5365	9
5366	10
5367	10
5368	10
5369	9
5370	9
5371	8
5372	8
5373	8
5374	10
5375	9
5376	9
5377	10
5378	11
5379	9
5380	10
5381	8
5382	61
5383	9
5384	44
5385	10
5386	72
5387	8
5388	11
5389	55
5390	9
5391	26
5392	10
5393	11
5394	15
5395	9
5396	13
5397	10
5398	11
5399	61
5400	10
5401	69
5402	9
5403	10
5404	43
5405	9
5406	17
5407	10
5408	27
5409	9
5410	17
5411	7
5412	138
5413	8
5414	10
5415	140
5416	9
5417	10
5418	54
5419	10
5420	123
5421	8
5422	9
5423	63
5424	7
5425	93
5426	7
5427	7
5428	9
5429	8
5430	7
5431	7
5432	68
5433	10
5434	39
5435	7
5436	12
5437	70
5438	8
5439	12
5440	71
5441	8
5442	38
5443	7
5444	9
5445	69
5446	6
5447	7
5448	69
5449	7
5450	35
5451	7
5452	10
5453	68
5454	8
5455	9
5456	65
5457	8
5458	28
5459	7
5460	24
5461	10
5462	57
5463	7
5464	33
5465	32
5466	6
5467	7
5468	9
5469	55
5470	7
5471	28
5472	8
5473	55
5474	7
5475	37
5476	5
5477	12
5478	5
5479	6
5480	7
5481	69
5482	7
5483	35
5484	5
5485	8
5486	62
5487	5
5488	6
5489	61
5490	6
5491	31
5492	7
5493	22
5494	7
5495	7
5496	5
5497	72
5498	6
5499	69
5500	5
5501	10
5502	10
5503	26
5504	5
5505	10
5506	19
5507	6
5508	9
5509	23
5510	8
5511	22
5512	4
5513	6
5514	12
5515	5
5516	7
5517	11
5518	7
5519	100
5520	5
5521	157
5522	6
5523	7
5524	7
5525	5
5526	62
5527	5
5528	68
5529	5
5530	29
5531	6
5532	12
5533	4
5534	26
5535	5
5536	10
5537	4
5538	23
5539	5
5540	17
5541	5
5542	14
5543	5
5544	6
5545	7
5546	12
5547	4
5548	5
5549	6
5550	10
5551	4
5552	155
5553	7
5554	163
5555	7
5556	10
5557	9
5558	12
5559	5
5560	73
5561	7
5562	42
5563	10
5564	60
5565	7
5566	29
5567	11
5568	52
5569	9
5570	34
5571	8
5572	9
5573	12
5574	7
5575	73
5576	8
5577	71
5578	6
5579	59
5580	7
5581	11
5582	5
5583	24
5584	7
5585	8
5586	7
5587	60
5588	7
5589	39
5590	7
5591	72
5592	6
5593	7
5594	7
5595	72
5596	7
5597	29
5598	7
5599	56
5600	7
5601	34
5602	7
5603	9
5604	9
5605	9
5606	6
5607	7
5608	10
5609	23
5610	7
5611	10
5612	20
5613	6
5614	7
5615	17
5616	7
5617	7
5618	7
5619	7
5620	11
5621	7
5622	7
5623	7
5624	10
5625	6
5626	7
5627	6
5628	9
5629	6
5630	8
5631	7
5632	11
5633	7
5634	65
5635	7
5636	78
5637	7
5638	10
5639	10
5640	32
5641	10
5642	17
5643	7
5644	10
5645	43
5646	10
5647	28
5648	9
5649	44
5650	9
5651	9
5652	33
5653	9
5654	10
5655	10
5656	26
5657	10
5658	18
5659	6
5660	8
5661	28
5662	9
5663	9
5664	10
5665	15
5666	7
5667	10
5668	14
5669	9
5670	10
5671	10
5672	7
5673	10
5674	8
5675	9
5676	8
5677	10
5678	8
5679	8
5680	10
5681	6
5682	7
5683	10
5684	5
5685	7
5686	7
5687	15
5688	5
5689	6
5690	6
5691	7
5692	8
5693	6
5694	6
5695	6
5696	5
5697	13
5698	4
5699	4
5700	4
5701	6
5702	121
5703	5
5704	157
5705	5
5706	6
5707	61
5708	5
5709	7
5710	33
5711	5
5712	14
5713	6
5714	33
5715	7
5716	23
5717	8
5718	9
5719	21
5720	5
5721	6
5722	14
5723	5
5724	5
5725	10
5726	4
5727	23
5728	5
5729	6
5730	9
5731	4
5732	5
5733	6
5734	9
5735	4
5736	7
5737	7
5738	25
5739	6
5740	14
5741	5
5742	28
5743	6
5744	18
5745	5
5746	6
5747	26
5748	5
5749	7
5750	8
5751	21
5752	6
5753	13
5754	5
5755	14
5756	5
5757	5
5758	8
5759	9
5760	6
5761	6
5762	9
5763	6
5764	9
5765	6
5766	7
5767	7
5768	9
5769	4
5770	7
5771	7
5772	7
5773	5
5774	7
5775	7
5776	7
5777	6
5778	5
5779	6
5780	7
5781	5
5782	5
5783	5
5784	5
5785	6
5786	6
5787	7
5788	5
5789	6
5790	6
5791	7
5792	6
5793	6
5794	6
5795	7
5796	5
5797	5
5798	5
5799	7
5800	5
5801	5
5802	5
5803	6
5804	5
5805	6
5806	5
5807	8
5808	4
5809	7
5810	5
5811	9
5812	4
5813	7
5814	5
5815	11
5816	4
5817	5
5818	5
5819	10
5820	4
5821	10
5822	4
5823	11
5824	5
5825	76
5826	6
5827	74
5828	6
5829	12
5830	7
5831	23
5832	7
5833	9
5834	7
5835	11
5836	5
5837	12
5838	5
5839	6
5840	12
5841	5
5842	7
5843	7
5844	137
5845	8
5846	147
5847	7
5848	34
5849	7
5850	73
5851	6
5852	72
5853	5
5854	12
5855	23
5856	9
5857	25
5858	7
5859	7
5860	19
5861	5
5862	7
5863	11
5864	7
5865	146
5866	6
5867	7
5868	161
5869	7
5870	39
5871	6
5872	135
5873	6
5874	9
5875	9
5876	161
5877	7
5878	83
5879	6
5880	8
5881	7
5882	9
5883	7
5884	102
5885	7
5886	12
5887	146
5888	10
5889	11
5890	144
5891	10
5892	27
5893	9
5894	9
5895	7
5896	72
5897	8
5898	73
5899	7
5900	9
5901	38
5902	9
5903	12
5904	56
5905	9
5906	24
5907	10
5908	45
5909	12
5910	35
5911	8
5912	10
5913	10
5914	10
5915	17
5916	7
5917	29
5918	8
5919	9
5920	10
5921	14
5922	9
5923	21
5924	8
5925	8
5926	8
5927	9
5928	8
5929	9
5930	9
5931	9
5932	9
5933	25
5934	8
5935	9
5936	10
5937	8
5938	9
5939	10
5940	10
5941	72
5942	8
5943	81
5944	7
5945	9
5946	11
5947	14
5948	9
5949	30
5950	7
5951	10
5952	33
5953	9
5954	18
5955	6
5956	9
5957	98
5958	7
5959	92
5960	7
5961	139
5962	7
5963	8
5964	11
5965	5
5966	103
5967	6
5968	150
5969	10
5970	14
5971	6
5972	83
5973	8
5974	74
5975	5
5976	10
5977	29
5978	5
5979	10
5980	19
5981	5
5982	11
5983	5
5984	69
5985	8
5986	76
5987	6
5988	9
5989	19
5990	8
5991	27
5992	8
5993	8
5994	14
5995	8
5996	140
5997	10
5998	72
5999	7
6000	137
6001	8
6002	9
6003	66
6004	8
6005	9
6006	161
6007	9
6008	103
6009	7
6010	9
6011	141
6012	7
6013	9
6014	162
6015	7
6016	8
6017	73
6018	6
6019	8
6020	43
6021	6
6022	9
6023	127
6024	7
6025	69
6026	7
6027	125
6028	6
6029	7
6030	10
6031	61
6032	7
6033	61
6034	6
6035	38
6036	7
6037	7
6038	7
6039	23
6040	7
6041	19
6042	5
6043	7
6044	22
6045	6
6046	7
6047	11
6048	19
6049	6
6050	9
6051	6
6052	7
6053	10
6054	4
6055	6
6056	7
6057	7
6058	18
6059	5
6060	6
6061	10
6062	5
6063	5
6064	23
6065	5
6066	19
6067	5
6068	6
6069	7
6070	6
6071	5
6072	5
6073	10
6074	5
6075	6
6076	7
6077	9
6078	5
6079	6
6080	6
6081	7
6082	5
6083	5
6084	7
6085	7
6086	5
6087	5
6088	10
6089	4
6090	6
6091	7
6092	63
6093	7
6094	68
6095	6
6096	26
6097	7
6098	10
6099	7
6100	24
6101	7
6102	17
6103	5
6104	7
6105	12
6106	23
6107	6
6108	7
6109	7
6110	9
6111	28
6112	6
6113	25
6114	7
6115	14
6116	5
6117	6
6118	9
6119	9
6120	5
6121	9
6122	7
6123	9
6124	7
6125	7
6126	8
6127	6
6128	7
6129	7
6130	6
6131	7
6132	6
6133	6
6134	7
6135	6
6136	7
6137	7
6138	7
6139	8
6140	6
6141	7
6142	6
6143	7
6144	7
6145	7
6146	8
6147	7
6148	10
6149	7
6150	7
6151	8
6152	7
6153	7
6154	7
6155	7
6156	7
6157	7
6158	6
6159	6
6160	7
6161	7
6162	6
6163	7
6164	9
6165	6
6166	7
6167	12
6168	7
6169	9
6170	7
6171	10
6172	7
6173	8
6174	8
6175	7
6176	7
6177	7
6178	7
6179	6
6180	5
6181	6
6182	5
6183	6
6184	5
6185	5
6186	7
6187	6
6188	7
6189	6
6190	7
6191	8
6192	9
6193	7
6194	44
6195	7
6196	31
6197	7
6198	29
6199	7
6200	7
6201	9
6202	6
6203	6
6204	7
6205	8
6206	6
6207	7
6208	7
6209	7
6210	7
6211	6
6212	7
6213	7
6214	6
6215	7
6216	7
6217	5
6218	5
6219	7
6220	140
6221	5
6222	7
6223	163
6224	6
6225	7
6226	83
6227	5
6228	6
6229	153
6230	5
6231	74
6232	6
6233	149
6234	6
6235	11
6236	158
6237	5
6238	6
6239	26
6240	5
6241	9
6242	14
6243	4
6244	5
6245	156
6246	7
6247	145
6248	7
6249	43
6250	5
6251	7
6252	121
6253	5
6254	7
6255	68
6256	5
6257	159
6258	4
6259	5
6260	23
6261	5
6262	6
6263	142
6264	5
6265	162
6266	5
6267	6
6268	9
6269	5
6270	54
6271	5
6272	37
6273	4
6274	9
6275	10
6276	3
6277	7
6278	29
6279	7
6280	35
6281	3
6282	7
6283	18
6284	5
6285	5
6286	70
6287	7
6288	34
6289	5
6290	20
6291	5
6292	5
6293	7
6294	2
6295	61
6296	5
6297	66
6298	5
6299	9
6300	33
6301	5
6302	7
6303	14
6304	5
6305	6
6306	25
6307	6
6308	7
6309	26
6310	11
6311	15
6312	5
6313	6
6314	7
6315	2
6316	14
6317	5
6318	4
6319	4
6320	6
6321	7
6322	2
6323	11
6324	3
6325	3
6326	5
6327	1
6328	13
6329	4
6330	1
6331	5
6332	5
6333	1
6334	9
6335	3
6336	3
6337	4
6338	5
6339	1
6340	9
6341	3
6342	3
6343	4
6344	5
6345	1
6346	7
6347	2
6348	4
6349	5
6350	1
6351	37
6352	3
6353	18
6354	4
6355	16
6356	4
6357	7
6358	28
6359	3
6360	7
6361	20
6362	6
6363	16
6364	3
6365	4
6366	5
6367	17
6368	4
6369	5
6370	13
6371	4
6372	10
6373	4
6374	82
6375	4
6376	5
6377	79
6378	4
6379	46
6380	4
6381	5
6382	81
6383	5
6384	75
6385	3
6386	5
6387	12
6388	5
6389	40
6390	4
6391	50
6392	4
6393	5
6394	103
6395	4
6396	64
6397	4
6398	5
6399	89
6400	3
6401	11
6402	4
6403	99
6404	4
6405	67
6406	4
6407	14
6408	16
6409	4
6410	7
6411	35
6412	5
6413	17
6414	26
6415	6
6416	19
6417	4
6418	7
6419	19
6420	6
6421	5
6422	10
6423	4
6424	13
6425	5
6426	5
6427	8
6428	9
6429	3
6430	5
6431	10
6432	4
6433	4
6434	10
6435	4
6436	5
6437	12
6438	3
6439	5
6440	70
6441	11
6442	35
6443	5
6444	81
6445	5
6446	7
6447	67
6448	5
6449	9
6450	38
6451	9
6452	68
6453	7
6454	7
6455	7
6456	75
6457	5
6458	38
6459	5
6460	52
6461	6
6462	9
6463	39
6464	72
6465	6
6466	6
6467	7
6468	62
6469	6
6470	28
6471	6
6472	9
6473	7
6474	64
6475	7
6476	72
6477	7
6478	44
6479	6
6480	6
6481	7
6482	9
6483	4
6484	11
6485	5
6486	9
6487	7
6488	3
6489	10
6490	4
6491	5
6492	6
6493	9
6494	3
6495	7
6496	7
6497	69
6498	5
6499	68
6500	5
6501	44
6502	6
6503	18
6504	4
6505	6
6506	6
6507	9
6508	7
6509	161
6510	5
6511	167
6512	6
6513	10
6514	11
6515	32
6516	7
6517	22
6518	7
6519	22
6520	7
6521	11
6522	11
6523	5
6524	10
6525	17
6526	5
6527	6
6528	5
6529	6
6530	7
6531	7
6532	7
6533	119
6534	6
6535	7
6536	133
6537	8
6538	61
6539	7
6540	160
6541	6
6542	7
6543	83
6544	5
6545	10
6546	104
6547	8
6548	61
6549	24
6550	9
6551	23
6552	7
6553	9
6554	14
6555	5
6556	5
6557	7
6558	143
6559	7
6560	75
6561	6
6562	138
6563	7
6564	7
6565	129
6566	7
6567	48
6568	7
6569	7
6570	54
6571	7
6572	29
6573	8
6574	67
6575	10
6576	40
6577	7
6578	28
6579	8
6580	44
6581	6
6582	7
6583	22
6584	8
6585	9
6586	35
6587	11
6588	39
6589	6
6590	7
6591	26
6592	6
6593	9
6594	18
6595	6
6596	6
6597	15
6598	5
6599	6
6600	70
6601	6
6602	62
6603	6
6604	46
6605	6
6606	17
6607	6
6608	7
6609	34
6610	24
6611	6
6612	8
6613	47
6614	6
6615	36
6616	8
6617	21
6618	7
6619	7
6620	9
6621	6
6622	12
6623	5
6624	8
6625	6
6626	14
6627	4
6628	5
6629	6
6630	9
6631	4
6632	13
6633	5
6634	4
6635	5
6636	6
6637	5
6638	10
6639	4
6640	6
6641	82
6642	5
6643	68
6644	5
6645	12
6646	38
6647	5
6648	157
6649	6
6650	8
6651	100
6652	5
6653	9
6654	158
6655	6
6656	89
6657	6
6658	123
6659	8
6660	10
6661	80
6662	7
6663	145
6664	7
6665	8
6666	154
6667	7
6668	17
6669	7
6670	33
6671	7
6672	149
6673	5
6674	7
6675	101
6676	5
6677	6
6678	158
6679	6
6680	23
6681	6
6682	140
6683	6
6684	157
6685	6
6686	7
6687	26
6688	6
6689	25
6690	5
6691	9
6692	15
6693	6
6694	7
6695	104
6696	10
6697	164
6698	6
6699	10
6700	76
6701	6
6702	10
6703	10
6704	40
6705	11
6706	38
6707	9
6708	14
6709	23
6710	9
6711	10
6712	14
6713	14
6714	6
6715	11
6716	11
6717	75
6718	9
6719	12
6720	71
6721	9
6722	29
6723	10
6724	11
6725	68
6726	10
6727	42
6728	11
6729	69
6730	9
6731	12
6732	55
6733	25
6734	29
6735	7
6736	10
6737	12
6738	5
6739	82
6740	7
6741	57
6742	8
6743	11
6744	38
6745	9
6746	24
6747	8
6748	9
6749	38
6750	8
6751	35
6752	7
6753	10
6754	23
6755	8
6756	9
6757	10
6758	80
6759	9
6760	49
6761	7
6762	54
6763	8
6764	10
6765	23
6766	9
6767	9
6768	10
6769	7
6770	85
6771	7
6772	86
6773	6
6774	7
6775	8
6776	9
6777	7
6778	8
6779	9
6780	11
6781	7
6782	9
6783	12
6784	8
6785	7
6786	9
6787	157
6788	9
6789	11
6790	152
6791	10
6792	12
6793	146
6794	7
6795	12
6796	27
6797	8
6798	7
6799	75
6800	7
6801	91
6802	7
6803	9
6804	10
6805	13
6806	7
6807	53
6808	14
6809	34
6810	7
6811	58
6812	9
6813	12
6814	39
6815	9
6816	17
6817	7
6818	8
6819	97
6820	8
6821	56
6822	7
6823	9
6824	12
6825	61
6826	8
6827	24
6828	9
6829	11
6830	38
6831	31
6832	10
6833	32
6834	8
6835	9
6836	17
6837	6
6838	7
6839	54
6840	10
6841	36
6842	7
6843	67
6844	8
6845	10
6846	62
6847	7
6848	10
6849	26
6850	6
6851	9
6852	9
6853	6
6854	6
6855	7
6856	8
6857	6
6858	6
6859	20
6860	6
6861	5
6862	6
6863	7
6864	94
6865	6
6866	62
6867	9
6868	25
6869	8
6870	10
6871	16
6872	5
6873	7
6874	69
6875	8
6876	87
6877	7
6878	10
6879	10
6880	12
6881	39
6882	8
6883	43
6884	8
6885	11
6886	17
6887	5
6888	6
6889	7
6890	7
6891	6
6892	31
6893	7
6894	27
6895	6
6896	17
6897	6
6898	6
6899	6
6900	9
6901	7
6902	7
6903	7
6904	8
6905	7
6906	8
6907	7
6908	8
6909	6
6910	7
6911	6
6912	7
6913	7
6914	62
6915	6
6916	67
6917	6
6918	8
6919	7
6920	11
6921	5
6922	38
6923	8
6924	29
6925	8
6926	9
6927	21
6928	5
6929	8
6930	9
6931	23
6932	6
6933	10
6934	9
6935	12
6936	5
6937	79
6938	7
6939	76
6940	7
6941	11
6942	12
6943	37
6944	7
6945	14
6946	20
6947	6
6948	7
6949	11
6950	52
6951	7
6952	34
6953	7
6954	11
6955	35
6956	6
6957	25
6958	7
6959	8
6960	37
6961	6
6962	14
6963	5
6964	6
6965	22
6966	7
6967	19
6968	6
6969	6
6970	14
6971	4
6972	4
6973	4
6974	6
6975	75
6976	3
6977	5
6978	73
6979	4
6980	7
6981	31
6982	5
6983	17
6984	4
6985	4
6986	81
6987	4
6988	75
6989	3
6990	25
6991	4
6992	5
6993	7
6994	25
6995	11
6996	16
6997	4
6998	21
6999	4
7000	12
7001	2
7002	105
7003	4
7004	121
7005	2
7006	17
7007	5
7008	69
7009	2
7010	55
7011	5
7012	45
7013	2
7014	14
7015	22
7016	5
7017	2
7018	26
7019	2
7020	19
7021	3
7022	6
7023	7
7024	155
7025	3
7026	79
7027	5
7028	104
7029	2
7030	7
7031	86
7032	2
7033	140
7034	6
7035	31
7036	8
7037	128
7038	6
7039	9
7040	11
7041	4
7042	153
7043	7
7044	132
7045	7
7046	9
7047	27
7048	7
7049	13
7050	6
7051	17
7052	4
7053	5
7054	6
7055	136
7056	5
7057	11
7058	5
7059	158
7060	6
7061	139
7062	6
7063	9
7064	11
7065	105
7066	6
7067	63
7068	6
7069	9
7070	151
7071	7
7072	9
7073	127
7074	6
7075	69
7076	7
7077	11
7078	41
7079	6
7080	31
7081	6
7082	9
7083	157
7084	6
7085	66
7086	7
7087	118
7088	7
7089	9
7090	104
7091	12
7092	141
7093	7
7094	9
7095	124
7096	7
7097	8
7098	9
7099	27
7100	7
7101	22
7102	6
7103	7
7104	7
7105	144
7106	6
7107	87
7108	6
7109	7
7110	151
7111	7
7112	7
7113	7
7114	156
7115	8
7116	9
7117	153
7118	6
7119	7
7120	9
7121	12
7122	5
7123	146
7124	7
7125	83
7126	5
7127	9
7128	157
7129	7
7130	7
7131	146
7132	7
7133	26
7134	7
7135	152
7136	6
7137	8
7138	74
7139	5
7140	7
7141	141
7142	5
7143	6
7144	158
7145	6
7146	8
7147	9
7148	103
7149	6
7150	55
7151	6
7152	41
7153	5
7154	6
7155	6
7156	10
7157	4
7158	26
7159	5
7160	9
7161	17
7162	5
7163	7
7164	19
7165	7
7166	90
7167	5
7168	60
7169	5
7170	23
7171	5
7172	9
7173	83
7174	6
7175	5
7176	55
7177	5
7178	71
7179	5
7180	24
7181	7
7182	38
7183	3
7184	26
7185	5
7186	16
7187	3
7188	6
7189	5
7190	12
7191	3
7192	3
7193	4
7194	6
7195	2
7196	11
7197	4
7198	4
7199	4
7200	4
7201	148
7202	5
7203	154
7204	5
7205	27
7206	4
7207	10
7208	5
7209	101
7210	5
7211	55
7212	5
7213	11
7214	43
7215	6
7216	32
7217	9
7218	128
7219	8
7220	94
7221	10
7222	133
7223	7
7224	9
7225	144
7226	7
7227	10
7228	19
7229	7
7230	8
7231	142
7232	7
7233	73
7234	8
7235	110
7236	7
7237	27
7238	9
7239	142
7240	6
7241	14
7242	93
7243	6
7244	62
7245	8
7246	106
7247	6
7248	9
7249	25
7250	6
7251	67
7252	6
7253	84
7254	6
7255	14
7256	6
7257	44
7258	6
7259	32
7260	5
7261	38
7262	6
7263	10
7264	14
7265	4
7266	9
7267	102
7268	7
7269	63
7270	9
7271	10
7272	26
7273	9
7274	9
7275	9
7276	9
7277	9
7278	9
7279	8
7280	9
7281	10
7282	10
7283	9
7284	10
7285	9
7286	134
7287	9
7288	148
7289	8
7290	10
7291	32
7292	7
7293	9
7294	10
7295	17
7296	6
7297	7
7298	10
7299	63
7300	8
7301	68
7302	8
7303	9
7304	45
7305	8
7306	9
7307	13
7308	6
7309	10
7310	33
7311	14
7312	32
7313	10
7314	109
7315	11
7316	122
7317	9
7318	10
7319	155
7320	8
7321	12
7322	161
7323	9
7324	12
7325	79
7326	8
7327	11
7328	91
7329	9
7330	11
7331	55
7332	7
7333	38
7334	8
7335	9
7336	60
7337	8
7338	53
7339	6
7340	10
7341	74
7342	7
7343	10
7344	73
7345	8
7346	33
7347	7
7348	9
7349	73
7350	8
7351	12
7352	41
7353	7
7354	74
7355	6
7356	9
7357	61
7358	8
7359	12
7360	28
7361	9
7362	10
7363	9
7364	12
7365	67
7366	8
7367	9
7368	71
7369	10
7370	22
7371	7
7372	11
7373	35
7374	8
7375	36
7376	10
7377	21
7378	8
7379	8
7380	11
7381	28
7382	7
7383	7
7384	9
7385	24
7386	9
7387	7
7388	20
7389	7
7390	12
7391	10
7392	9
7393	19
7394	6
7395	7
7396	9
7397	10
7398	7
7399	7
7400	7
7401	12
7402	6
7403	10
7404	7
7405	29
7406	7
7407	12
7408	9
7409	26
7410	9
7411	20
7412	7
7413	46
7414	7
7415	26
7416	9
7417	36
7418	6
7419	13
7420	6
7421	33
7422	10
7423	20
7424	5
7425	6
7426	9
7427	14
7428	5
7429	7
7430	122
7431	6
7432	11
7433	119
7434	7
7435	61
7436	6
7437	7
7438	10
7439	5
7440	152
7441	7
7442	83
7443	7
7444	108
7445	6
7446	35
7447	5
7448	130
7449	6
7450	10
7451	7
7452	144
7453	5
7454	9
7455	70
7456	6
7457	34
7458	7
7459	61
7460	6
7461	9
7462	64
7463	7
7464	31
7465	7
7466	12
7467	71
7468	6
7469	44
7470	6
7471	66
7472	6
7473	8
7474	8
7475	68
7476	6
7477	44
7478	7
7479	76
7480	6
7481	6
7482	71
7483	6
7484	7
7485	26
7486	6
7487	17
7488	6
7489	7
7490	59
7491	6
7492	62
7493	6
7494	7
7495	29
7496	7
7497	20
7498	6
7499	10
7500	21
7501	7
7502	10
7503	7
7504	8
7505	6
7506	6
7507	38
7508	6
7509	26
7510	8
7511	19
7512	6
7513	7
7514	10
7515	5
7516	31
7517	14
7518	5
7519	22
7520	6
7521	22
7522	7
7523	7
7524	12
7525	5
7526	6
7527	7
7528	14
7529	5
7530	5
7531	6
7532	7
7533	7
7534	3
7535	102
7536	6
7537	58
7538	6
7539	6
7540	32
7541	6
7542	75
7543	6
7544	67
7545	5
7546	6
7547	32
7548	6
7549	23
7550	5
7551	63
7552	110
7553	5
7554	6
7555	12
7556	5
7557	6
7558	143
7559	7
7560	163
7561	5
7562	8
7563	12
7564	35
7565	5
7566	32
7567	12
7568	5
7569	24
7570	6
7571	8
7572	17
7573	5
7574	19
7575	5
7576	7
7577	8
7578	3
7579	140
7580	6
7581	69
7582	7
7583	161
7584	8
7585	14
7586	99
7587	8
7588	26
7589	7
7590	11
7591	148
7592	7
7593	132
7594	10
7595	14
7596	103
7597	6
7598	58
7599	9
7600	13
7601	22
7602	8
7603	9
7604	10
7605	153
7606	8
7607	11
7608	158
7609	8
7610	15
7611	7
7612	149
7613	11
7614	74
7615	10
7616	105
7617	8
7618	11
7619	66
7620	6
7621	9
7622	71
7623	8
7624	10
7625	73
7626	8
7627	36
7628	10
7629	63
7630	7
7631	8
7632	66
7633	7
7634	9
7635	10
7636	6
7637	72
7638	6
7639	37
7640	9
7641	68
7642	6
7643	9
7644	63
7645	8
7646	36
7647	8
7648	8
7649	79
7650	8
7651	69
7652	10
7653	26
7654	8
7655	12
7656	17
7657	8
7658	13
7659	11
7660	11
7661	9
7662	11
7663	9
7664	9
7665	12
7666	7
7667	12
7668	12
7669	11
7670	12
7671	11
7672	11
7673	11
7674	11
7675	11
7676	10
7677	10
7678	10
7679	11
7680	162
7681	9
7682	12
7683	160
7684	10
7685	13
7686	141
7687	9
7688	12
7689	15
7690	36
7691	10
7692	33
7693	11
7694	19
7695	6
7696	7
7697	15
7698	6
7699	137
7700	8
7701	161
7702	7
7703	11
7704	12
7705	6
7706	19
7707	7
7708	10
7709	11
7710	12
7711	5
7712	10
7713	10
7714	4
7715	12
7716	5
7717	9
7718	9
7719	6
7720	10
7721	10
7722	10
7723	10
7724	12
7725	10
7726	10
7727	9
7728	9
7729	10
7730	9
7731	9
7732	9
7733	9
7734	153
7735	8
7736	150
7737	8
7738	9
7739	12
7740	6
7741	12
7742	8
7743	73
7744	7
7745	10
7746	70
7747	10
7748	30
7749	9
7750	12
7751	32
7752	11
7753	23
7754	8
7755	11
7756	62
7757	9
7758	11
7759	53
7760	11
7761	36
7762	7
7763	15
7764	10
7765	29
7766	6
7767	9
7768	9
7769	10
7770	7
7771	164
7772	8
7773	139
7774	9
7775	37
7776	7
7777	19
7778	8
7779	119
7780	7
7781	11
7782	62
7783	8
7784	74
7785	7
7786	9
7787	35
7788	5
7789	11
7790	5
7791	23
7792	7
7793	11
7794	18
7795	7
7796	9
7797	12
7798	5
7799	8
7800	8
7801	7
7802	6
7803	6
7804	7
7805	6
7806	7
7807	9
7808	7
7809	7
7810	9
7811	8
7812	7
7813	7
7814	7
7815	8
7816	7
7817	7
7818	7
7819	7
7820	7
7821	6
7822	6
7823	6
7824	6
7825	6
7826	6
7827	7
7828	6
7829	7
7830	6
7831	9
7832	7
7833	7
7834	7
7835	12
7836	5
7837	6
7838	7
7839	7
7840	7
7841	6
7842	6
7843	9
7844	6
7845	9
7846	7
7847	10
7848	7
7849	10
7850	7
7851	124
7852	9
7853	160
7854	8
7855	10
7856	9
7857	12
7858	9
7859	60
7860	8
7861	73
7862	7
7863	15
7864	33
7865	7
7866	11
7867	14
7868	6
7869	25
7870	8
7871	144
7872	7
7873	11
7874	156
7875	7
7876	10
7877	82
7878	6
7879	116
7880	7
7881	8
7882	7
7883	68
7884	7
7885	25
7886	6
7887	78
7888	6
7889	10
7890	69
7891	6
7892	36
7893	8
7894	8
7895	27
7896	6
7897	61
7898	6
7899	7
7900	55
7901	6
7902	7
7903	76
7904	7
7905	9
7906	10
7907	6
7908	68
7909	8
7910	38
7911	8
7912	53
7913	7
7914	34
7915	7
7916	22
7917	6
7918	7
7919	7
7920	11
7921	7
7922	8
7923	7
7924	84
7925	7
7926	66
7927	7
7928	11
7929	11
7930	33
7931	7
7932	12
7933	34
7934	124
7935	6
7936	10
7937	153
7938	7
7939	7
7940	74
7941	6
7942	10
7943	75
7944	6
7945	9
7946	41
7947	6
7948	12
7949	27
7950	10
7951	20
7952	6
7953	9
7954	15
7955	6
7956	7
7957	10
7958	14
7959	5
7960	6
7961	9
7962	10
7963	4
7964	10
7965	6
7966	10
7967	6
7968	7
7969	53
7970	7
7971	40
7972	7
7973	8
7974	29
7975	6
7976	7
7977	19
7978	6
7979	7
7980	36
7981	6
7982	26
7983	6
7984	9
7985	103
7986	5
7987	5
7988	162
7989	6
7990	7
7991	71
7992	5
7993	10
7994	70
7995	5
7996	6
7997	12
7998	5
7999	72
8000	5
8001	43
8002	6
8003	59
8004	6
8005	9
8006	25
8007	6
8008	9
8009	21
8010	9
8011	52
8012	5
8013	41
8014	68
8015	5
8016	6
8017	9
8018	63
8019	6
8020	7
8021	33
8022	8
8023	68
8024	5
8025	6
8026	8
8027	69
8028	5
8029	7
8030	73
8031	10
8032	10
8033	33
8034	9
8035	21
8036	8
8037	9
8038	30
8039	8
8040	10
8041	10
8042	10
8043	10
8044	10
8045	9
8046	19
8047	6
8048	7
8049	7
8050	7
8051	7
8052	9
8053	6
8054	6
8055	12
8056	5
8057	6
8058	9
8059	6
8060	9
8061	6
8062	8
8063	10
8064	7
8065	7
8066	65
8067	8
8068	58
8069	7
8070	37
8071	6
8072	23
8073	6
8074	8
8075	9
8076	19
8077	6
8078	6
8079	8
8080	12
8081	5
8082	8
8083	11
8084	5
8085	13
8086	5
8087	6
8088	11
8089	7
8090	124
8091	6
8092	161
8093	8
8094	10
8095	11
8096	15
8097	6
8098	55
8099	10
8100	73
8101	9
8102	10
8103	10
8104	12
8105	5
8106	20
8107	8
8108	8
8109	11
8110	15
8111	6
8112	32
8113	7
8114	11
8115	14
8116	6
8117	14
8118	6
8119	54
8120	12
8121	29
8122	10
8123	12
8124	12
8125	37
8126	28
8127	10
8128	39
8129	10
8130	11
8131	39
8132	9
8133	13
8134	34
8135	8
8136	11
8137	31
8138	10
8139	11
8140	13
8141	11
8142	11
8143	11
8144	12
8145	11
8146	11
8147	11
8148	11
8149	11
8150	11
8151	11
8152	12
8153	11
8154	10
8155	10
8156	9
8157	10
8158	10
8159	10
8160	10
8161	10
8162	10
8163	13
8164	13
8165	8
8166	13
8167	8
8168	11
8169	9
8170	9
8171	10
8172	13
8173	8
8174	11
8175	12
8176	12
8177	9
8178	17
8179	7
8180	8
8181	12
8182	9
8183	10
8184	10
8185	10
8186	9
8187	10
8188	10
8189	11
8190	12
8191	8
8192	12
8193	10
8194	14
8195	9
8196	109
8197	67
8198	9
8199	109
8200	68
8201	10
8202	35
8203	9
8204	17
8205	10
8206	104
8207	10
8208	145
8209	11
8210	12
8211	78
8212	9
8213	43
8214	9
8215	14
8216	54
8217	10
8218	29
8219	10
8220	14
8221	55
8222	30
8223	9
8224	44
8225	9
8226	94
8227	9
8228	9
8229	64
8230	9
8231	17
8232	41
8233	9
8234	82
8235	8
8236	9
8237	10
8238	68
8239	8
8240	44
8241	9
8242	77
8243	8
8244	9
8245	72
8246	7
8247	9
8248	36
8249	7
8250	10
8251	25
8252	8
8253	9
8254	22
8255	8
8256	17
8257	6
8258	8
8259	9
8260	10
8261	7
8262	9
8263	9
8264	10
8265	8
8266	9
8267	9
8268	8
8269	9
8270	8
8271	9
8272	8
8273	6
8274	9
8275	7
8276	7
8277	7
8278	7
8279	7
8280	7
8281	7
8282	7
8283	9
8284	6
8285	7
8286	9
8287	6
8288	7
8289	8
8290	6
8291	10
8292	5
8293	7
8294	7
8295	9
8296	6
8297	7
8298	7
8299	9
8300	6
8301	6
8302	7
8303	157
8304	6
8305	86
8306	6
8307	158
8308	6
8309	7
8310	124
8311	7
8312	10
8313	7
8314	83
8315	7
8316	164
8317	6
8318	6
8319	8
8320	141
8321	6
8322	25
8323	8
8324	132
8325	6
8326	5
8327	160
8328	6
8329	6
8330	7
8331	37
8332	6
8333	83
8334	5
8335	6
8336	68
8337	7
8338	34
8339	5
8340	62
8341	7
8342	7
8343	71
8344	7
8345	38
8346	6
8347	6
8348	12
8349	5
8350	8
8351	6
8352	59
8353	8
8354	78
8355	5
8356	15
8357	30
8358	6
8359	7
8360	9
8361	14
8362	5
8363	6
8364	26
8365	9
8366	10
8367	4
8368	9
8369	138
8370	5
8371	159
8372	5
8373	8
8374	9
8375	10
8376	4
8377	39
8378	9
8379	31
8380	5
8381	24
8382	4
8383	4
8384	5
8385	7
8386	3
8387	28
8388	7
8389	17
8390	4
8391	7
8392	2
8393	19
8394	5
8395	9
8396	3
8397	3
8398	20
8399	2
8400	4
8401	3
8402	7
8403	2
8404	3
8405	19
8406	6
8407	2
8408	33
8409	2
8410	23
8411	2
8412	6
8413	2
8414	8
8415	3
8416	12
8417	3
8418	4
8419	5
8420	6
8421	2
8422	8
8423	3
8424	8
8425	2
8426	7
8427	3
8428	5
8429	2
8430	7
8431	2
8432	7
8433	3
8434	4
8435	5
8436	6
8437	2
8438	6
8439	5
8440	5
8441	5
8442	5
8443	5
8444	6
8445	5
8446	6
8447	7
8448	5
8449	6
8450	6
8451	7
8452	5
8453	5
8454	6
8455	7
8456	4
8457	5
8458	5
8459	5
8460	5
8461	5
8462	6
8463	5
8464	5
8465	5
8466	4
8467	5
8468	5
8469	4
8470	4
8471	5
8472	5
8473	5
8474	5
8475	108
8476	5
8477	39
8478	4
8479	133
8480	5
8481	142
8482	5
8483	96
8484	4
8485	7
8486	9
8487	44
8488	4
8489	26
8490	5
8491	22
8492	6
8493	15
8494	5
8495	7
8496	7
8497	9
8498	6
8499	32
8500	4
8501	26
8502	7
8503	33
8504	5
8505	7
8506	7
8507	79
8508	4
8509	72
8510	6
8511	19
8512	5
8513	7
8514	6
8515	100
8516	4
8517	60
8518	5
8519	7
8520	9
8521	37
8522	6
8523	82
8524	5
8525	72
8526	4
8527	5
8528	24
8529	5
8530	17
8531	4
8532	5
8533	5
8534	53
8535	4
8536	68
8537	4
8538	7
8539	5
8540	28
8541	4
8542	22
8543	4
8544	35
8545	4
8546	8
8547	3
8548	27
8549	4
8550	22
8551	3
8552	31
8553	3
8554	5
8555	6
8556	28
8557	4
8558	24
8559	4
8560	11
8561	4
8562	8
8563	4
8564	26
8565	4
8566	19
8567	5
8568	28
8569	4
8570	11
8571	4
8572	27
8573	5
8574	18
8575	5
8576	19
8577	4
8578	6
8579	7
8580	9
8581	4
8582	26
8583	5
8584	10
8585	4
8586	25
8587	7
8588	19
8589	5
8590	10
8591	4
8592	14
8593	4
8594	4
8595	7
8596	7
8597	10
8598	4
8599	151
8600	6
8601	9
8602	160
8603	7
8604	10
8605	69
8606	6
8607	28
8608	7
8609	79
8610	7
8611	72
8612	8
8613	14
8614	47
8615	8
8616	34
8617	9
8618	28
8619	6
8620	10
8621	14
8622	5
8623	6
8624	9
8625	138
8626	8
8627	151
8628	7
8629	9
8630	16
8631	6
8632	6
8633	7
8634	86
8635	6
8636	68
8637	6
8638	10
8639	10
8640	14
8641	6
8642	75
8643	111
8644	8
8645	10
8646	12
8647	46
8648	9
8649	108
8650	8
8651	12
8652	90
8653	8
8654	89
8655	10
8656	15
8657	10
8658	57
8659	12
8660	34
8661	12
8662	54
8663	9
8664	35
8665	11
8666	23
8667	9
8668	10
8669	76
8670	9
8671	68
8672	8
8673	10
8674	10
8675	10
8676	10
8677	12
8678	9
8679	10
8680	10
8681	10
8682	11
8683	11
8684	7
8685	12
8686	8
8687	106
8688	11
8689	158
8690	10
8691	12
8692	38
8693	9
8694	35
8695	9
8696	10
8697	11
8698	14
8699	6
8700	10
8701	10
8702	10
8703	10
8704	8
8705	9
8706	10
8707	10
8708	10
8709	10
8710	9
8711	9
8712	9
8713	9
8714	9
8715	9
8716	10
8717	7
8718	11
8719	9
8720	9
8721	9
8722	10
8723	8
8724	11
8725	8
8726	11
8727	11
8728	8
8729	9
8730	10
8731	8
8732	8
8733	8
8734	9
8735	7
8736	7
8737	8
8738	9
8739	104
8740	7
8741	61
8742	9
8743	31
8744	6
8745	6
8746	9
8747	144
8748	6
8749	7
8750	167
8751	6
8752	8
8753	159
8754	7
8755	36
8756	7
8757	61
8758	6
8759	10
8760	62
8761	7
8762	29
8763	7
8764	9
8765	6
8766	9
8767	6
8768	73
8769	5
8770	38
8771	8
8772	69
8773	6
8774	7
8775	66
8776	6
8777	7
8778	24
8779	9
8780	66
8781	7
8782	30
8783	14
8784	8
8785	10
8786	7
8787	69
8788	9
8789	62
8790	7
8791	31
8792	9
8793	6
8794	23
8795	8
8796	15
8797	5
8798	5
8799	17
8800	4
8801	5
8802	5
8803	5
8804	5
8805	7
8806	7
8807	12
8808	4
8809	5
8810	6
8811	7
8812	5
8813	7
8814	5
8815	5
8816	6
8817	5
8818	5
8819	5
8820	4
8821	5
8822	4
8823	8
8824	3
8825	3
8826	4
8827	5
8828	4
8829	5
8830	4
8831	10
8832	3
8833	4
8834	5
8835	69
8836	7
8837	76
8838	5
8839	10
8840	18
8841	7
8842	7
8843	25
8844	6
8845	12
8846	6
8847	33
8848	5
8849	43
8850	4
8851	5
8852	5
8853	26
8854	4
8855	19
8856	6
8857	17
8858	5
8859	6
8860	34
8861	4
8862	28
8863	4
8864	10
8865	4
8866	17
8867	4
8868	5
8869	7
8870	63
8871	4
8872	46
8873	5
8874	73
8875	5
8876	14
8877	5
8878	62
8879	7
8880	30
8881	5
8882	66
8883	5
8884	59
8885	5
8886	57
8887	5
8888	25
8889	6
8890	9
8891	6
8892	38
8893	14
8894	32
8895	6
8896	9
8897	6
8898	14
8899	5
8900	5
8901	62
8902	44
8903	5
8904	59
8905	7
8906	15
8907	6
8908	40
8909	7
8910	30
8911	6
8912	27
8913	6
8914	9
8915	4
8916	12
8917	4
8918	7
8919	19
8920	4
8921	4
8922	9
8923	9
8924	4
8925	152
8926	8
8927	148
8928	8
8929	32
8930	9
8931	11
8932	11
8933	12
8934	8
8935	35
8936	9
8937	12
8938	30
8939	9
8940	12
8941	15
8942	6
8943	12
8944	29
8945	8
8946	9
8947	10
8948	28
8949	7
8950	10
8951	10
8952	13
8953	6
8954	23
8955	8
8956	9
8957	9
8958	10
8959	9
8960	10
8961	23
8962	8
8963	9
8964	9
8965	8
8966	10
8967	10
8968	7
8969	10
8970	10
8971	10
8972	8
8973	8
8974	9
8975	9
8976	6
8977	8
8978	9
8979	11
8980	9
8981	7
8982	8
8983	10
8984	8
8985	8
8986	7
8987	10
8988	8
8989	7
8990	8
8991	10
8992	8
8993	8
8994	9
8995	11
8996	7
8997	10
8998	7
8999	10
9000	7
9001	10
9002	6
9003	7
9004	10
9005	8
9006	6
9007	9
9008	10
9009	9
9010	7
9011	9
9012	11
9013	9
9014	9
9015	8
9016	14
9017	6
9018	6
9019	7
9020	12
9021	6
9022	60
9023	7
9024	79
9025	9
9026	12
9027	33
9028	8
9029	9
9030	80
9031	6
9032	7
9033	78
9034	7
9035	7
9036	64
9037	7
9038	12
9039	69
9040	6
9041	12
9042	30
9043	7
9044	7
9045	23
9046	6
9047	83
9048	5
9049	60
9050	6
9051	7
9052	7
9053	21
9054	5
9055	6
9056	11
9057	56
9058	5
9059	72
9060	5
9061	9
9062	26
9063	6
9064	6
9065	21
9066	6
9067	8
9068	7
9069	11
9070	5
9071	7
9072	7
9073	38
9074	7
9075	21
9076	7
9077	26
9078	7
9079	12
9080	6
9081	35
9082	7
9083	25
9084	6
9085	7
9086	23
9087	9
9088	7
9089	7
9090	10
9091	6
9092	7
9093	7
9094	14
9095	5
9096	5
9097	6
9098	22
9099	6
9100	7
9101	12
9102	5
9103	5
9104	8
9105	9
9106	6
9107	7
9108	10
9109	5
9110	8
9111	8
9112	6
9113	6
9114	9
9115	4
9116	8
9117	6
9118	9
9119	4
9120	8
9121	5
9122	8
9123	5
9124	8
9125	6
9126	9
9127	4
9128	9
9129	5
9130	9
9131	5
9132	9
9133	4
9134	9
9135	6
9136	7
9137	7
9138	8
9139	6
9140	9
9141	6
9142	9
9143	7
9144	11
9145	5
9146	9
9147	8
9148	9
9149	8
9150	8
9151	12
9152	5
9153	8
9154	9
9155	6
9156	10
9157	4
9158	8
9159	6
9160	10
9161	4
9162	8
9163	6
9164	9
9165	4
9166	36
9167	6
9168	24
9169	6
9170	41
9171	10
9172	13
9173	6
9174	26
9175	9
9176	22
9177	9
9178	17
9179	6
9180	8
9181	9
9182	9
9183	6
9184	10
9185	5
9186	7
9187	9
9188	6
9189	14
9190	5
9191	6
9192	35
9193	6
9194	25
9195	7
9196	20
9197	7
9198	6
9199	10
9200	6
9201	7
9202	7
9203	7
9204	7
9205	30
9206	6
9207	6
9208	9
9209	25
9210	10
9211	16
9212	6
9213	21
9214	6
9215	6
9216	7
9217	7
9218	6
9219	7
9220	22
9221	7
9222	20
9223	5
9224	7
9225	24
9226	6
9227	7
9228	11
9229	7
9230	7
9231	7
9232	11
9233	7
9234	33
9235	5
9236	9
9237	19
9238	8
9239	23
9240	7
9241	10
9242	8
9243	4
9244	9
9245	10
9246	4
9247	5
9248	9
9249	6
9250	9
9251	4
9252	9
9253	12
9254	4
9255	7
9256	7
9257	59
9258	7
9259	58
9260	5
9261	70
9262	5
9263	7
9264	61
9265	8
9266	26
9267	6
9268	5
9269	12
9270	4
9271	4
9272	6
9273	14
9274	3
9275	5
9276	5
9277	143
9278	5
9279	147
9280	5
9281	11
9282	4
9283	29
9284	3
9285	10
9286	4
9287	99
9288	3
9289	60
9290	4
9291	12
9292	4
9293	80
9294	7
9295	95
9296	4
9297	5
9298	7
9299	10
9300	3
9301	3
9302	12
9303	4
9304	4
9305	6
9306	8
9307	2
9308	9
9309	3
9310	12
9311	4
9312	4
9313	5
9314	10
9315	3
9316	3
9317	9
9318	3
9319	4
9320	138
9321	5
9322	135
9323	4
9324	36
9325	2
9326	11
9327	4
9328	79
9329	3
9330	78
9331	4
9332	8
9333	3
9334	9
9335	2
9336	15
9337	3
9338	5
9339	5
9340	7
9341	2
9342	154
9343	7
9344	85
9345	6
9346	144
9347	7
9348	31
9349	6
9350	131
9351	7
9352	7
9353	158
9354	7
9355	11
9356	8
9357	9
9358	6
9359	72
9360	6
9361	38
9362	7
9363	83
9364	6
9365	9
9366	61
9367	6
9368	6
9369	56
9370	8
9371	26
9372	7
9373	20
9374	6
9375	6
9376	9
9377	5
9378	6
9379	7
9380	6
9381	5
9382	5
9383	5
9384	6
9385	5
9386	5
9387	7
9388	7
9389	3
9390	6
9391	7
9392	3
9393	154
9394	7
9395	163
9396	6
9397	7
9398	7
9399	53
9400	6
9401	7
9402	33
9403	6
9404	7
9405	29
9406	5
9407	20
9408	5
9409	6
9410	7
9411	43
9412	5
9413	24
9414	6
9415	35
9416	6
9417	26
9418	6
9419	8
9420	8
9421	30
9422	6
9423	19
9424	7
9425	30
9426	6
9427	7
9428	11
9429	26
9430	6
9431	7
9432	24
9433	7
9434	11
9435	5
9436	24
9437	7
9438	14
9439	5
9440	23
9441	5
9442	10
9443	7
9444	18
9445	5
9446	8
9447	10
9448	4
9449	17
9450	6
9451	5
9452	14
9453	4
9454	6
9455	5
9456	11
9457	4
9458	4
9459	4
9460	4
9461	75
9462	4
9463	4
9464	73
9465	5
9466	36
9467	6
9468	58
9469	7
9470	38
9471	5
9472	16
9473	4
9474	4
9475	4
9476	67
9477	5
9478	80
9479	4
9480	6
9481	21
9482	7
9483	8
9484	9
9485	19
9486	4
9487	5
9488	6
9489	8
9490	3
9491	12
9492	4
9493	6
9494	95
9495	4
9496	5
9497	62
9498	6
9499	48
9500	5
9501	84
9502	4
9503	5
9504	5
9505	1
9506	63
9507	6
9508	61
9509	3
9510	41
9511	4
9512	4
9513	6
9514	24
9515	4
9516	23
9517	3
9518	14
9519	3
9520	3
9521	5
9522	25
9523	3
9524	21
9525	3
9526	5
9527	12
9528	5
9529	12
9530	5
9531	7
9532	69
9533	3
9534	71
9535	5
9536	6
9537	9
9538	23
9539	8
9540	14
9541	4
9542	4
9543	19
9544	7
9545	3
9546	104
9547	7
9548	58
9549	4
9550	7
9551	153
9552	5
9553	84
9554	4
9555	106
9556	5
9557	6
9558	10
9559	4
9560	120
9561	4
9562	157
9563	6
9564	12
9565	4
9566	11
9567	4
9568	4
9569	143
9570	3
9571	71
9572	4
9573	109
9574	3
9575	7
9576	3
9577	154
9578	4
9579	84
9580	5
9581	118
9582	4
9583	14
9584	6
9585	163
9586	5
9587	93
9588	6
9589	14
9590	5
9591	142
9592	9
9593	160
9594	8
9595	16
9596	5
9597	9
9598	9
9599	3
9600	140
9601	9
9602	150
9603	6
9604	12
9605	30
9606	9
9607	23
9608	7
9609	9
9610	7
9611	10
9612	100
9613	6
9614	9
9615	61
9616	7
9617	55
9618	7
9619	70
9620	8
9621	13
9622	81
9623	7
9624	12
9625	44
9626	6
9627	33
9628	7
9629	10
9630	20
9631	6
9632	8
9633	9
9634	7
9635	7
9636	13
9637	5
9638	6
9639	132
9640	9
9641	148
9642	6
9643	10
9644	38
9645	8
9646	28
9647	10
9648	47
9649	10
9650	32
9651	8
9652	10
9653	56
9654	7
9655	9
9656	33
9657	10
9658	26
9659	7
9660	8
9661	47
9662	7
9663	17
9664	7
9665	27
9666	8
9667	17
9668	6
9669	72
9670	7
9671	10
9672	30
9673	6
9674	63
9675	8
9676	9
9677	63
9678	9
9679	22
9680	9
9681	39
9682	8
9683	31
9684	7
9685	10
9686	11
9687	5
9688	6
9689	25
9690	8
9691	12
9692	5
9693	25
9694	11
9695	18
9696	5
9697	7
9698	144
9699	6
9700	7
9701	153
9702	6
9703	9
9704	7
9705	74
9706	7
9707	139
9708	6
9709	7
9710	109
9711	6
9712	28
9713	7
9714	12
9715	29
9716	5
9717	7
9718	18
9719	7
9720	8
9721	105
9722	5
9723	153
9724	5
9725	5
9726	6
9727	7
9728	9
9729	3
9730	5
9731	73
9732	6
9733	5
9734	75
9735	7
9736	61
9737	5
9738	6
9739	89
9740	5
9741	7
9742	67
9743	7
9744	69
9745	5
9746	7
9747	43
9748	5
9749	20
9750	6
9751	35
9752	5
9753	8
9754	35
9755	6
9756	29
9757	5
9758	5
9759	20
9760	5
9761	6
9762	5
9763	17
9764	6
9765	12
9766	4
9767	5
9768	6
9769	6
9770	3
9771	5
9772	6
9773	5
9774	4
9775	4
9776	137
9777	4
9778	141
9779	4
9780	5
9781	6
9782	7
9783	4
9784	22
9785	4
9786	7
9787	5
9788	15
9789	4
9790	7
9791	5
9792	17
9793	5
9794	14
9795	4
9796	5
9797	8
9798	20
9799	4
9800	8
9801	4
9802	20
9803	4
9804	13
9805	4
9806	6
9807	11
9808	4
9809	5
9810	100
9811	4
9812	60
9813	4
9814	19
9815	4
9816	146
9817	3
9818	8
9819	25
9820	134
9821	4
9822	7
9823	157
9824	5
9825	5
9826	30
9827	5
9828	60
9829	3
9830	4
9831	79
9832	4
9833	8
9834	66
9835	5
9836	36
9837	4
9838	53
9839	4
9840	5
9841	6
9842	79
9843	3
9844	7
9845	81
9846	4
9847	20
9848	5
9849	38
9850	5
9851	42
9852	5
9853	12
9854	27
9855	5
9856	5
9857	9
9858	4
9859	69
9860	5
9861	62
9862	6
9863	26
9864	5
9865	23
9866	6
9867	7
9868	7
9869	11
9870	4
9871	5
9872	6
9873	12
9874	4
9875	4
9876	6
9877	11
9878	4
9879	5
9880	11
9881	4
9882	5
9883	157
9884	7
9885	153
9886	7
9887	11
9888	12
9889	23
9890	6
9891	8
9892	7
9893	10
9894	7
9895	83
9896	5
9897	55
9898	7
9899	12
9900	7
9901	38
9902	17
9903	8
9904	25
9905	9
9906	109
9907	8
9908	48
9909	7
9910	128
9911	11
9912	60
9913	9
9914	31
9915	10
9916	10
9917	9
9918	152
9919	7
9920	151
9921	7
9922	8
9923	10
9924	11
9925	7
9926	17
9927	7
9928	10
9929	7
9930	106
9931	8
9932	38
9933	9
9934	120
9935	9
9936	12
9937	108
9938	10
9939	68
9940	9
9941	10
9942	31
9943	8
9944	140
9945	8
9946	11
9947	148
9948	10
9949	11
9950	12
9951	78
9952	9
9953	14
9954	155
9955	8
9956	10
9957	145
9958	7
9959	9
9960	10
9961	67
9962	7
9963	156
9964	8
9965	10
9966	10
9967	10
9968	124
9969	8
9970	17
9971	147
9972	9
9973	30
9974	9
9975	14
9976	140
9977	9
9978	67
9979	9
9980	113
9981	7
9982	8
9983	9
9984	157
9985	9
9986	54
9987	7
9988	167
9989	7
9990	10
9991	148
9992	7
9993	26
9994	7
9995	67
9996	7
9997	82
9998	6
9999	7
10000	10
