1	1
2	1
3	2
4	2
5	2
6	2
7	2
8	1
9	2
10	2
11	2
12	1
13	1
14	1
15	1
16	1
17	1
18	1
19	1
20	2
21	3
22	3
23	2
24	2
25	2
26	2
27	2
28	2
29	2
30	2
31	2
32	2
33	2
34	2
35	2
36	2
37	2
38	3
39	2
40	2
41	2
42	2
43	2
44	2
45	2
46	2
47	2
48	2
49	2
50	2
51	2
52	2
53	2
54	2
55	2
56	2
57	2
58	2
59	2
60	2
61	2
62	2
63	2
64	2
65	2
66	3
67	3
68	3
69	3
70	3
71	3
72	3
73	3
74	3
75	3
76	3
77	3
78	3
79	3
80	3
81	3
82	3
83	3
84	3
85	3
86	3
87	3
88	3
89	3
90	3
91	3
92	3
93	2
94	2
95	2
96	2
97	2
98	2
99	2
100	2
101	2
102	2
103	2
104	2
105	2
106	2
107	3
108	3
109	3
110	2
111	2
112	2
113	2
114	2
115	2
116	2
117	2
118	2
119	1
120	1
121	1
122	1
123	1
124	1
125	1
126	1
127	1
128	1
129	1
130	2
131	2
132	2
133	2
134	2
135	3
136	3
137	3
138	2
139	1
140	1
141	1
142	1
143	1
144	1
145	1
146	1
147	1
148	1
149	1
150	1
151	1
152	1
153	1
154	1
155	1
156	1
157	1
158	1
159	1
160	1
161	1
162	1
163	1
164	2
165	2
166	2
167	2
168	2
169	2
170	2
171	2
172	2
173	2
174	2
175	2
176	2
177	2
178	2
179	2
180	2
181	2
182	2
183	2
184	2
185	2
186	2
187	2
188	2
189	2
190	2
191	2
192	2
193	2
194	2
195	2
196	2
197	2
198	2
199	2
200	2
201	2
202	2
203	2
204	2
205	2
206	2
207	2
208	2
209	2
210	2
211	2
212	2
213	2
214	2
215	2
216	2
217	2
218	2
219	2
220	2
221	2
222	2
223	2
224	2
225	2
226	2
227	2
228	2
229	2
230	2
231	2
232	2
233	2
234	2
235	2
236	2
237	2
238	2
239	2
240	2
241	2
242	2
243	2
244	2
245	2
246	2
247	2
248	2
249	2
250	2
251	2
252	1
253	1
254	1
255	1
256	1
257	1
258	1
259	1
260	1
261	1
262	1
263	1
264	1
265	1
266	1
267	1
268	1
269	1
270	1
271	1
272	1
273	1
274	1
275	1
276	1
277	1
278	1
279	1
280	1
281	1
282	1
283	1
284	1
285	1
286	1
287	1
288	1
289	1
290	1
291	1
292	1
293	1
294	1
295	1
296	1
297	1
298	2
299	2
300	1
301	1
302	1
303	2
304	2
305	2
306	1
307	1
308	1
309	1
310	1
311	1
312	1
313	1
314	1
315	1
316	1
317	1
318	1
319	1
320	1
321	1
322	1
323	1
324	1
325	1
326	1
327	1
328	1
329	1
330	1
331	2
332	2
333	2
334	2
335	2
336	2
337	2
338	2
339	2
340	2
341	2
342	2
343	2
344	2
345	2
346	2
347	2
348	2
349	2
350	2
351	2
352	2
353	2
354	2
355	2
356	2
357	2
358	1
359	1
360	2
361	2
362	2
363	1
364	1
365	1
366	1
367	1
368	1
369	1
370	1
371	1
372	1
373	1
374	1
375	1
376	1
377	1
378	1
379	1
380	1
381	1
382	1
383	1
384	1
385	1
386	1
387	1
388	1
389	1
390	1
391	1
392	1
393	1
394	1
395	1
396	1
397	1
398	1
399	1
400	1
401	1
402	1
403	1
404	1
405	1
406	1
407	1
408	1
409	1
410	1
411	1
412	1
413	1
414	1
415	1
416	1
417	1
418	1
419	1
420	1
421	1
422	1
423	1
424	1
425	1
426	1
427	1
428	1
429	1
430	1
431	1
432	1
433	1
434	1
435	1
436	1
437	1
438	1
439	1
440	1
441	1
442	1
443	1
444	1
445	1
446	1
447	1
448	1
449	1
450	1
451	1
452	1
453	1
454	1
455	1
456	1
457	1
458	1
459	1
460	1
461	1
462	1
463	1
464	1
465	1
466	1
467	1
468	1
469	1
470	1
471	1
472	1
473	1
474	1
475	1
476	1
477	1
478	1
479	1
480	1
481	1
482	1
483	1
484	1
485	1
486	3
487	2
488	2
489	2
490	2
491	2
492	1
493	2
494	2
495	2
496	2
497	1
498	2
499	2
500	1
501	1
502	2
503	1
504	1
505	1
506	1
507	1
508	1
509	1
510	1
511	1
512	1
513	1
514	1
515	1
516	1
517	1
518	1
519	1
520	1
521	1
522	1
523	1
524	1
525	1
526	1
527	1
528	1
529	1
530	1
531	1
532	1
533	1
534	1
535	1
536	1
537	1
538	1
539	1
540	1
541	1
542	1
543	1
544	1
545	1
546	1
547	1
548	1
549	1
550	1
551	1
552	1
553	1
554	1
555	1
556	1
557	1
558	1
559	1
560	1
561	1
562	1
563	1
564	1
565	1
566	1
567	1
568	1
569	1
570	1
571	1
572	1
573	1
574	1
575	1
576	1
577	1
578	1
579	1
580	1
581	1
582	1
583	1
584	1
585	1
586	1
587	1
588	1
589	1
590	1
591	1
592	1
593	1
594	1
595	1
596	1
597	1
598	1
599	1
600	1
601	1
602	1
603	1
604	1
605	1
606	1
607	1
608	1
609	1
610	1
611	1
612	1
613	1
614	1
615	1
616	1
617	2
618	2
619	1
620	2
621	2
622	2
623	2
624	2
625	2
626	2
627	2
628	2
629	2
630	1
631	1
632	1
633	1
634	2
635	1
636	1
637	1
638	1
639	1
640	1
641	1
642	1
643	1
644	1
645	1
646	1
647	1
648	1
649	1
650	1
651	1
652	1
653	1
654	1
655	1
656	1
657	1
658	1
659	1
660	1
661	1
662	1
663	1
664	1
665	1
666	1
667	1
668	1
669	1
670	1
671	1
672	1
673	1
674	1
675	1
676	1
677	1
678	1
679	1
680	1
681	1
682	1
683	1
684	1
685	1
686	1
687	1
688	1
689	1
690	1
691	1
692	1
693	1
694	1
695	1
696	1
697	1
698	1
699	1
700	1
701	1
702	1
703	1
704	1
705	1
706	1
707	1
708	1
709	1
710	1
711	1
712	1
713	1
714	1
715	1
716	1
717	1
718	1
719	1
720	1
721	1
722	1
723	1
724	1
725	1
726	1
727	1
728	1
729	1
730	1
731	1
732	1
733	1
734	1
735	1
736	1
737	1
738	1
739	1
740	1
741	1
742	1
743	1
744	1
745	1
746	1
747	1
748	1
749	1
750	1
751	1
752	1
753	1
754	1
755	1
756	1
757	1
758	1
759	1
760	1
761	1
762	1
763	1
764	1
765	1
766	1
767	1
768	1
769	1
770	1
771	1
772	1
773	1
774	1
775	1
776	1
777	1
778	1
779	1
780	1
781	1
782	1
783	1
784	1
785	1
786	1
787	1
788	1
789	1
790	1
791	1
792	1
793	1
794	1
795	1
796	1
797	1
798	1
799	1
800	1
801	1
802	1
803	1
804	1
805	1
806	1
807	1
808	1
809	1
810	1
811	1
812	1
813	1
814	1
815	1
816	1
817	1
818	1
819	1
820	1
821	1
822	1
823	1
824	1
825	1
826	1
827	1
828	1
829	1
830	1
831	1
832	1
833	1
834	1
835	1
836	1
837	1
838	1
839	1
840	1
841	1
842	1
843	1
844	1
845	1
846	1
847	1
848	1
849	1
850	1
851	1
852	1
853	1
854	1
855	1
856	1
857	1
858	1
859	1
860	1
861	1
862	1
863	1
864	1
865	1
866	1
867	1
868	1
869	1
870	1
871	1
872	1
873	1
874	1
875	1
876	1
877	1
878	1
879	1
880	1
881	1
882	1
883	1
884	1
885	1
886	1
887	1
888	1
889	1
890	1
891	1
892	1
893	1
894	1
895	1
896	1
897	1
898	1
899	1
900	1
901	1
902	1
903	1
904	1
905	1
906	1
907	1
908	1
909	1
910	1
911	1
912	1
913	1
914	1
915	1
916	1
917	1
918	1
919	1
920	1
921	1
922	1
923	1
924	1
925	1
926	1
927	1
928	1
929	2
930	2
931	1
932	1
933	1
934	1
935	1
936	1
937	1
938	1
939	1
940	1
941	1
942	1
943	1
944	1
945	1
946	1
947	1
948	1
949	1
950	1
951	1
952	1
953	1
954	1
955	1
956	1
957	1
958	1
959	1
960	1
961	1
962	1
963	1
964	1
965	1
966	1
967	1
968	1
969	1
970	1
971	1
972	1
973	1
974	1
975	1
976	1
977	1
978	1
979	1
980	1
981	1
982	1
983	1
984	1
985	1
986	1
987	1
988	1
989	1
990	1
991	1
992	1
993	1
994	1
995	1
996	1
997	1
998	1
999	1
1000	1
1001	1
1002	1
1003	1
1004	1
1005	1
1006	1
1007	1
1008	1
1009	1
1010	1
1011	1
1012	1
1013	1
1014	1
1015	1
1016	1
1017	1
1018	1
1019	1
1020	1
1021	1
1022	1
1023	1
1024	1
1025	1
1026	1
1027	1
1028	1
1029	1
1030	1
1031	1
1032	1
1033	1
1034	1
1035	1
1036	1
1037	1
1038	1
1039	2
1040	2
1041	1
1042	2
1043	1
1044	1
1045	1
1046	1
1047	2
1048	2
1049	2
1050	2
1051	1
1052	1
1053	1
1054	1
1055	2
1056	2
1057	2
1058	2
1059	2
1060	2
1061	2
1062	2
1063	2
1064	1
1065	1
1066	1
1067	1
1068	1
1069	1
1070	1
1071	1
1072	2
1073	1
1074	1
1075	1
1076	1
1077	1
1078	1
1079	1
1080	1
1081	2
1082	3
1083	1
1084	1
1085	1
1086	1
1087	1
1088	1
1089	1
1090	1
1091	1
1092	1
1093	1
1094	1
1095	1
1096	1
1097	1
1098	1
1099	1
1100	1
1101	1
1102	1
1103	1
1104	1
1105	1
1106	1
1107	1
1108	1
1109	1
1110	1
1111	2
1112	2
1113	1
1114	1
1115	1
1116	1
1117	1
1118	1
1119	1
1120	1
1121	1
1122	1
1123	1
1124	1
1125	1
1126	1
1127	1
1128	1
1129	1
1130	1
1131	1
1132	1
1133	1
1134	1
1135	1
1136	1
1137	2
1138	2
1139	1
1140	1
1141	1
1142	1
1143	1
1144	1
1145	1
1146	1
1147	1
1148	1
1149	1
1150	1
1151	1
1152	1
1153	1
1154	1
1155	1
1156	1
1157	1
1158	1
1159	1
1160	1
1161	1
1162	2
1163	1
1164	1
1165	2
1166	1
1167	1
1168	1
1169	2
1170	2
1171	2
1172	2
1173	2
1174	2
1175	2
1176	2
1177	2
1178	2
1179	2
1180	2
1181	2
1182	2
1183	2
1184	2
1185	2
1186	2
1187	1
1188	1
1189	2
1190	2
1191	2
1192	2
1193	2
1194	2
1195	2
1196	2
1197	2
1198	2
1199	2
1200	2
1201	2
1202	2
1203	2
1204	2
1205	2
1206	2
1207	2
1208	3
1209	2
1210	2
1211	2
1212	2
1213	2
1214	2
1215	2
1216	2
1217	2
1218	2
1219	2
1220	2
1221	2
1222	2
1223	2
1224	2
1225	2
1226	2
1227	1
1228	1
1229	1
1230	1
1231	1
1232	1
1233	1
1234	1
1235	1
1236	2
1237	2
1238	2
1239	2
1240	2
1241	2
1242	2
1243	2
1244	2
1245	2
1246	2
1247	2
1248	2
1249	2
1250	2
1251	2
1252	1
1253	1
1254	1
1255	1
1256	1
1257	1
1258	1
1259	1
1260	2
1261	2
1262	1
1263	1
1264	2
1265	2
1266	2
1267	2
1268	2
1269	2
1270	2
1271	2
1272	2
1273	2
1274	2
1275	2
1276	2
1277	2
1278	1
1279	1
1280	1
1281	2
1282	1
1283	2
1284	2
1285	2
1286	2
1287	1
1288	1
1289	1
1290	1
1291	2
1292	2
1293	2
1294	1
1295	1
1296	2
1297	2
1298	2
1299	2
1300	2
1301	2
1302	2
1303	2
1304	3
1305	2
1306	2
1307	3
1308	3
1309	2
1310	1
1311	2
1312	2
1313	2
1314	2
1315	2
1316	2
1317	3
1318	2
1319	2
1320	2
1321	2
1322	2
1323	2
1324	2
1325	2
1326	2
1327	2
1328	2
1329	2
1330	2
1331	2
1332	2
1333	2
1334	2
1335	2
1336	2
1337	2
1338	2
1339	2
1340	2
1341	2
1342	3
1343	3
1344	2
1345	2
1346	2
1347	2
1348	2
1349	2
1350	2
1351	2
1352	2
1353	2
1354	2
1355	2
1356	2
1357	2
1358	2
1359	2
1360	2
1361	2
1362	2
1363	2
1364	2
1365	1
1366	1
1367	2
1368	2
1369	2
1370	2
1371	2
1372	2
1373	2
1374	2
1375	2
1376	2
1377	2
1378	2
1379	2
1380	2
1381	2
1382	2
1383	2
1384	2
1385	2
1386	2
1387	2
1388	2
1389	2
1390	2
1391	2
1392	2
1393	2
1394	1
1395	1
1396	1
1397	1
1398	2
1399	2
1400	2
1401	2
1402	2
1403	2
1404	2
1405	2
1406	2
1407	2
1408	2
1409	2
1410	2
1411	2
1412	2
1413	2
1414	2
1415	2
1416	2
1417	2
1418	2
1419	2
1420	1
1421	1
1422	1
1423	1
1424	2
1425	2
1426	2
1427	2
1428	2
1429	2
1430	2
1431	2
1432	2
1433	2
1434	2
1435	2
1436	2
1437	2
1438	2
1439	2
1440	2
1441	2
1442	2
1443	2
1444	2
1445	2
1446	2
1447	2
1448	2
1449	1
1450	1
1451	1
1452	2
1453	2
1454	2
1455	2
1456	2
1457	2
1458	2
1459	2
1460	2
1461	2
1462	2
1463	2
1464	2
1465	2
1466	2
1467	2
1468	2
1469	2
1470	2
1471	2
1472	3
1473	3
1474	3
1475	1
1476	2
1477	2
1478	2
1479	2
1480	2
1481	2
1482	2
1483	2
1484	2
1485	2
1486	2
1487	2
1488	2
1489	2
1490	2
1491	2
1492	2
1493	2
1494	2
1495	2
1496	2
1497	2
1498	2
1499	1
1500	1
1501	1
1502	1
1503	1
1504	2
1505	2
1506	2
1507	2
1508	2
1509	2
1510	2
1511	2
1512	2
1513	2
1514	2
1515	2
1516	2
1517	2
1518	2
1519	2
1520	2
1521	2
1522	2
1523	2
1524	2
1525	2
1526	1
1527	1
1528	1
1529	2
1530	2
1531	2
1532	2
1533	2
1534	2
1535	2
1536	2
1537	2
1538	2
1539	2
1540	2
1541	2
1542	2
1543	2
1544	2
1545	2
1546	2
1547	2
1548	2
1549	2
1550	2
1551	2
1552	2
1553	1
1554	1
1555	2
1556	1
1557	2
1558	2
1559	2
1560	2
1561	2
1562	2
1563	2
1564	2
1565	2
1566	2
1567	2
1568	2
1569	2
1570	2
1571	2
1572	2
1573	2
1574	2
1575	2
1576	2
1577	2
1578	1
1579	1
1580	2
1581	2
1582	2
1583	2
1584	2
1585	2
1586	2
1587	2
1588	2
1589	2
1590	2
1591	2
1592	2
1593	2
1594	2
1595	2
1596	2
1597	2
1598	2
1599	2
1600	2
1601	2
1602	2
1603	2
1604	3
1605	2
1606	1
1607	1
1608	1
1609	1
1610	1
1611	2
1612	2
1613	2
1614	2
1615	2
1616	2
1617	2
1618	2
1619	2
1620	2
1621	2
1622	2
1623	2
1624	2
1625	2
1626	2
1627	2
1628	2
1629	2
1630	2
1631	2
1632	1
1633	3
1634	2
1635	2
1636	2
1637	2
1638	2
1639	2
1640	2
1641	2
1642	2
1643	2
1644	2
1645	2
1646	2
1647	2
1648	2
1649	2
1650	2
1651	2
1652	2
1653	2
1654	2
1655	2
1656	2
1657	2
1658	3
1659	2
1660	2
1661	2
1662	2
1663	3
1664	3
1665	2
1666	2
1667	4
1668	2
1669	2
1670	2
1671	2
1672	2
1673	2
1674	2
1675	2
1676	2
1677	2
1678	2
1679	2
1680	2
1681	2
1682	2
1683	2
1684	2
1685	2
1686	2
1687	2
1688	2
1689	2
1690	2
1691	2
1692	2
1693	2
1694	2
1695	2
1696	2
1697	2
1698	2
1699	2
1700	2
1701	2
1702	2
1703	2
1704	2
1705	2
1706	2
1707	2
1708	2
1709	2
1710	2
1711	2
1712	2
1713	2
1714	1
1715	1
1716	1
1717	2
1718	2
1719	2
1720	2
1721	2
1722	2
1723	2
1724	2
1725	2
1726	2
1727	2
1728	2
1729	2
1730	2
1731	2
1732	2
1733	2
1734	2
1735	2
1736	2
1737	2
1738	2
1739	3
1740	2
1741	2
1742	2
1743	2
1744	2
1745	2
1746	2
1747	2
1748	2
1749	2
1750	2
1751	2
1752	2
1753	2
1754	2
1755	2
1756	2
1757	2
1758	2
1759	2
1760	2
1761	2
1762	2
1763	2
1764	2
1765	3
1766	1
1767	1
1768	1
1769	1
1770	1
1771	2
1772	2
1773	2
1774	2
1775	2
1776	2
1777	2
1778	2
1779	2
1780	2
1781	2
1782	2
1783	2
1784	2
1785	2
1786	2
1787	2
1788	2
1789	2
1790	2
1791	2
1792	3
1793	2
1794	2
1795	2
1796	2
1797	2
1798	2
1799	2
1800	2
1801	2
1802	2
1803	2
1804	2
1805	2
1806	2
1807	2
1808	2
1809	2
1810	2
1811	2
1812	1
1813	1
1814	1
1815	1
1816	2
1817	2
1818	3
1819	2
1820	2
1821	2
1822	1
1823	1
1824	2
1825	1
1826	1
1827	1
1828	2
1829	2
1830	2
1831	2
1832	2
1833	2
1834	2
1835	2
1836	2
1837	2
1838	2
1839	2
1840	2
1841	2
1842	2
1843	2
1844	2
1845	2
1846	2
1847	2
1848	3
1849	3
1850	3
1851	2
1852	2
1853	2
1854	2
1855	2
1856	2
1857	2
1858	2
1859	2
1860	2
1861	2
1862	2
1863	2
1864	2
1865	2
1866	2
1867	2
1868	2
1869	2
1870	2
1871	2
1872	2
1873	1
1874	1
1875	1
1876	1
1877	1
1878	1
1879	2
1880	2
1881	2
1882	2
1883	2
1884	2
1885	2
1886	2
1887	2
1888	2
1889	2
1890	2
1891	2
1892	2
1893	2
1894	2
1895	2
1896	1
1897	1
1898	2
1899	2
1900	1
1901	1
1902	1
1903	1
1904	2
1905	2
1906	2
1907	2
1908	2
1909	2
1910	2
1911	2
1912	2
1913	2
1914	2
1915	2
1916	2
1917	2
1918	2
1919	2
1920	2
1921	2
1922	2
1923	2
1924	2
1925	1
1926	1
1927	2
1928	2
1929	2
1930	2
1931	1
1932	1
1933	1
1934	2
1935	2
1936	2
1937	2
1938	2
1939	2
1940	2
1941	2
1942	2
1943	2
1944	2
1945	2
1946	2
1947	2
1948	2
1949	2
1950	2
1951	2
1952	2
1953	2
1954	2
1955	1
1956	1
1957	2
1958	2
1959	2
1960	2
1961	2
1962	2
1963	2
1964	2
1965	2
1966	2
1967	2
1968	2
1969	2
1970	2
1971	2
1972	2
1973	2
1974	2
1975	2
1976	2
1977	2
1978	2
1979	1
1980	1
1981	1
1982	1
1983	1
1984	3
1985	1
1986	1
1987	1
1988	1
1989	1
1990	1
1991	1
1992	2
1993	2
1994	2
1995	2
1996	2
1997	2
1998	2
1999	2
2000	2
2001	2
2002	2
2003	2
2004	2
2005	2
2006	2
2007	2
2008	2
2009	2
2010	2
2011	2
2012	2
2013	1
2014	1
2015	1
2016	1
2017	2
2018	2
2019	2
2020	2
2021	2
2022	2
2023	2
2024	2
2025	2
2026	2
2027	2
2028	2
2029	2
2030	2
2031	2
2032	2
2033	2
2034	2
2035	2
2036	2
2037	2
2038	2
2039	1
2040	2
2041	2
2042	2
2043	2
2044	2
2045	2
2046	2
2047	2
2048	2
2049	2
2050	2
2051	2
2052	2
2053	2
2054	2
2055	2
2056	2
2057	2
2058	2
2059	3
2060	2
2061	2
2062	3
2063	3
2064	2
2065	2
2066	2
2067	2
2068	2
2069	2
2070	2
2071	2
2072	2
2073	2
2074	2
2075	2
2076	2
2077	3
2078	2
2079	2
2080	2
2081	2
2082	2
2083	2
2084	2
2085	2
2086	2
2087	3
2088	2
2089	2
2090	2
2091	2
2092	2
2093	2
2094	2
2095	2
2096	2
2097	2
2098	2
2099	1
2100	1
2101	2
2102	2
2103	2
2104	3
2105	3
2106	2
2107	2
2108	2
2109	2
2110	2
2111	2
2112	2
2113	2
2114	2
2115	2
2116	2
2117	2
2118	2
2119	2
2120	2
2121	2
2122	1
2123	1
2124	1
2125	1
2126	1
2127	1
2128	2
2129	2
2130	2
2131	2
2132	2
2133	2
2134	1
2135	1
2136	1
2137	2
2138	2
2139	2
2140	2
2141	2
2142	2
2143	2
2144	2
2145	2
2146	2
2147	2
2148	1
2149	1
2150	1
2151	1
2152	1
2153	1
2154	1
2155	1
2156	1
2157	1
2158	1
2159	1
2160	1
2161	1
2162	1
2163	1
2164	1
2165	1
2166	1
2167	1
2168	1
2169	1
2170	1
2171	1
2172	1
2173	1
2174	1
2175	1
2176	1
2177	1
2178	1
2179	1
2180	1
2181	1
2182	1
2183	1
2184	1
2185	1
2186	1
2187	1
2188	1
2189	1
2190	1
2191	2
2192	2
2193	2
2194	1
2195	1
2196	1
2197	2
2198	2
2199	2
2200	3
2201	2
2202	3
2203	2
2204	2
2205	1
2206	1
2207	1
2208	2
2209	2
2210	3
2211	2
2212	2
2213	2
2214	2
2215	2
2216	2
2217	2
2218	2
2219	2
2220	2
2221	2
2222	2
2223	2
2224	2
2225	2
2226	1
2227	1
2228	2
2229	2
2230	2
2231	2
2232	2
2233	2
2234	2
2235	2
2236	2
2237	2
2238	2
2239	2
2240	2
2241	2
2242	2
2243	2
2244	2
2245	3
2246	3
2247	1
2248	3
2249	3
2250	3
2251	3
2252	2
2253	2
2254	2
2255	2
2256	2
2257	2
2258	2
2259	2
2260	2
2261	2
2262	2
2263	3
2264	2
2265	2
2266	2
2267	2
2268	2
2269	1
2270	1
2271	1
2272	1
2273	1
2274	1
2275	1
2276	1
2277	1
2278	1
2279	2
2280	2
2281	2
2282	2
2283	2
2284	2
2285	3
2286	3
2287	2
2288	2
2289	3
2290	2
2291	2
2292	2
2293	2
2294	2
2295	2
2296	2
2297	2
2298	2
2299	2
2300	2
2301	2
2302	2
2303	2
2304	2
2305	2
2306	2
2307	2
2308	2
2309	1
2310	2
2311	2
2312	2
2313	2
2314	2
2315	2
2316	2
2317	2
2318	2
2319	2
2320	2
2321	2
2322	2
2323	2
2324	2
2325	2
2326	2
2327	2
2328	2
2329	2
2330	2
2331	2
2332	2
2333	1
2334	1
2335	1
2336	2
2337	2
2338	2
2339	2
2340	2
2341	2
2342	2
2343	2
2344	2
2345	2
2346	2
2347	2
2348	2
2349	2
2350	2
2351	2
2352	2
2353	2
2354	2
2355	2
2356	2
2357	2
2358	1
2359	1
2360	1
2361	1
2362	2
2363	2
2364	2
2365	2
2366	2
2367	2
2368	2
2369	2
2370	1
2371	1
2372	1
2373	1
2374	1
2375	1
2376	1
2377	1
2378	1
2379	1
2380	2
2381	2
2382	2
2383	2
2384	2
2385	2
2386	2
2387	2
2388	2
2389	2
2390	2
2391	2
2392	1
2393	1
2394	1
2395	1
2396	2
2397	2
2398	2
2399	2
2400	3
2401	2
2402	2
2403	2
2404	2
2405	2
2406	2
2407	2
2408	2
2409	2
2410	2
2411	3
2412	3
2413	1
2414	1
2415	2
2416	2
2417	2
2418	2
2419	2
2420	2
2421	2
2422	2
2423	2
2424	2
2425	3
2426	2
2427	3
2428	3
2429	3
2430	3
2431	3
2432	2
2433	2
2434	2
2435	2
2436	2
2437	2
2438	3
2439	2
2440	2
2441	2
2442	2
2443	2
2444	3
2445	3
2446	3
2447	3
2448	2
2449	1
2450	2
2451	2
2452	1
2453	3
2454	2
2455	2
2456	2
2457	2
2458	2
2459	2
2460	2
2461	2
2462	2
2463	2
2464	2
2465	2
2466	2
2467	2
2468	2
2469	2
2470	2
2471	3
2472	1
2473	3
2474	1
2475	2
2476	2
2477	2
2478	2
2479	2
2480	2
2481	2
2482	2
2483	1
2484	1
2485	1
2486	1
2487	1
2488	1
2489	1
2490	1
2491	2
2492	2
2493	3
2494	3
2495	1
2496	1
2497	1
2498	1
2499	1
2500	1
2501	1
2502	2
2503	2
2504	2
2505	2
2506	2
2507	2
2508	3
2509	3
2510	2
2511	2
2512	2
2513	2
2514	2
2515	2
2516	2
2517	1
2518	3
2519	3
2520	3
2521	3
2522	2
2523	2
2524	2
2525	2
2526	2
2527	2
2528	2
2529	2
2530	2
2531	1
2532	1
2533	1
2534	1
2535	1
2536	1
2537	1
2538	1
2539	2
2540	2
2541	3
2542	2
2543	2
2544	2
2545	2
2546	2
2547	2
2548	2
2549	2
2550	2
2551	2
2552	2
2553	2
2554	2
2555	2
2556	2
2557	2
2558	1
2559	1
2560	2
2561	2
2562	2
2563	2
2564	2
2565	2
2566	2
2567	2
2568	2
2569	2
2570	2
2571	2
2572	2
2573	2
2574	2
2575	2
2576	2
2577	2
2578	1
2579	1
2580	3
2581	2
2582	2
2583	2
2584	2
2585	2
2586	2
2587	2
2588	2
2589	2
2590	2
2591	2
2592	2
2593	2
2594	2
2595	2
2596	2
2597	2
2598	2
2599	3
2600	1
2601	1
2602	3
2603	2
2604	2
2605	2
2606	2
2607	2
2608	2
2609	2
2610	2
2611	2
2612	2
2613	2
2614	2
2615	2
2616	2
2617	2
2618	2
2619	2
2620	2
2621	2
2622	2
2623	1
2624	1
2625	1
2626	1
2627	1
2628	1
2629	1
2630	1
2631	1
2632	1
2633	1
2634	1
2635	1
2636	1
2637	1
2638	1
2639	1
2640	2
2641	2
2642	2
2643	2
2644	2
2645	2
2646	2
2647	2
2648	2
2649	2
2650	2
2651	2
2652	2
2653	2
2654	2
2655	2
2656	2
2657	2
2658	2
2659	2
2660	2
2661	2
2662	1
2663	1
2664	2
2665	2
2666	2
2667	2
2668	2
2669	2
2670	2
2671	2
2672	2
2673	2
2674	2
2675	2
2676	2
2677	2
2678	2
2679	2
2680	2
2681	2
2682	2
2683	2
2684	2
2685	2
2686	2
2687	1
2688	1
2689	2
2690	1
2691	1
2692	2
2693	2
2694	2
2695	2
2696	2
2697	2
2698	2
2699	2
2700	2
2701	2
2702	2
2703	2
2704	2
2705	2
2706	2
2707	2
2708	2
2709	2
2710	2
2711	1
2712	1
2713	1
2714	2
2715	2
2716	2
2717	2
2718	1
2719	2
2720	2
2721	2
2722	1
2723	1
2724	2
2725	2
2726	2
2727	2
2728	2
2729	1
2730	1
2731	1
2732	1
2733	2
2734	2
2735	2
2736	3
2737	2
2738	2
2739	2
2740	2
2741	2
2742	2
2743	1
2744	1
2745	1
2746	1
2747	1
2748	1
2749	2
2750	2
2751	2
2752	2
2753	3
2754	2
2755	2
2756	2
2757	2
2758	2
2759	2
2760	2
2761	2
2762	3
2763	1
2764	1
2765	2
2766	2
2767	3
2768	3
2769	3
2770	2
2771	2
2772	2
2773	2
2774	2
2775	2
2776	2
2777	2
2778	1
2779	1
2780	1
2781	1
2782	1
2783	2
2784	2
2785	2
2786	2
2787	3
2788	2
2789	2
2790	2
2791	2
2792	2
2793	2
2794	2
2795	2
2796	2
2797	3
2798	1
2799	1
2800	1
2801	1
2802	2
2803	3
2804	3
2805	2
2806	2
2807	2
2808	2
2809	2
2810	2
2811	2
2812	2
2813	2
2814	2
2815	2
2816	2
2817	2
2818	2
2819	1
2820	1
2821	1
2822	3
2823	3
2824	2
2825	2
2826	2
2827	2
2828	2
2829	2
2830	2
2831	2
2832	2
2833	2
2834	2
2835	2
2836	2
2837	2
2838	2
2839	2
2840	2
2841	2
2842	2
2843	2
2844	2
2845	1
2846	2
2847	2
2848	2
2849	2
2850	2
2851	2
2852	2
2853	2
2854	2
2855	2
2856	2
2857	2
2858	2
2859	2
2860	2
2861	2
2862	2
2863	2
2864	1
2865	1
2866	2
2867	2
2868	2
2869	2
2870	2
2871	2
2872	2
2873	2
2874	2
2875	2
2876	2
2877	1
2878	1
2879	1
2880	1
2881	1
2882	1
2883	1
2884	1
2885	1
2886	2
2887	2
2888	2
2889	3
2890	2
2891	2
2892	2
2893	2
2894	2
2895	2
2896	2
2897	2
2898	2
2899	2
2900	3
2901	1
2902	1
2903	1
2904	2
2905	2
2906	2
2907	2
2908	2
2909	2
2910	2
2911	2
2912	2
2913	2
2914	2
2915	2
2916	2
2917	2
2918	2
2919	2
2920	2
2921	2
2922	2
2923	3
2924	3
2925	2
2926	2
2927	2
2928	2
2929	2
2930	2
2931	2
2932	2
2933	2
2934	2
2935	2
2936	2
2937	2
2938	2
2939	2
2940	2
2941	2
2942	2
2943	2
2944	2
2945	3
2946	3
2947	2
2948	2
2949	2
2950	2
2951	2
2952	2
2953	2
2954	2
2955	2
2956	2
2957	2
2958	2
2959	2
2960	2
2961	2
2962	2
2963	2
2964	2
2965	3
2966	1
2967	1
2968	1
2969	2
2970	2
2971	2
2972	2
2973	2
2974	2
2975	2
2976	2
2977	2
2978	2
2979	2
2980	2
2981	3
2982	1
2983	1
2984	1
2985	1
2986	1
2987	1
2988	2
2989	3
2990	3
2991	2
2992	2
2993	2
2994	2
2995	2
2996	2
2997	2
2998	2
2999	2
3000	2
3001	3
3002	1
3003	1
3004	1
3005	1
3006	2
3007	3
3008	2
3009	2
3010	2
3011	2
3012	2
3013	2
3014	2
3015	2
3016	2
3017	2
3018	1
3019	1
3020	1
3021	1
3022	1
3023	3
3024	1
3025	1
3026	1
3027	1
3028	1
3029	2
3030	2
3031	1
3032	1
3033	1
3034	1
3035	1
3036	1
3037	1
3038	1
3039	1
3040	1
3041	2
3042	2
3043	2
3044	3
3045	2
3046	2
3047	2
3048	2
3049	2
3050	2
3051	1
3052	1
3053	1
3054	1
3055	1
3056	1
3057	1
3058	1
3059	1
3060	1
3061	1
3062	3
3063	2
3064	2
3065	2
3066	2
3067	2
3068	2
3069	2
3070	2
3071	2
3072	2
3073	2
3074	2
3075	2
3076	2
3077	2
3078	1
3079	1
3080	2
3081	1
3082	2
3083	2
3084	2
3085	2
3086	2
3087	2
3088	2
3089	2
3090	2
3091	2
3092	2
3093	2
3094	2
3095	2
3096	2
3097	2
3098	2
3099	2
3100	2
3101	2
3102	2
3103	1
3104	1
3105	1
3106	2
3107	2
3108	2
3109	2
3110	2
3111	2
3112	2
3113	2
3114	2
3115	2
3116	2
3117	2
3118	2
3119	2
3120	2
3121	2
3122	2
3123	2
3124	2
3125	2
3126	2
3127	2
3128	2
3129	2
3130	1
3131	2
3132	2
3133	2
3134	2
3135	2
3136	2
3137	2
3138	2
3139	2
3140	2
3141	2
3142	2
3143	2
3144	2
3145	2
3146	2
3147	2
3148	2
3149	2
3150	2
3151	2
3152	2
3153	2
3154	1
3155	2
3156	2
3157	2
3158	2
3159	2
3160	2
3161	2
3162	2
3163	2
3164	2
3165	2
3166	2
3167	2
3168	2
3169	2
3170	2
3171	2
3172	2
3173	3
3174	3
3175	1
3176	2
3177	3
3178	3
3179	2
3180	2
3181	2
3182	2
3183	2
3184	2
3185	2
3186	2
3187	2
3188	2
3189	2
3190	2
3191	3
3192	3
3193	1
3194	1
3195	1
3196	3
3197	3
3198	3
3199	2
3200	2
3201	2
3202	2
3203	2
3204	2
3205	2
3206	2
3207	3
3208	1
3209	1
3210	1
3211	1
3212	1
3213	2
3214	3
3215	2
3216	3
3217	3
3218	2
3219	2
3220	1
3221	2
3222	1
3223	1
3224	1
3225	1
3226	2
3227	2
3228	2
3229	2
3230	3
3231	3
3232	3
3233	2
3234	2
3235	2
3236	2
3237	1
3238	1
3239	2
3240	3
3241	1
3242	2
3243	2
3244	2
3245	2
3246	3
3247	1
3248	1
3249	2
3250	2
3251	1
3252	1
3253	1
3254	1
3255	2
3256	2
3257	2
3258	2
3259	1
3260	1
3261	3
3262	2
3263	1
3264	1
3265	1
3266	3
3267	1
3268	1
3269	1
3270	1
3271	2
3272	2
3273	2
3274	2
3275	2
3276	2
3277	2
3278	2
3279	2
3280	2
3281	2
3282	2
3283	2
3284	2
3285	2
3286	2
3287	1
3288	1
3289	1
3290	1
3291	2
3292	1
3293	2
3294	2
3295	2
3296	2
3297	2
3298	2
3299	2
3300	2
3301	2
3302	1
3303	2
3304	2
3305	1
3306	1
3307	1
3308	3
3309	1
3310	1
3311	1
3312	1
3313	1
3314	1
3315	1
3316	1
3317	1
3318	1
3319	1
3320	1
3321	1
3322	1
3323	1
3324	1
3325	2
3326	2
3327	2
3328	2
3329	2
3330	2
3331	2
3332	2
3333	2
3334	1
3335	1
3336	1
3337	1
3338	1
3339	1
3340	1
3341	1
3342	1
3343	1
3344	1
3345	1
3346	1
3347	1
3348	2
3349	2
3350	2
3351	2
3352	2
3353	2
3354	2
3355	2
3356	2
3357	2
3358	2
3359	2
3360	2
3361	2
3362	2
3363	2
3364	2
3365	2
3366	1
3367	1
3368	1
3369	1
3370	1
3371	2
3372	1
3373	1
3374	1
3375	1
3376	1
3377	1
3378	1
3379	1
3380	1
3381	1
3382	1
3383	2
3384	1
3385	1
3386	2
3387	2
3388	1
3389	2
3390	2
3391	2
3392	1
3393	1
3394	1
3395	1
3396	1
3397	2
3398	2
3399	2
3400	1
3401	3
3402	3
3403	3
3404	1
3405	1
3406	2
3407	2
3408	2
3409	2
3410	2
3411	2
3412	2
3413	2
3414	2
3415	2
3416	2
3417	2
3418	2
3419	2
3420	2
3421	2
3422	2
3423	2
3424	2
3425	2
3426	2
3427	2
3428	2
3429	2
3430	1
3431	2
3432	2
3433	2
3434	1
3435	2
3436	2
3437	2
3438	2
3439	2
3440	2
3441	2
3442	2
3443	2
3444	2
3445	2
3446	3
3447	3
3448	3
3449	3
3450	2
3451	1
3452	1
3453	2
3454	1
3455	1
3456	1
3457	1
3458	1
3459	1
3460	1
3461	1
3462	1
3463	1
3464	1
3465	1
3466	1
3467	1
3468	1
3469	1
3470	3
3471	1
3472	2
3473	2
3474	2
3475	2
3476	2
3477	2
3478	2
3479	2
3480	2
3481	2
3482	2
3483	1
3484	1
3485	1
3486	1
3487	1
3488	2
3489	2
3490	2
3491	2
3492	2
3493	3
3494	3
3495	2
3496	2
3497	2
3498	2
3499	2
3500	1
3501	1
3502	2
3503	3
3504	1
3505	1
3506	2
3507	2
3508	2
3509	3
3510	3
3511	3
3512	2
3513	2
3514	2
3515	2
3516	2
3517	2
3518	2
3519	2
3520	3
3521	3
3522	3
3523	3
3524	2
3525	2
3526	2
3527	3
3528	2
3529	2
3530	2
3531	1
3532	1
3533	1
3534	1
3535	1
3536	1
3537	1
3538	2
3539	2
3540	2
3541	2
3542	2
3543	2
3544	3
3545	3
3546	2
3547	2
3548	2
3549	2
3550	2
3551	3
3552	1
3553	1
3554	1
3555	2
3556	2
3557	2
3558	2
3559	2
3560	3
3561	3
3562	2
3563	2
3564	2
3565	2
3566	1
3567	1
3568	2
3569	1
3570	1
3571	1
3572	1
3573	1
3574	1
3575	1
3576	1
3577	1
3578	1
3579	1
3580	1
3581	1
3582	1
3583	1
3584	1
3585	1
3586	1
3587	1
3588	1
3589	1
3590	1
3591	2
3592	2
3593	2
3594	2
3595	3
3596	2
3597	2
3598	1
3599	1
3600	1
3601	1
3602	3
3603	3
3604	2
3605	2
3606	3
3607	2
3608	2
3609	2
3610	2
3611	2
3612	2
3613	2
3614	1
3615	1
3616	1
3617	1
3618	3
3619	3
3620	3
3621	2
3622	2
3623	2
3624	2
3625	2
3626	2
3627	2
3628	2
3629	2
3630	2
3631	2
3632	2
3633	2
3634	2
3635	2
3636	1
3637	1
3638	1
3639	1
3640	1
3641	1
3642	1
3643	2
3644	2
3645	2
3646	2
3647	2
3648	2
3649	2
3650	2
3651	2
3652	2
3653	2
3654	2
3655	2
3656	2
3657	2
3658	2
3659	2
3660	2
3661	2
3662	2
3663	2
3664	1
3665	1
3666	2
3667	2
3668	2
3669	2
3670	2
3671	2
3672	2
3673	2
3674	2
3675	2
3676	2
3677	2
3678	2
3679	2
3680	2
3681	2
3682	2
3683	2
3684	2
3685	2
3686	2
3687	2
3688	2
3689	2
3690	1
3691	2
3692	2
3693	2
3694	2
3695	2
3696	2
3697	2
3698	2
3699	2
3700	2
3701	2
3702	2
3703	2
3704	2
3705	2
3706	2
3707	2
3708	2
3709	2
3710	2
3711	2
3712	2
3713	2
3714	2
3715	1
3716	2
3717	2
3718	2
3719	2
3720	2
3721	2
3722	2
3723	2
3724	2
3725	2
3726	2
3727	2
3728	2
3729	2
3730	2
3731	2
3732	2
3733	2
3734	2
3735	2
3736	2
3737	2
3738	2
3739	1
3740	1
3741	2
3742	2
3743	2
3744	2
3745	2
3746	2
3747	2
3748	2
3749	2
3750	2
3751	2
3752	2
3753	2
3754	2
3755	2
3756	2
3757	2
3758	2
3759	2
3760	2
3761	2
3762	2
3763	1
3764	2
3765	1
3766	1
3767	1
3768	1
3769	1
3770	1
3771	1
3772	1
3773	1
3774	1
3775	2
3776	2
3777	2
3778	2
3779	2
3780	2
3781	1
3782	1
3783	2
3784	2
3785	2
3786	2
3787	2
3788	2
3789	2
3790	2
3791	3
3792	1
3793	1
3794	1
3795	1
3796	1
3797	1
3798	1
3799	1
3800	1
3801	1
3802	1
3803	1
3804	1
3805	1
3806	1
3807	1
3808	1
3809	1
3810	1
3811	1
3812	1
3813	1
3814	4
3815	2
3816	2
3817	2
3818	2
3819	2
3820	2
3821	2
3822	2
3823	2
3824	2
3825	2
3826	2
3827	2
3828	2
3829	2
3830	1
3831	1
3832	3
3833	3
3834	3
3835	3
3836	3
3837	2
3838	3
3839	2
3840	2
3841	2
3842	2
3843	2
3844	1
3845	1
3846	1
3847	1
3848	1
3849	2
3850	2
3851	2
3852	3
3853	3
3854	3
3855	2
3856	2
3857	2
3858	3
3859	2
3860	1
3861	1
3862	1
3863	2
3864	2
3865	2
3866	2
3867	3
3868	3
3869	2
3870	2
3871	2
3872	2
3873	2
3874	2
3875	2
3876	3
3877	1
3878	2
3879	1
3880	1
3881	1
3882	2
3883	2
3884	2
3885	2
3886	2
3887	2
3888	2
3889	2
3890	2
3891	2
3892	2
3893	2
3894	3
3895	3
3896	2
3897	2
3898	2
3899	2
3900	2
3901	2
3902	2
3903	2
3904	3
3905	2
3906	2
3907	2
3908	3
3909	2
3910	1
3911	1
3912	1
3913	1
3914	2
3915	2
3916	2
3917	2
3918	2
3919	2
3920	2
3921	2
3922	2
3923	2
3924	2
3925	2
3926	2
3927	2
3928	2
3929	2
3930	2
3931	2
3932	2
3933	2
3934	2
3935	3
3936	1
3937	2
3938	2
3939	2
3940	2
3941	2
3942	2
3943	2
3944	2
3945	2
3946	2
3947	2
3948	2
3949	2
3950	2
3951	2
3952	2
3953	2
3954	2
3955	1
3956	1
3957	3
3958	3
3959	2
3960	2
3961	2
3962	2
3963	2
3964	2
3965	2
3966	2
3967	2
3968	2
3969	2
3970	2
3971	2
3972	2
3973	2
3974	1
3975	1
3976	1
3977	1
3978	2
3979	3
3980	3
3981	2
3982	2
3983	2
3984	2
3985	2
3986	2
3987	2
3988	2
3989	3
3990	1
3991	1
3992	1
3993	1
3994	1
3995	2
3996	2
3997	3
3998	3
3999	2
4000	2
4001	2
4002	2
4003	2
4004	2
4005	2
4006	3
4007	1
4008	1
4009	1
4010	1
4011	1
4012	2
4013	2
4014	2
4015	3
4016	3
4017	2
4018	2
4019	2
4020	2
4021	2
4022	2
4023	2
4024	2
4025	2
4026	3
4027	2
4028	3
4029	3
4030	1
4031	3
4032	1
4033	1
4034	1
4035	1
4036	1
4037	1
4038	1
4039	1
4040	1
4041	1
4042	1
4043	1
4044	1
4045	1
4046	1
4047	3
4048	3
4049	2
4050	2
4051	2
4052	2
4053	3
4054	1
4055	2
4056	1
4057	2
4058	1
4059	3
4060	1
4061	3
4062	2
4063	2
4064	2
4065	2
4066	2
4067	2
4068	2
4069	2
4070	2
4071	2
4072	2
4073	2
4074	2
4075	1
4076	1
4077	1
4078	1
4079	1
4080	1
4081	1
4082	2
4083	2
4084	2
4085	2
4086	3
4087	2
4088	2
4089	2
4090	2
4091	2
4092	2
4093	2
4094	1
4095	1
4096	1
4097	1
4098	2
4099	2
4100	3
4101	2
4102	2
4103	2
4104	2
4105	2
4106	2
4107	2
4108	2
4109	2
4110	2
4111	1
4112	1
4113	1
4114	1
4115	1
4116	1
4117	1
4118	2
4119	3
4120	2
4121	2
4122	2
4123	2
4124	2
4125	2
4126	2
4127	2
4128	2
4129	2
4130	2
4131	2
4132	2
4133	2
4134	2
4135	1
4136	1
4137	1
4138	2
4139	2
4140	2
4141	2
4142	2
4143	2
4144	2
4145	2
4146	2
4147	2
4148	2
4149	2
4150	2
4151	2
4152	2
4153	2
4154	2
4155	2
4156	2
4157	2
4158	1
4159	1
4160	1
4161	1
4162	1
4163	1
4164	2
4165	2
4166	1
4167	1
4168	1
4169	1
4170	2
4171	2
4172	2
4173	2
4174	3
4175	2
4176	2
4177	2
4178	2
4179	2
4180	2
4181	2
4182	2
4183	2
4184	2
4185	3
4186	1
4187	2
4188	1
4189	2
4190	2
4191	2
4192	2
4193	2
4194	2
4195	2
4196	2
4197	2
4198	1
4199	3
4200	1
4201	2
4202	2
4203	2
4204	2
4205	2
4206	2
4207	2
4208	2
4209	2
4210	2
4211	2
4212	2
4213	2
4214	2
4215	2
4216	2
4217	2
4218	2
4219	2
4220	2
4221	3
4222	3
4223	2
4224	2
4225	2
4226	2
4227	2
4228	2
4229	2
4230	2
4231	2
4232	2
4233	2
4234	2
4235	2
4236	2
4237	2
4238	2
4239	2
4240	2
4241	2
4242	3
4243	3
4244	1
4245	2
4246	2
4247	2
4248	2
4249	2
4250	2
4251	2
4252	2
4253	2
4254	2
4255	2
4256	2
4257	2
4258	2
4259	2
4260	2
4261	2
4262	2
4263	2
4264	2
4265	2
4266	2
4267	2
4268	2
4269	2
4270	2
4271	2
4272	2
4273	1
4274	2
4275	1
4276	1
4277	2
4278	2
4279	2
4280	2
4281	2
4282	2
4283	2
4284	2
4285	2
4286	2
4287	2
4288	2
4289	2
4290	2
4291	2
4292	2
4293	2
4294	2
4295	3
4296	3
4297	3
4298	2
4299	2
4300	2
4301	2
4302	2
4303	2
4304	1
4305	1
4306	1
4307	1
4308	1
4309	1
4310	1
4311	1
4312	1
4313	1
4314	1
4315	2
4316	2
4317	2
4318	3
4319	3
4320	3
4321	2
4322	2
4323	2
4324	1
4325	1
4326	1
4327	1
4328	2
4329	2
4330	3
4331	3
4332	3
4333	2
4334	2
4335	2
4336	2
4337	2
4338	2
4339	2
4340	1
4341	1
4342	1
4343	1
4344	2
4345	2
4346	3
4347	3
4348	2
4349	2
4350	2
4351	2
4352	2
4353	2
4354	2
4355	2
4356	2
4357	2
4358	2
4359	1
4360	1
4361	1
4362	1
4363	1
4364	2
4365	2
4366	3
4367	2
4368	2
4369	2
4370	2
4371	2
4372	2
4373	2
4374	2
4375	2
4376	2
4377	2
4378	2
4379	2
4380	2
4381	2
4382	1
4383	1
4384	1
4385	2
4386	2
4387	2
4388	2
4389	2
4390	2
4391	2
4392	2
4393	2
4394	2
4395	2
4396	2
4397	2
4398	2
4399	2
4400	2
4401	2
4402	2
4403	2
4404	2
4405	1
4406	1
4407	2
4408	1
4409	2
4410	2
4411	2
4412	2
4413	2
4414	2
4415	2
4416	2
4417	2
4418	2
4419	2
4420	2
4421	2
4422	2
4423	2
4424	2
4425	2
4426	2
4427	2
4428	2
4429	2
4430	1
4431	1
4432	1
4433	1
4434	1
4435	1
4436	1
4437	2
4438	2
4439	2
4440	1
4441	1
4442	1
4443	2
4444	2
4445	2
4446	2
4447	2
4448	2
4449	2
4450	2
4451	2
4452	2
4453	2
4454	2
4455	2
4456	2
4457	2
4458	1
4459	1
4460	1
4461	1
4462	1
4463	1
4464	1
4465	1
4466	1
4467	1
4468	1
4469	1
4470	2
4471	1
4472	2
4473	2
4474	2
4475	2
4476	2
4477	2
4478	2
4479	2
4480	2
4481	2
4482	2
4483	2
4484	2
4485	2
4486	2
4487	2
4488	2
4489	2
4490	2
4491	1
4492	1
4493	1
4494	1
4495	1
4496	1
4497	1
4498	2
4499	2
4500	2
4501	2
4502	2
4503	2
4504	2
4505	1
4506	1
4507	1
4508	1
4509	2
4510	2
4511	1
4512	1
4513	1
4514	1
4515	1
4516	3
4517	3
4518	3
4519	2
4520	2
4521	2
4522	2
4523	2
4524	2
4525	2
4526	2
4527	2
4528	2
4529	2
4530	2
4531	2
4532	2
4533	2
4534	2
4535	2
4536	1
4537	1
4538	1
4539	1
4540	2
4541	2
4542	2
4543	2
4544	2
4545	2
4546	2
4547	2
4548	2
4549	2
4550	2
4551	2
4552	2
4553	2
4554	2
4555	2
4556	2
4557	2
4558	2
4559	2
4560	1
4561	2
4562	2
4563	2
4564	2
4565	2
4566	2
4567	2
4568	2
4569	2
4570	2
4571	2
4572	2
4573	2
4574	2
4575	2
4576	2
4577	2
4578	2
4579	2
4580	3
4581	3
4582	1
4583	3
4584	2
4585	2
4586	2
4587	2
4588	2
4589	2
4590	2
4591	2
4592	2
4593	2
4594	2
4595	2
4596	3
4597	3
4598	2
4599	1
4600	1
4601	1
4602	1
4603	1
4604	2
4605	2
4606	2
4607	1
4608	1
4609	1
4610	1
4611	1
4612	1
4613	1
4614	1
4615	1
4616	1
4617	2
4618	2
4619	2
4620	2
4621	2
4622	3
4623	3
4624	2
4625	2
4626	2
4627	2
4628	2
4629	2
4630	3
4631	1
4632	1
4633	2
4634	1
4635	1
4636	1
4637	1
4638	1
4639	1
4640	1
4641	1
4642	1
4643	1
4644	1
4645	1
4646	1
4647	2
4648	2
4649	2
4650	1
4651	1
4652	2
4653	2
4654	2
4655	1
4656	1
4657	1
4658	1
4659	1
4660	2
4661	2
4662	2
4663	2
4664	2
4665	2
4666	2
4667	2
4668	2
4669	3
4670	3
4671	3
4672	2
4673	2
4674	2
4675	2
4676	2
4677	1
4678	1
4679	1
4680	1
4681	2
4682	1
4683	1
4684	2
4685	2
4686	2
4687	2
4688	2
4689	2
4690	2
4691	2
4692	2
4693	2
4694	2
4695	2
4696	2
4697	2
4698	2
4699	2
4700	2
4701	2
4702	2
4703	3
4704	2
4705	2
4706	2
4707	1
4708	1
4709	2
4710	1
4711	2
4712	1
4713	1
4714	3
4715	2
4716	2
4717	2
4718	2
4719	2
4720	2
4721	2
4722	2
4723	2
4724	2
4725	2
4726	2
4727	2
4728	2
4729	1
4730	1
4731	1
4732	1
4733	1
4734	2
4735	2
4736	2
4737	3
4738	2
4739	2
4740	2
4741	2
4742	2
4743	2
4744	2
4745	2
4746	2
4747	2
4748	1
4749	1
4750	1
4751	1
4752	1
4753	1
4754	2
4755	2
4756	2
4757	2
4758	2
4759	2
4760	2
4761	2
4762	2
4763	2
4764	2
4765	2
4766	2
4767	2
4768	2
4769	2
4770	2
4771	2
4772	1
4773	1
4774	1
4775	1
4776	1
4777	1
4778	1
4779	1
4780	1
4781	1
4782	1
4783	1
4784	1
4785	1
4786	1
4787	1
4788	1
4789	1
4790	1
4791	1
4792	1
4793	1
4794	2
4795	3
4796	2
4797	2
4798	2
4799	2
4800	2
4801	2
4802	2
4803	2
4804	2
4805	2
4806	1
4807	1
4808	1
4809	1
4810	1
4811	1
4812	1
4813	1
4814	1
4815	1
4816	2
4817	2
4818	2
4819	2
4820	2
4821	2
4822	2
4823	2
4824	2
4825	2
4826	2
4827	2
4828	2
4829	2
4830	2
4831	2
4832	1
4833	1
4834	1
4835	1
4836	1
4837	2
4838	2
4839	2
4840	2
4841	2
4842	2
4843	2
4844	2
4845	2
4846	2
4847	2
4848	2
4849	2
4850	2
4851	2
4852	2
4853	2
4854	2
4855	2
4856	2
4857	1
4858	2
4859	2
4860	2
4861	2
4862	2
4863	2
4864	2
4865	2
4866	2
4867	2
4868	2
4869	2
4870	2
4871	2
4872	2
4873	2
4874	2
4875	2
4876	2
4877	2
4878	2
4879	2
4880	2
4881	2
4882	1
4883	1
4884	2
4885	2
4886	2
4887	2
4888	2
4889	2
4890	2
4891	2
4892	2
4893	2
4894	2
4895	2
4896	2
4897	2
4898	2
4899	2
4900	2
4901	2
4902	2
4903	2
4904	2
4905	2
4906	2
4907	2
4908	2
4909	1
4910	1
4911	1
4912	2
4913	2
4914	2
4915	2
4916	2
4917	2
4918	2
4919	2
4920	2
4921	2
4922	2
4923	2
4924	2
4925	2
4926	2
4927	2
4928	2
4929	2
4930	2
4931	2
4932	2
4933	2
4934	2
4935	1
4936	2
4937	2
4938	2
4939	2
4940	2
4941	2
4942	2
4943	2
4944	2
4945	2
4946	2
4947	2
4948	2
4949	2
4950	2
4951	2
4952	2
4953	2
4954	2
4955	2
4956	2
4957	2
4958	2
4959	2
4960	2
4961	1
4962	1
4963	2
4964	2
4965	2
4966	2
4967	2
4968	2
4969	2
4970	2
4971	2
4972	2
4973	2
4974	2
4975	2
4976	2
4977	2
4978	2
4979	2
4980	2
4981	2
4982	2
4983	2
4984	2
4985	2
4986	1
4987	1
4988	1
4989	1
4990	2
4991	2
4992	2
4993	2
4994	2
4995	2
4996	2
4997	2
4998	2
4999	2
5000	2
5001	2
5002	2
5003	2
5004	2
5005	2
5006	2
5007	2
5008	2
5009	2
5010	2
5011	2
5012	1
5013	2
5014	2
5015	1
5016	1
5017	1
5018	1
5019	1
5020	1
5021	1
5022	2
5023	2
5024	2
5025	2
5026	2
5027	2
5028	2
5029	2
5030	2
5031	2
5032	2
5033	2
5034	2
5035	2
5036	2
5037	2
5038	2
5039	2
5040	3
5041	2
5042	2
5043	2
5044	1
5045	1
5046	2
5047	2
5048	2
5049	1
5050	1
5051	1
5052	1
5053	1
5054	1
5055	1
5056	1
5057	1
5058	1
5059	1
5060	1
5061	1
5062	3
5063	2
5064	2
5065	3
5066	3
5067	2
5068	2
5069	2
5070	2
5071	3
5072	3
5073	2
5074	3
5075	3
5076	3
5077	1
5078	1
5079	2
5080	3
5081	3
5082	3
5083	3
5084	3
5085	2
5086	2
5087	2
5088	2
5089	2
5090	2
5091	2
5092	1
5093	1
5094	1
5095	1
5096	2
5097	2
5098	2
5099	2
5100	3
5101	3
5102	3
5103	2
5104	1
5105	1
5106	1
5107	1
5108	1
5109	2
5110	2
5111	2
5112	2
5113	3
5114	3
5115	3
5116	2
5117	2
5118	1
5119	1
5120	1
5121	1
5122	2
5123	2
5124	2
5125	3
5126	3
5127	3
5128	2
5129	2
5130	2
5131	2
5132	1
5133	1
5134	1
5135	1
5136	1
5137	1
5138	1
5139	2
5140	2
5141	2
5142	2
5143	3
5144	3
5145	2
5146	2
5147	2
5148	2
5149	2
5150	2
5151	2
5152	2
5153	3
5154	1
5155	2
5156	3
5157	2
5158	3
5159	3
5160	2
5161	2
5162	2
5163	2
5164	2
5165	2
5166	2
5167	2
5168	2
5169	2
5170	1
5171	1
5172	3
5173	3
5174	3
5175	1
5176	3
5177	2
5178	1
5179	2
5180	2
5181	1
5182	1
5183	1
5184	1
5185	1
5186	1
5187	1
5188	1
5189	1
5190	1
5191	1
5192	1
5193	1
5194	1
5195	1
5196	1
5197	3
5198	1
5199	1
5200	1
5201	1
5202	1
5203	1
5204	1
5205	2
5206	2
5207	2
5208	2
5209	2
5210	2
5211	2
5212	2
5213	2
5214	2
5215	2
5216	1
5217	1
5218	2
5219	3
5220	3
5221	3
5222	3
5223	2
5224	2
5225	2
5226	2
5227	2
5228	2
5229	2
5230	2
5231	2
5232	2
5233	2
5234	2
5235	2
5236	2
5237	2
5238	2
5239	2
5240	2
5241	1
5242	1
5243	1
5244	1
5245	2
5246	2
5247	1
5248	1
5249	1
5250	1
5251	1
5252	1
5253	2
5254	2
5255	1
5256	2
5257	1
5258	1
5259	1
5260	1
5261	1
5262	1
5263	1
5264	1
5265	1
5266	1
5267	1
5268	2
5269	2
5270	2
5271	2
5272	2
5273	2
5274	2
5275	2
5276	2
5277	2
5278	2
5279	2
5280	2
5281	2
5282	2
5283	2
5284	2
5285	1
5286	1
5287	1
5288	1
5289	2
5290	2
5291	2
5292	2
5293	2
5294	2
5295	2
5296	2
5297	2
5298	2
5299	2
5300	2
5301	2
5302	2
5303	2
5304	2
5305	2
5306	2
5307	3
5308	1
5309	2
5310	2
5311	2
5312	2
5313	2
5314	2
5315	2
5316	2
5317	2
5318	2
5319	2
5320	2
5321	2
5322	1
5323	2
5324	1
5325	1
5326	1
5327	1
5328	1
5329	2
5330	2
5331	3
5332	2
5333	2
5334	2
5335	2
5336	2
5337	2
5338	2
5339	2
5340	2
5341	2
5342	2
5343	2
5344	1
5345	1
5346	1
5347	2
5348	3
5349	3
5350	2
5351	2
5352	2
5353	2
5354	2
5355	2
5356	2
5357	2
5358	2
5359	2
5360	2
5361	2
5362	2
5363	2
5364	3
5365	1
5366	3
5367	3
5368	2
5369	2
5370	2
5371	2
5372	2
5373	2
5374	2
5375	2
5376	2
5377	2
5378	2
5379	2
5380	2
5381	2
5382	3
5383	3
5384	3
5385	3
5386	3
5387	3
5388	2
5389	2
5390	2
5391	2
5392	2
5393	2
5394	2
5395	1
5396	1
5397	1
5398	1
5399	1
5400	1
5401	1
5402	1
5403	1
5404	2
5405	3
5406	3
5407	3
5408	2
5409	2
5410	2
5411	1
5412	1
5413	3
5414	1
5415	1
5416	1
5417	1
5418	1
5419	2
5420	2
5421	3
5422	3
5423	3
5424	2
5425	2
5426	2
5427	2
5428	2
5429	2
5430	2
5431	2
5432	3
5433	2
5434	1
5435	1
5436	2
5437	2
5438	2
5439	2
5440	2
5441	2
5442	2
5443	2
5444	2
5445	1
5446	1
5447	1
5448	1
5449	1
5450	1
5451	1
5452	3
5453	3
5454	3
5455	3
5456	2
5457	2
5458	1
5459	1
5460	1
5461	1
5462	1
5463	1
5464	2
5465	2
5466	2
5467	2
5468	2
5469	2
5470	3
5471	3
5472	3
5473	2
5474	2
5475	2
5476	2
5477	3
5478	3
5479	1
5480	3
5481	3
5482	3
5483	2
5484	2
5485	2
5486	2
5487	2
5488	2
5489	2
5490	2
5491	2
5492	2
5493	2
5494	2
5495	2
5496	2
5497	2
5498	2
5499	2
5500	2
5501	2
5502	2
5503	2
5504	2
5505	2
5506	2
5507	2
5508	1
5509	1
5510	2
5511	2
5512	2
5513	2
5514	2
5515	2
5516	2
5517	2
5518	2
5519	2
5520	2
5521	2
5522	2
5523	2
5524	2
5525	2
5526	2
5527	2
5528	2
5529	2
5530	3
5531	3
5532	3
5533	2
5534	2
5535	2
5536	2
5537	2
5538	2
5539	2
5540	2
5541	2
5542	2
5543	2
5544	2
5545	2
5546	2
5547	2
5548	3
5549	3
5550	3
5551	3
5552	1
5553	1
5554	1
5555	1
5556	1
5557	1
5558	1
5559	1
5560	1
5561	1
5562	1
5563	1
5564	1
5565	1
5566	1
5567	1
5568	2
5569	2
5570	2
5571	2
5572	3
5573	3
5574	2
5575	2
5576	2
5577	1
5578	1
5579	2
5580	2
5581	2
5582	2
5583	3
5584	2
5585	2
5586	2
5587	2
5588	2
5589	2
5590	2
5591	2
5592	2
5593	2
5594	2
5595	2
5596	3
5597	1
5598	1
5599	2
5600	2
5601	2
5602	2
5603	2
5604	2
5605	2
5606	2
5607	2
5608	2
5609	2
5610	2
5611	2
5612	2
5613	2
5614	2
5615	2
5616	2
5617	3
5618	1
5619	1
5620	2
5621	2
5622	3
5623	2
5624	2
5625	2
5626	2
5627	2
5628	2
5629	2
5630	2
5631	2
5632	2
5633	2
5634	2
5635	2
5636	2
5637	2
5638	3
5639	3
5640	1
5641	2
5642	3
5643	2
5644	2
5645	2
5646	2
5647	2
5648	2
5649	2
5650	2
5651	2
5652	2
5653	2
5654	2
5655	2
5656	2
5657	2
5658	2
5659	2
5660	2
5661	2
5662	3
5663	1
5664	1
5665	1
5666	1
5667	1
5668	1
5669	1
5670	1
5671	1
5672	1
5673	1
5674	1
5675	2
5676	3
5677	2
5678	2
5679	2
5680	2
5681	2
5682	2
5683	2
5684	2
5685	2
5686	2
5687	2
5688	2
5689	2
5690	3
5691	3
5692	3
5693	3
5694	3
5695	1
5696	1
5697	1
5698	1
5699	1
5700	1
5701	2
5702	2
5703	2
5704	2
5705	1
5706	2
5707	2
5708	1
5709	1
5710	1
5711	1
5712	1
5713	1
5714	1
5715	1
5716	1
5717	1
5718	1
5719	3
5720	3
5721	1
5722	1
5723	1
5724	1
5725	1
5726	1
5727	1
5728	2
5729	1
5730	1
5731	1
5732	1
5733	1
5734	1
5735	1
5736	1
5737	1
5738	3
5739	1
5740	1
5741	1
5742	1
5743	1
5744	1
5745	1
5746	1
5747	1
5748	1
5749	1
5750	1
5751	1
5752	1
5753	1
5754	1
5755	1
5756	1
5757	1
5758	1
5759	1
5760	1
5761	1
5762	1
5763	1
5764	1
5765	1
5766	1
5767	1
5768	2
5769	2
5770	2
5771	2
5772	2
5773	2
5774	2
5775	2
5776	2
5777	2
5778	2
5779	2
5780	2
5781	1
5782	1
5783	1
5784	1
5785	2
5786	2
5787	2
5788	2
5789	2
5790	2
5791	2
5792	2
5793	2
5794	2
5795	2
5796	2
5797	2
5798	2
5799	2
5800	2
5801	3
5802	3
5803	3
5804	2
5805	2
5806	2
5807	2
5808	2
5809	2
5810	2
5811	2
5812	2
5813	2
5814	2
5815	2
5816	3
5817	1
5818	1
5819	1
5820	1
5821	1
5822	1
5823	3
5824	3
5825	3
5826	3
5827	2
5828	1
5829	1
5830	1
5831	1
5832	1
5833	1
5834	1
5835	1
5836	1
5837	1
5838	2
5839	2
5840	2
5841	2
5842	3
5843	3
5844	2
5845	1
5846	1
5847	2
5848	2
5849	2
5850	2
5851	2
5852	2
5853	3
5854	2
5855	2
5856	2
5857	2
5858	2
5859	2
5860	2
5861	2
5862	2
5863	2
5864	2
5865	2
5866	1
5867	1
5868	2
5869	1
5870	2
5871	2
5872	2
5873	2
5874	2
5875	2
5876	2
5877	2
5878	2
5879	2
5880	2
5881	2
5882	2
5883	2
5884	2
5885	2
5886	2
5887	2
5888	2
5889	1
5890	1
5891	2
5892	2
5893	2
5894	2
5895	2
5896	2
5897	2
5898	2
5899	2
5900	2
5901	2
5902	2
5903	2
5904	2
5905	2
5906	2
5907	2
5908	2
5909	2
5910	2
5911	2
5912	3
5913	2
5914	1
5915	2
5916	2
5917	2
5918	2
5919	2
5920	2
5921	2
5922	2
5923	2
5924	2
5925	2
5926	2
5927	2
5928	2
5929	2
5930	2
5931	2
5932	2
5933	2
5934	2
5935	2
5936	2
5937	2
5938	2
5939	1
5940	1
5941	1
5942	3
5943	2
5944	2
5945	2
5946	2
5947	2
5948	2
5949	2
5950	2
5951	2
5952	2
5953	2
5954	2
5955	2
5956	2
5957	2
5958	2
5959	2
5960	2
5961	2
5962	2
5963	2
5964	2
5965	1
5966	1
5967	1
5968	1
5969	2
5970	2
5971	2
5972	2
5973	2
5974	2
5975	2
5976	2
5977	2
5978	2
5979	2
5980	2
5981	2
5982	2
5983	2
5984	2
5985	2
5986	2
5987	2
5988	2
5989	1
5990	1
5991	1
5992	1
5993	1
5994	1
5995	1
5996	1
5997	1
5998	1
5999	1
6000	1
6001	1
6002	1
6003	1
6004	1
6005	1
6006	1
6007	2
6008	2
6009	1
6010	1
6011	2
6012	1
6013	1
6014	1
6015	1
6016	2
6017	1
6018	1
6019	1
6020	1
6021	2
6022	2
6023	1
6024	1
6025	2
6026	2
6027	2
6028	1
6029	1
6030	1
6031	1
6032	1
6033	1
6034	1
6035	2
6036	3
6037	3
6038	2
6039	2
6040	2
6041	2
6042	2
6043	2
6044	2
6045	2
6046	2
6047	2
6048	2
6049	2
6050	2
6051	2
6052	1
6053	1
6054	1
6055	1
6056	1
6057	1
6058	2
6059	2
6060	2
6061	3
6062	2
6063	2
6064	2
6065	2
6066	2
6067	2
6068	2
6069	2
6070	1
6071	1
6072	1
6073	1
6074	1
6075	2
6076	2
6077	2
6078	3
6079	3
6080	2
6081	2
6082	2
6083	2
6084	2
6085	2
6086	2
6087	2
6088	3
6089	3
6090	1
6091	1
6092	3
6093	1
6094	1
6095	1
6096	1
6097	1
6098	1
6099	1
6100	1
6101	1
6102	1
6103	1
6104	1
6105	1
6106	1
6107	1
6108	3
6109	2
6110	2
6111	2
6112	2
6113	2
6114	2
6115	2
6116	2
6117	3
6118	2
6119	2
6120	2
6121	3
6122	3
6123	3
6124	3
6125	3
6126	1
6127	1
6128	2
6129	2
6130	2
6131	2
6132	2
6133	2
6134	2
6135	2
6136	2
6137	2
6138	2
6139	2
6140	2
6141	2
6142	2
6143	2
6144	1
6145	1
6146	1
6147	1
6148	2
6149	2
6150	2
6151	3
6152	2
6153	2
6154	2
6155	2
6156	2
6157	2
6158	2
6159	2
6160	2
6161	2
6162	2
6163	3
6164	3
6165	1
6166	1
6167	2
6168	3
6169	3
6170	2
6171	2
6172	2
6173	2
6174	2
6175	2
6176	2
6177	2
6178	2
6179	2
6180	2
6181	3
6182	3
6183	1
6184	1
6185	3
6186	3
6187	3
6188	3
6189	2
6190	2
6191	2
6192	2
6193	2
6194	2
6195	2
6196	2
6197	1
6198	1
6199	2
6200	3
6201	3
6202	1
6203	1
6204	1
6205	1
6206	2
6207	2
6208	3
6209	2
6210	2
6211	2
6212	2
6213	2
6214	2
6215	1
6216	1
6217	1
6218	1
6219	1
6220	1
6221	1
6222	1
6223	1
6224	2
6225	2
6226	2
6227	1
6228	1
6229	1
6230	2
6231	2
6232	2
6233	3
6234	1
6235	1
6236	1
6237	1
6238	1
6239	2
6240	2
6241	3
6242	2
6243	2
6244	2
6245	2
6246	2
6247	2
6248	2
6249	2
6250	2
6251	2
6252	2
6253	2
6254	2
6255	2
6256	2
6257	1
6258	2
6259	3
6260	2
6261	2
6262	2
6263	2
6264	1
6265	1
6266	2
6267	2
6268	2
6269	2
6270	2
6271	2
6272	2
6273	2
6274	2
6275	2
6276	2
6277	2
6278	2
6279	2
6280	2
6281	2
6282	1
6283	1
6284	1
6285	1
6286	2
6287	2
6288	2
6289	2
6290	2
6291	2
6292	2
6293	2
6294	2
6295	2
6296	2
6297	2
6298	2
6299	2
6300	2
6301	2
6302	2
6303	2
6304	2
6305	2
6306	1
6307	2
6308	2
6309	1
6310	1
6311	1
6312	2
6313	2
6314	2
6315	2
6316	2
6317	1
6318	1
6319	1
6320	2
6321	2
6322	2
6323	2
6324	1
6325	1
6326	1
6327	1
6328	2
6329	1
6330	2
6331	2
6332	2
6333	2
6334	2
6335	1
6336	1
6337	1
6338	1
6339	1
6340	1
6341	1
6342	1
6343	1
6344	1
6345	1
6346	1
6347	1
6348	2
6349	3
6350	3
6351	2
6352	3
6353	2
6354	2
6355	2
6356	2
6357	2
6358	2
6359	1
6360	1
6361	1
6362	2
6363	2
6364	1
6365	1
6366	3
6367	3
6368	1
6369	1
6370	1
6371	2
6372	2
6373	2
6374	2
6375	1
6376	1
6377	2
6378	2
6379	2
6380	2
6381	2
6382	2
6383	1
6384	1
6385	1
6386	1
6387	1
6388	1
6389	1
6390	1
6391	1
6392	1
6393	1
6394	1
6395	1
6396	1
6397	1
6398	1
6399	1
6400	1
6401	1
6402	1
6403	1
6404	1
6405	1
6406	1
6407	1
6408	1
6409	1
6410	1
6411	2
6412	2
6413	2
6414	2
6415	2
6416	2
6417	2
6418	1
6419	1
6420	2
6421	2
6422	2
6423	2
6424	1
6425	1
6426	1
6427	1
6428	1
6429	1
6430	1
6431	1
6432	1
6433	1
6434	1
6435	1
6436	1
6437	1
6438	1
6439	1
6440	2
6441	2
6442	2
6443	2
6444	2
6445	2
6446	2
6447	2
6448	2
6449	2
6450	2
6451	2
6452	2
6453	2
6454	2
6455	2
6456	2
6457	2
6458	2
6459	2
6460	2
6461	1
6462	1
6463	2
6464	2
6465	2
6466	2
6467	2
6468	2
6469	2
6470	2
6471	2
6472	2
6473	2
6474	2
6475	2
6476	2
6477	2
6478	2
6479	2
6480	2
6481	2
6482	2
6483	3
6484	1
6485	2
6486	2
6487	2
6488	2
6489	2
6490	2
6491	2
6492	2
6493	2
6494	2
6495	2
6496	2
6497	2
6498	2
6499	2
6500	2
6501	2
6502	2
6503	2
6504	2
6505	2
6506	2
6507	1
6508	1
6509	1
6510	1
6511	1
6512	1
6513	1
6514	2
6515	2
6516	2
6517	2
6518	2
6519	2
6520	2
6521	2
6522	2
6523	2
6524	2
6525	2
6526	1
6527	1
6528	1
6529	1
6530	1
6531	1
6532	3
6533	2
6534	1
6535	2
6536	2
6537	2
6538	2
6539	2
6540	2
6541	2
6542	2
6543	2
6544	2
6545	2
6546	2
6547	2
6548	3
6549	1
6550	1
6551	1
6552	1
6553	2
6554	2
6555	2
6556	2
6557	2
6558	2
6559	2
6560	2
6561	2
6562	2
6563	2
6564	2
6565	2
6566	2
6567	2
6568	2
6569	2
6570	2
6571	2
6572	1
6573	1
6574	1
6575	1
6576	1
6577	1
6578	1
6579	1
6580	1
6581	1
6582	1
6583	1
6584	1
6585	1
6586	1
6587	1
6588	3
6589	2
6590	2
6591	2
6592	1
6593	1
6594	2
6595	2
6596	2
6597	2
6598	2
6599	2
6600	2
6601	3
6602	3
6603	3
6604	1
6605	1
6606	1
6607	1
6608	1
6609	1
6610	1
6611	1
6612	1
6613	1
6614	1
6615	1
6616	1
6617	1
6618	1
6619	1
6620	1
6621	1
6622	1
6623	1
6624	1
6625	1
6626	3
6627	3
6628	2
6629	2
6630	2
6631	2
6632	2
6633	2
6634	2
6635	2
6636	2
6637	2
6638	2
6639	2
6640	2
6641	2
6642	2
6643	2
6644	2
6645	2
6646	2
6647	2
6648	1
6649	1
6650	1
6651	1
6652	1
6653	1
6654	1
6655	1
6656	1
6657	1
6658	1
6659	1
6660	1
6661	1
6662	1
6663	1
6664	2
6665	3
6666	3
6667	2
6668	2
6669	2
6670	3
6671	3
6672	2
6673	1
6674	1
6675	1
6676	1
6677	1
6678	2
6679	3
6680	2
6681	2
6682	2
6683	2
6684	2
6685	2
6686	2
6687	2
6688	2
6689	2
6690	2
6691	2
6692	2
6693	2
6694	2
6695	1
6696	2
6697	3
6698	1
6699	1
6700	1
6701	1
6702	1
6703	2
6704	2
6705	2
6706	2
6707	2
6708	2
6709	2
6710	2
6711	2
6712	2
6713	2
6714	2
6715	2
6716	2
6717	2
6718	2
6719	2
6720	2
6721	2
6722	3
6723	3
6724	2
6725	2
6726	2
6727	2
6728	1
6729	1
6730	1
6731	1
6732	1
6733	3
6734	2
6735	2
6736	2
6737	2
6738	2
6739	2
6740	2
6741	2
6742	2
6743	2
6744	2
6745	2
6746	2
6747	2
6748	2
6749	2
6750	2
6751	2
6752	3
6753	1
6754	1
6755	2
6756	3
6757	2
6758	2
6759	2
6760	2
6761	2
6762	2
6763	2
6764	2
6765	2
6766	2
6767	2
6768	2
6769	2
6770	2
6771	2
6772	2
6773	2
6774	3
6775	1
6776	1
6777	3
6778	2
6779	2
6780	2
6781	2
6782	2
6783	2
6784	2
6785	2
6786	2
6787	2
6788	2
6789	2
6790	2
6791	2
6792	2
6793	2
6794	2
6795	2
6796	2
6797	2
6798	2
6799	1
6800	1
6801	2
6802	2
6803	2
6804	2
6805	2
6806	2
6807	2
6808	2
6809	2
6810	2
6811	2
6812	2
6813	2
6814	2
6815	2
6816	2
6817	2
6818	2
6819	2
6820	2
6821	2
6822	2
6823	1
6824	2
6825	2
6826	2
6827	2
6828	2
6829	2
6830	2
6831	2
6832	2
6833	2
6834	2
6835	2
6836	2
6837	2
6838	2
6839	2
6840	2
6841	2
6842	1
6843	1
6844	1
6845	2
6846	2
6847	3
6848	3
6849	2
6850	2
6851	2
6852	2
6853	2
6854	2
6855	2
6856	2
6857	2
6858	3
6859	3
6860	1
6861	1
6862	1
6863	1
6864	1
6865	3
6866	2
6867	3
6868	2
6869	1
6870	1
6871	1
6872	1
6873	1
6874	1
6875	1
6876	1
6877	1
6878	1
6879	1
6880	2
6881	2
6882	2
6883	2
6884	3
6885	2
6886	2
6887	2
6888	2
6889	2
6890	1
6891	1
6892	1
6893	3
6894	1
6895	1
6896	1
6897	2
6898	2
6899	2
6900	2
6901	3
6902	2
6903	2
6904	2
6905	2
6906	2
6907	2
6908	2
6909	2
6910	2
6911	2
6912	2
6913	2
6914	2
6915	2
6916	1
6917	2
6918	2
6919	2
6920	2
6921	2
6922	2
6923	2
6924	2
6925	2
6926	2
6927	2
6928	2
6929	2
6930	2
6931	2
6932	2
6933	3
6934	2
6935	2
6936	3
6937	1
6938	1
6939	1
6940	1
6941	1
6942	1
6943	1
6944	2
6945	2
6946	1
6947	1
6948	1
6949	1
6950	1
6951	1
6952	1
6953	1
6954	1
6955	1
6956	1
6957	2
6958	2
6959	2
6960	2
6961	1
6962	1
6963	3
6964	1
6965	1
6966	1
6967	1
6968	2
6969	2
6970	2
6971	3
6972	3
6973	2
6974	2
6975	2
6976	2
6977	2
6978	2
6979	2
6980	2
6981	2
6982	2
6983	2
6984	2
6985	2
6986	2
6987	1
6988	1
6989	1
6990	1
6991	1
6992	1
6993	1
6994	1
6995	1
6996	1
6997	1
6998	1
6999	1
7000	1
7001	2
7002	2
7003	2
7004	2
7005	2
7006	2
7007	2
7008	2
7009	2
7010	2
7011	2
7012	2
7013	2
7014	2
7015	2
7016	2
7017	2
7018	1
7019	1
7020	1
7021	1
7022	2
7023	2
7024	2
7025	1
7026	2
7027	2
7028	2
7029	2
7030	2
7031	2
7032	2
7033	2
7034	2
7035	2
7036	2
7037	2
7038	2
7039	2
7040	2
7041	2
7042	2
7043	2
7044	2
7045	2
7046	2
7047	3
7048	3
7049	2
7050	2
7051	2
7052	2
7053	2
7054	2
7055	2
7056	2
7057	2
7058	2
7059	2
7060	2
7061	2
7062	2
7063	2
7064	2
7065	2
7066	2
7067	2
7068	2
7069	2
7070	3
7071	1
7072	2
7073	2
7074	2
7075	2
7076	2
7077	2
7078	2
7079	2
7080	2
7081	2
7082	2
7083	2
7084	2
7085	2
7086	2
7087	2
7088	2
7089	3
7090	3
7091	3
7092	1
7093	1
7094	2
7095	3
7096	2
7097	2
7098	2
7099	2
7100	2
7101	2
7102	2
7103	2
7104	2
7105	2
7106	2
7107	2
7108	2
7109	2
7110	2
7111	1
7112	1
7113	1
7114	1
7115	1
7116	2
7117	2
7118	2
7119	2
7120	2
7121	2
7122	2
7123	2
7124	2
7125	2
7126	2
7127	2
7128	2
7129	2
7130	2
7131	2
7132	2
7133	3
7134	1
7135	1
7136	2
7137	2
7138	2
7139	2
7140	2
7141	2
7142	2
7143	2
7144	2
7145	2
7146	2
7147	2
7148	2
7149	2
7150	2
7151	2
7152	2
7153	2
7154	2
7155	2
7156	2
7157	2
7158	1
7159	2
7160	2
7161	1
7162	1
7163	1
7164	1
7165	1
7166	2
7167	2
7168	2
7169	2
7170	2
7171	2
7172	2
7173	2
7174	2
7175	2
7176	2
7177	2
7178	2
7179	2
7180	2
7181	2
7182	2
7183	2
7184	2
7185	2
7186	2
7187	2
7188	2
7189	2
7190	2
7191	2
7192	1
7193	2
7194	3
7195	3
7196	2
7197	2
7198	2
7199	2
7200	2
7201	2
7202	2
7203	2
7204	2
7205	2
7206	2
7207	2
7208	2
7209	2
7210	2
7211	2
7212	2
7213	1
7214	1
7215	1
7216	1
7217	1
7218	1
7219	2
7220	2
7221	1
7222	1
7223	1
7224	1
7225	1
7226	1
7227	1
7228	3
7229	2
7230	2
7231	2
7232	2
7233	2
7234	2
7235	2
7236	2
7237	2
7238	2
7239	2
7240	2
7241	2
7242	2
7243	2
7244	2
7245	2
7246	2
7247	2
7248	3
7249	2
7250	3
7251	1
7252	1
7253	1
7254	1
7255	2
7256	2
7257	2
7258	2
7259	2
7260	2
7261	2
7262	2
7263	2
7264	2
7265	2
7266	2
7267	2
7268	2
7269	2
7270	2
7271	2
7272	2
7273	2
7274	2
7275	2
7276	2
7277	2
7278	1
7279	1
7280	1
7281	1
7282	1
7283	1
7284	1
7285	2
7286	2
7287	1
7288	2
7289	2
7290	2
7291	2
7292	2
7293	2
7294	2
7295	2
7296	2
7297	2
7298	2
7299	2
7300	2
7301	2
7302	2
7303	3
7304	1
7305	2
7306	2
7307	2
7308	2
7309	2
7310	2
7311	2
7312	2
7313	2
7314	2
7315	2
7316	1
7317	1
7318	1
7319	1
7320	1
7321	1
7322	1
7323	2
7324	2
7325	3
7326	3
7327	3
7328	2
7329	2
7330	2
7331	2
7332	2
7333	2
7334	3
7335	1
7336	1
7337	2
7338	2
7339	3
7340	3
7341	2
7342	2
7343	2
7344	2
7345	2
7346	2
7347	2
7348	2
7349	2
7350	2
7351	2
7352	2
7353	3
7354	3
7355	1
7356	3
7357	3
7358	3
7359	2
7360	2
7361	2
7362	2
7363	2
7364	2
7365	2
7366	2
7367	2
7368	2
7369	2
7370	2
7371	3
7372	2
7373	2
7374	1
7375	1
7376	3
7377	3
7378	3
7379	2
7380	2
7381	2
7382	2
7383	2
7384	2
7385	2
7386	3
7387	3
7388	3
7389	3
7390	3
7391	3
7392	3
7393	3
7394	1
7395	3
7396	3
7397	1
7398	1
7399	1
7400	1
7401	1
7402	1
7403	1
7404	1
7405	1
7406	3
7407	3
7408	3
7409	3
7410	1
7411	1
7412	2
7413	2
7414	3
7415	3
7416	3
7417	2
7418	2
7419	2
7420	3
7421	2
7422	2
7423	2
7424	3
7425	3
7426	3
7427	2
7428	1
7429	2
7430	2
7431	2
7432	2
7433	2
7434	2
7435	2
7436	2
7437	2
7438	2
7439	2
7440	2
7441	2
7442	2
7443	2
7444	2
7445	1
7446	1
7447	1
7448	1
7449	3
7450	2
7451	2
7452	2
7453	3
7454	2
7455	2
7456	2
7457	2
7458	2
7459	2
7460	2
7461	2
7462	2
7463	2
7464	1
7465	1
7466	1
7467	1
7468	2
7469	2
7470	3
7471	3
7472	2
7473	2
7474	2
7475	2
7476	2
7477	2
7478	2
7479	2
7480	2
7481	2
7482	2
7483	3
7484	1
7485	1
7486	1
7487	2
7488	2
7489	3
7490	2
7491	2
7492	2
7493	2
7494	2
7495	2
7496	2
7497	2
7498	2
7499	2
7500	2
7501	2
7502	2
7503	3
7504	3
7505	1
7506	1
7507	3
7508	3
7509	2
7510	2
7511	2
7512	2
7513	2
7514	2
7515	2
7516	2
7517	2
7518	1
7519	1
7520	1
7521	1
7522	1
7523	1
7524	1
7525	1
7526	2
7527	3
7528	2
7529	2
7530	2
7531	2
7532	2
7533	1
7534	1
7535	1
7536	1
7537	1
7538	1
7539	1
7540	1
7541	1
7542	1
7543	2
7544	2
7545	3
7546	2
7547	2
7548	2
7549	2
7550	2
7551	2
7552	2
7553	2
7554	2
7555	2
7556	2
7557	2
7558	1
7559	2
7560	1
7561	3
7562	3
7563	2
7564	2
7565	2
7566	2
7567	2
7568	2
7569	2
7570	2
7571	2
7572	2
7573	2
7574	2
7575	2
7576	2
7577	2
7578	2
7579	2
7580	2
7581	2
7582	2
7583	2
7584	1
7585	1
7586	1
7587	2
7588	1
7589	1
7590	2
7591	2
7592	1
7593	2
7594	2
7595	2
7596	2
7597	2
7598	2
7599	2
7600	2
7601	2
7602	2
7603	2
7604	2
7605	2
7606	2
7607	2
7608	2
7609	2
7610	3
7611	3
7612	2
7613	2
7614	2
7615	2
7616	2
7617	2
7618	2
7619	2
7620	2
7621	2
7622	2
7623	2
7624	2
7625	2
7626	2
7627	2
7628	2
7629	2
7630	3
7631	1
7632	1
7633	2
7634	2
7635	3
7636	2
7637	2
7638	2
7639	2
7640	2
7641	2
7642	2
7643	2
7644	2
7645	2
7646	2
7647	2
7648	2
7649	2
7650	2
7651	2
7652	2
7653	2
7654	2
7655	1
7656	1
7657	1
7658	2
7659	2
7660	2
7661	2
7662	2
7663	2
7664	2
7665	2
7666	2
7667	2
7668	2
7669	2
7670	2
7671	2
7672	2
7673	2
7674	2
7675	2
7676	2
7677	2
7678	2
7679	2
7680	3
7681	2
7682	3
7683	2
7684	1
7685	1
7686	1
7687	2
7688	1
7689	1
7690	1
7691	1
7692	1
7693	1
7694	1
7695	1
7696	2
7697	2
7698	2
7699	2
7700	2
7701	2
7702	2
7703	2
7704	2
7705	2
7706	2
7707	2
7708	2
7709	2
7710	2
7711	2
7712	2
7713	2
7714	2
7715	2
7716	2
7717	1
7718	1
7719	1
7720	1
7721	1
7722	1
7723	2
7724	2
7725	2
7726	2
7727	2
7728	2
7729	2
7730	2
7731	2
7732	2
7733	2
7734	2
7735	2
7736	2
7737	2
7738	2
7739	2
7740	2
7741	2
7742	2
7743	1
7744	1
7745	1
7746	1
7747	1
7748	1
7749	1
7750	1
7751	1
7752	1
7753	1
7754	1
7755	1
7756	1
7757	1
7758	1
7759	1
7760	1
7761	1
7762	1
7763	1
7764	1
7765	1
7766	1
7767	2
7768	2
7769	2
7770	2
7771	2
7772	2
7773	2
7774	2
7775	2
7776	2
7777	2
7778	2
7779	2
7780	2
7781	2
7782	2
7783	2
7784	2
7785	2
7786	2
7787	2
7788	2
7789	2
7790	2
7791	2
7792	2
7793	2
7794	2
7795	2
7796	2
7797	2
7798	2
7799	2
7800	2
7801	2
7802	2
7803	3
7804	1
7805	1
7806	1
7807	2
7808	2
7809	2
7810	3
7811	2
7812	2
7813	2
7814	2
7815	2
7816	2
7817	2
7818	2
7819	2
7820	2
7821	3
7822	3
7823	1
7824	1
7825	3
7826	3
7827	3
7828	3
7829	2
7830	2
7831	2
7832	2
7833	2
7834	2
7835	2
7836	2
7837	2
7838	3
7839	3
7840	2
7841	1
7842	1
7843	3
7844	3
7845	3
7846	3
7847	2
7848	2
7849	2
7850	1
7851	1
7852	1
7853	1
7854	1
7855	1
7856	1
7857	1
7858	2
7859	2
7860	2
7861	3
7862	3
7863	2
7864	1
7865	1
7866	1
7867	1
7868	1
7869	1
7870	2
7871	2
7872	3
7873	3
7874	3
7875	2
7876	3
7877	3
7878	3
7879	3
7880	2
7881	2
7882	2
7883	2
7884	1
7885	1
7886	2
7887	2
7888	2
7889	3
7890	3
7891	2
7892	2
7893	2
7894	2
7895	2
7896	2
7897	2
7898	2
7899	2
7900	2
7901	1
7902	1
7903	1
7904	1
7905	2
7906	2
7907	3
7908	3
7909	2
7910	2
7911	2
7912	2
7913	2
7914	2
7915	2
7916	2
7917	2
7918	2
7919	2
7920	2
7921	2
7922	3
7923	2
7924	1
7925	2
7926	3
7927	2
7928	2
7929	2
7930	2
7931	2
7932	2
7933	2
7934	2
7935	2
7936	2
7937	2
7938	2
7939	2
7940	2
7941	2
7942	2
7943	3
7944	2
7945	1
7946	1
7947	2
7948	2
7949	2
7950	2
7951	2
7952	2
7953	2
7954	2
7955	2
7956	2
7957	2
7958	1
7959	1
7960	1
7961	1
7962	1
7963	1
7964	1
7965	2
7966	3
7967	3
7968	3
7969	2
7970	2
7971	2
7972	2
7973	2
7974	1
7975	1
7976	1
7977	1
7978	1
7979	1
7980	1
7981	1
7982	1
7983	1
7984	1
7985	2
7986	2
7987	2
7988	2
7989	3
7990	2
7991	2
7992	2
7993	2
7994	2
7995	2
7996	2
7997	2
7998	2
7999	2
8000	2
8001	1
8002	1
8003	1
8004	1
8005	1
8006	1
8007	1
8008	1
8009	1
8010	1
8011	1
8012	1
8013	2
8014	1
8015	1
8016	2
8017	2
8018	2
8019	2
8020	2
8021	2
8022	2
8023	2
8024	2
8025	2
8026	2
8027	2
8028	2
8029	2
8030	2
8031	3
8032	2
8033	1
8034	1
8035	1
8036	1
8037	2
8038	2
8039	2
8040	2
8041	2
8042	2
8043	2
8044	2
8045	2
8046	2
8047	2
8048	2
8049	2
8050	1
8051	1
8052	1
8053	1
8054	1
8055	2
8056	2
8057	2
8058	3
8059	2
8060	2
8061	2
8062	2
8063	2
8064	2
8065	2
8066	2
8067	2
8068	2
8069	3
8070	2
8071	1
8072	1
8073	1
8074	2
8075	2
8076	3
8077	3
8078	3
8079	2
8080	2
8081	2
8082	2
8083	2
8084	2
8085	2
8086	2
8087	2
8088	2
8089	2
8090	2
8091	2
8092	2
8093	2
8094	2
8095	2
8096	2
8097	3
8098	2
8099	2
8100	2
8101	2
8102	2
8103	2
8104	2
8105	2
8106	2
8107	2
8108	2
8109	3
8110	3
8111	3
8112	2
8113	2
8114	2
8115	2
8116	2
8117	2
8118	2
8119	2
8120	2
8121	2
8122	2
8123	2
8124	2
8125	2
8126	2
8127	2
8128	2
8129	2
8130	2
8131	2
8132	2
8133	2
8134	2
8135	1
8136	1
8137	2
8138	2
8139	2
8140	2
8141	2
8142	2
8143	2
8144	2
8145	2
8146	2
8147	2
8148	2
8149	2
8150	2
8151	2
8152	2
8153	2
8154	2
8155	2
8156	2
8157	2
8158	2
8159	2
8160	1
8161	1
8162	1
8163	2
8164	2
8165	2
8166	2
8167	2
8168	2
8169	2
8170	2
8171	2
8172	2
8173	2
8174	2
8175	2
8176	2
8177	2
8178	2
8179	2
8180	2
8181	2
8182	2
8183	2
8184	2
8185	1
8186	1
8187	1
8188	2
8189	2
8190	2
8191	2
8192	2
8193	2
8194	2
8195	2
8196	2
8197	2
8198	2
8199	2
8200	2
8201	2
8202	2
8203	2
8204	2
8205	3
8206	1
8207	1
8208	1
8209	3
8210	3
8211	2
8212	2
8213	2
8214	2
8215	2
8216	2
8217	2
8218	2
8219	2
8220	2
8221	2
8222	1
8223	1
8224	1
8225	1
8226	1
8227	1
8228	1
8229	2
8230	2
8231	3
8232	3
8233	2
8234	1
8235	1
8236	1
8237	1
8238	1
8239	2
8240	3
8241	3
8242	3
8243	3
8244	3
8245	3
8246	2
8247	1
8248	1
8249	1
8250	1
8251	2
8252	2
8253	2
8254	2
8255	3
8256	3
8257	2
8258	2
8259	3
8260	3
8261	2
8262	2
8263	2
8264	1
8265	1
8266	2
8267	2
8268	2
8269	2
8270	3
8271	3
8272	3
8273	2
8274	2
8275	2
8276	2
8277	2
8278	1
8279	1
8280	1
8281	1
8282	1
8283	2
8284	2
8285	3
8286	3
8287	3
8288	2
8289	2
8290	2
8291	2
8292	1
8293	1
8294	1
8295	1
8296	1
8297	2
8298	2
8299	2
8300	3
8301	3
8302	3
8303	2
8304	3
8305	3
8306	2
8307	2
8308	1
8309	1
8310	1
8311	2
8312	2
8313	2
8314	3
8315	3
8316	3
8317	2
8318	3
8319	3
8320	2
8321	2
8322	2
8323	2
8324	2
8325	2
8326	2
8327	3
8328	1
8329	1
8330	2
8331	2
8332	3
8333	3
8334	2
8335	2
8336	2
8337	2
8338	2
8339	2
8340	2
8341	2
8342	2
8343	2
8344	2
8345	2
8346	2
8347	2
8348	2
8349	2
8350	1
8351	1
8352	1
8353	2
8354	2
8355	2
8356	2
8357	2
8358	1
8359	2
8360	2
8361	2
8362	2
8363	2
8364	2
8365	2
8366	2
8367	2
8368	2
8369	2
8370	2
8371	2
8372	2
8373	2
8374	2
8375	2
8376	1
8377	1
8378	1
8379	1
8380	1
8381	1
8382	1
8383	2
8384	2
8385	2
8386	2
8387	2
8388	2
8389	2
8390	2
8391	2
8392	2
8393	2
8394	2
8395	2
8396	2
8397	2
8398	2
8399	2
8400	2
8401	1
8402	1
8403	1
8404	1
8405	1
8406	2
8407	2
8408	2
8409	1
8410	1
8411	2
8412	2
8413	2
8414	2
8415	2
8416	2
8417	1
8418	1
8419	1
8420	1
8421	1
8422	1
8423	1
8424	1
8425	1
8426	3
8427	2
8428	2
8429	2
8430	2
8431	2
8432	2
8433	2
8434	2
8435	2
8436	2
8437	2
8438	2
8439	2
8440	2
8441	2
8442	2
8443	2
8444	2
8445	1
8446	1
8447	3
8448	1
8449	2
8450	2
8451	1
8452	1
8453	1
8454	1
8455	1
8456	1
8457	1
8458	1
8459	1
8460	1
8461	1
8462	2
8463	2
8464	2
8465	3
8466	3
8467	3
8468	2
8469	1
8470	1
8471	1
8472	1
8473	1
8474	1
8475	1
8476	1
8477	1
8478	2
8479	2
8480	1
8481	1
8482	2
8483	3
8484	2
8485	2
8486	2
8487	2
8488	1
8489	3
8490	2
8491	2
8492	2
8493	2
8494	1
8495	1
8496	1
8497	1
8498	1
8499	1
8500	1
8501	1
8502	1
8503	2
8504	2
8505	2
8506	2
8507	2
8508	2
8509	2
8510	2
8511	2
8512	2
8513	2
8514	2
8515	2
8516	2
8517	1
8518	2
8519	2
8520	2
8521	2
8522	3
8523	2
8524	2
8525	2
8526	2
8527	2
8528	2
8529	2
8530	2
8531	2
8532	2
8533	2
8534	2
8535	1
8536	1
8537	2
8538	1
8539	1
8540	1
8541	1
8542	1
8543	1
8544	2
8545	3
8546	2
8547	2
8548	2
8549	2
8550	2
8551	2
8552	2
8553	2
8554	2
8555	2
8556	2
8557	2
8558	2
8559	2
8560	2
8561	1
8562	1
8563	1
8564	1
8565	1
8566	1
8567	1
8568	1
8569	1
8570	1
8571	2
8572	2
8573	1
8574	2
8575	2
8576	2
8577	2
8578	2
8579	2
8580	2
8581	2
8582	2
8583	1
8584	1
8585	2
8586	2
8587	2
8588	1
8589	1
8590	1
8591	1
8592	1
8593	1
8594	1
8595	1
8596	1
8597	1
8598	1
8599	1
8600	2
8601	2
8602	2
8603	1
8604	1
8605	1
8606	1
8607	1
8608	1
8609	1
8610	2
8611	1
8612	1
8613	1
8614	2
8615	2
8616	3
8617	3
8618	3
8619	2
8620	2
8621	2
8622	3
8623	3
8624	2
8625	2
8626	2
8627	2
8628	2
8629	2
8630	1
8631	1
8632	1
8633	2
8634	2
8635	3
8636	2
8637	2
8638	2
8639	2
8640	2
8641	2
8642	2
8643	2
8644	2
8645	2
8646	2
8647	2
8648	2
8649	2
8650	2
8651	2
8652	2
8653	2
8654	1
8655	2
8656	2
8657	2
8658	2
8659	2
8660	2
8661	2
8662	2
8663	2
8664	2
8665	2
8666	2
8667	2
8668	2
8669	2
8670	2
8671	2
8672	2
8673	2
8674	2
8675	2
8676	2
8677	2
8678	2
8679	1
8680	1
8681	1
8682	2
8683	2
8684	2
8685	2
8686	2
8687	2
8688	2
8689	2
8690	2
8691	2
8692	2
8693	2
8694	2
8695	2
8696	2
8697	2
8698	2
8699	2
8700	2
8701	2
8702	2
8703	2
8704	1
8705	1
8706	2
8707	2
8708	2
8709	2
8710	2
8711	2
8712	2
8713	2
8714	2
8715	2
8716	2
8717	2
8718	2
8719	2
8720	2
8721	2
8722	2
8723	2
8724	2
8725	2
8726	2
8727	2
8728	2
8729	3
8730	2
8731	1
8732	1
8733	1
8734	1
8735	1
8736	1
8737	2
8738	2
8739	2
8740	2
8741	2
8742	2
8743	2
8744	2
8745	2
8746	2
8747	2
8748	2
8749	2
8750	2
8751	2
8752	2
8753	2
8754	2
8755	2
8756	1
8757	1
8758	2
8759	2
8760	2
8761	3
8762	2
8763	2
8764	2
8765	2
8766	2
8767	2
8768	2
8769	2
8770	2
8771	2
8772	2
8773	3
8774	3
8775	3
8776	3
8777	2
8778	2
8779	2
8780	1
8781	1
8782	1
8783	1
8784	2
8785	2
8786	2
8787	2
8788	2
8789	2
8790	2
8791	2
8792	2
8793	2
8794	2
8795	2
8796	2
8797	2
8798	2
8799	2
8800	2
8801	2
8802	2
8803	2
8804	2
8805	2
8806	2
8807	2
8808	2
8809	2
8810	2
8811	2
8812	2
8813	3
8814	1
8815	2
8816	3
8817	3
8818	2
8819	2
8820	2
8821	2
8822	2
8823	2
8824	2
8825	1
8826	1
8827	1
8828	1
8829	1
8830	1
8831	1
8832	1
8833	1
8834	1
8835	1
8836	1
8837	2
8838	3
8839	2
8840	2
8841	2
8842	2
8843	2
8844	2
8845	2
8846	2
8847	2
8848	2
8849	2
8850	2
8851	3
8852	1
8853	1
8854	1
8855	1
8856	1
8857	1
8858	1
8859	1
8860	1
8861	1
8862	1
8863	1
8864	1
8865	1
8866	3
8867	1
8868	1
8869	1
8870	3
8871	1
8872	1
8873	1
8874	1
8875	1
8876	1
8877	1
8878	1
8879	1
8880	1
8881	1
8882	1
8883	1
8884	1
8885	1
8886	1
8887	1
8888	1
8889	2
8890	2
8891	2
8892	2
8893	1
8894	2
8895	2
8896	2
8897	2
8898	2
8899	1
8900	1
8901	1
8902	1
8903	1
8904	1
8905	1
8906	1
8907	2
8908	2
8909	2
8910	2
8911	2
8912	2
8913	2
8914	2
8915	2
8916	2
8917	2
8918	2
8919	2
8920	2
8921	2
8922	2
8923	1
8924	1
8925	1
8926	1
8927	1
8928	1
8929	1
8930	1
8931	1
8932	1
8933	1
8934	1
8935	1
8936	1
8937	1
8938	1
8939	1
8940	1
8941	2
8942	2
8943	2
8944	3
8945	3
8946	1
8947	1
8948	2
8949	2
8950	2
8951	2
8952	2
8953	2
8954	2
8955	2
8956	2
8957	2
8958	2
8959	2
8960	2
8961	2
8962	2
8963	2
8964	2
8965	2
8966	2
8967	3
8968	1
8969	3
8970	2
8971	2
8972	2
8973	2
8974	2
8975	2
8976	2
8977	2
8978	2
8979	2
8980	2
8981	2
8982	2
8983	2
8984	2
8985	2
8986	2
8987	3
8988	3
8989	1
8990	3
8991	3
8992	3
8993	2
8994	2
8995	2
8996	2
8997	2
8998	2
8999	2
9000	2
9001	2
9002	2
9003	2
9004	2
9005	2
9006	2
9007	3
9008	3
9009	3
9010	3
9011	3
9012	2
9013	2
9014	2
9015	2
9016	2
9017	1
9018	1
9019	1
9020	1
9021	1
9022	1
9023	1
9024	1
9025	1
9026	1
9027	1
9028	2
9029	2
9030	3
9031	3
9032	2
9033	1
9034	2
9035	2
9036	1
9037	1
9038	1
9039	1
9040	1
9041	2
9042	2
9043	3
9044	2
9045	3
9046	2
9047	3
9048	3
9049	2
9050	2
9051	2
9052	2
9053	2
9054	2
9055	2
9056	2
9057	2
9058	1
9059	3
9060	2
9061	2
9062	2
9063	2
9064	2
9065	2
9066	2
9067	2
9068	2
9069	2
9070	2
9071	2
9072	2
9073	2
9074	1
9075	1
9076	3
9077	3
9078	1
9079	1
9080	1
9081	3
9082	2
9083	2
9084	2
9085	2
9086	2
9087	2
9088	2
9089	2
9090	2
9091	2
9092	2
9093	2
9094	2
9095	2
9096	1
9097	1
9098	1
9099	1
9100	2
9101	2
9102	2
9103	3
9104	2
9105	2
9106	2
9107	2
9108	2
9109	2
9110	2
9111	2
9112	2
9113	2
9114	2
9115	2
9116	2
9117	2
9118	2
9119	2
9120	2
9121	1
9122	1
9123	1
9124	1
9125	2
9126	2
9127	2
9128	2
9129	2
9130	2
9131	2
9132	2
9133	2
9134	2
9135	2
9136	2
9137	2
9138	2
9139	2
9140	2
9141	2
9142	2
9143	2
9144	2
9145	2
9146	2
9147	2
9148	1
9149	1
9150	1
9151	2
9152	2
9153	2
9154	2
9155	2
9156	2
9157	2
9158	2
9159	2
9160	2
9161	2
9162	2
9163	2
9164	2
9165	2
9166	2
9167	1
9168	1
9169	1
9170	3
9171	2
9172	3
9173	2
9174	2
9175	2
9176	2
9177	2
9178	2
9179	2
9180	2
9181	2
9182	1
9183	1
9184	1
9185	1
9186	1
9187	1
9188	1
9189	1
9190	2
9191	2
9192	3
9193	2
9194	2
9195	2
9196	2
9197	2
9198	2
9199	2
9200	2
9201	1
9202	1
9203	1
9204	1
9205	1
9206	1
9207	2
9208	2
9209	3
9210	2
9211	2
9212	2
9213	2
9214	2
9215	2
9216	2
9217	2
9218	2
9219	2
9220	2
9221	2
9222	2
9223	2
9224	2
9225	3
9226	1
9227	2
9228	3
9229	2
9230	2
9231	2
9232	2
9233	2
9234	2
9235	2
9236	2
9237	2
9238	2
9239	2
9240	2
9241	2
9242	2
9243	2
9244	2
9245	2
9246	2
9247	2
9248	1
9249	1
9250	1
9251	1
9252	1
9253	1
9254	1
9255	1
9256	1
9257	1
9258	1
9259	1
9260	1
9261	2
9262	3
9263	2
9264	2
9265	2
9266	2
9267	2
9268	2
9269	2
9270	2
9271	2
9272	2
9273	1
9274	2
9275	1
9276	1
9277	1
9278	2
9279	2
9280	1
9281	1
9282	1
9283	1
9284	1
9285	1
9286	1
9287	1
9288	1
9289	1
9290	1
9291	1
9292	1
9293	1
9294	1
9295	1
9296	1
9297	1
9298	1
9299	2
9300	1
9301	2
9302	2
9303	1
9304	2
9305	2
9306	2
9307	2
9308	2
9309	2
9310	2
9311	2
9312	2
9313	2
9314	2
9315	2
9316	1
9317	1
9318	1
9319	1
9320	1
9321	2
9322	1
9323	1
9324	1
9325	1
9326	1
9327	1
9328	1
9329	1
9330	1
9331	2
9332	2
9333	2
9334	2
9335	2
9336	2
9337	2
9338	2
9339	2
9340	2
9341	2
9342	2
9343	2
9344	2
9345	2
9346	2
9347	1
9348	1
9349	1
9350	1
9351	1
9352	1
9353	2
9354	2
9355	2
9356	2
9357	2
9358	2
9359	2
9360	2
9361	2
9362	2
9363	2
9364	2
9365	2
9366	2
9367	2
9368	2
9369	2
9370	2
9371	2
9372	1
9373	1
9374	3
9375	2
9376	2
9377	2
9378	2
9379	2
9380	2
9381	2
9382	2
9383	2
9384	2
9385	2
9386	2
9387	2
9388	2
9389	2
9390	3
9391	1
9392	1
9393	1
9394	1
9395	1
9396	3
9397	2
9398	2
9399	2
9400	2
9401	2
9402	2
9403	2
9404	2
9405	2
9406	1
9407	1
9408	2
9409	3
9410	2
9411	2
9412	2
9413	2
9414	1
9415	1
9416	1
9417	2
9418	3
9419	2
9420	2
9421	2
9422	2
9423	2
9424	2
9425	2
9426	2
9427	2
9428	2
9429	2
9430	2
9431	2
9432	2
9433	2
9434	2
9435	2
9436	2
9437	2
9438	3
9439	2
9440	1
9441	1
9442	1
9443	1
9444	1
9445	1
9446	1
9447	1
9448	1
9449	2
9450	1
9451	1
9452	2
9453	2
9454	2
9455	2
9456	2
9457	2
9458	2
9459	2
9460	2
9461	2
9462	1
9463	1
9464	1
9465	2
9466	2
9467	1
9468	3
9469	2
9470	3
9471	2
9472	2
9473	2
9474	2
9475	2
9476	1
9477	2
9478	2
9479	2
9480	1
9481	1
9482	1
9483	1
9484	1
9485	1
9486	1
9487	1
9488	1
9489	1
9490	1
9491	1
9492	1
9493	3
9494	2
9495	2
9496	2
9497	2
9498	2
9499	2
9500	2
9501	2
9502	2
9503	2
9504	2
9505	2
9506	2
9507	2
9508	1
9509	1
9510	1
9511	3
9512	2
9513	2
9514	2
9515	1
9516	1
9517	2
9518	2
9519	1
9520	1
9521	1
9522	2
9523	1
9524	1
9525	2
9526	2
9527	2
9528	1
9529	1
9530	1
9531	1
9532	1
9533	1
9534	2
9535	1
9536	1
9537	1
9538	2
9539	1
9540	1
9541	1
9542	2
9543	2
9544	2
9545	2
9546	2
9547	2
9548	2
9549	2
9550	2
9551	2
9552	2
9553	2
9554	2
9555	1
9556	2
9557	2
9558	1
9559	1
9560	1
9561	1
9562	1
9563	1
9564	2
9565	2
9566	2
9567	2
9568	2
9569	2
9570	2
9571	2
9572	2
9573	2
9574	2
9575	2
9576	2
9577	2
9578	1
9579	1
9580	1
9581	1
9582	2
9583	2
9584	2
9585	2
9586	1
9587	1
9588	1
9589	1
9590	1
9591	1
9592	2
9593	2
9594	1
9595	1
9596	1
9597	2
9598	2
9599	2
9600	2
9601	2
9602	2
9603	2
9604	2
9605	2
9606	2
9607	2
9608	2
9609	2
9610	2
9611	2
9612	2
9613	2
9614	2
9615	2
9616	2
9617	2
9618	2
9619	1
9620	1
9621	2
9622	2
9623	2
9624	2
9625	2
9626	2
9627	2
9628	2
9629	2
9630	2
9631	2
9632	2
9633	2
9634	2
9635	2
9636	2
9637	2
9638	2
9639	2
9640	2
9641	3
9642	1
9643	3
9644	2
9645	2
9646	2
9647	2
9648	2
9649	2
9650	2
9651	2
9652	2
9653	2
9654	2
9655	2
9656	2
9657	3
9658	3
9659	2
9660	3
9661	2
9662	2
9663	2
9664	2
9665	3
9666	2
9667	1
9668	1
9669	1
9670	1
9671	1
9672	1
9673	1
9674	1
9675	3
9676	3
9677	2
9678	1
9679	2
9680	2
9681	2
9682	2
9683	2
9684	1
9685	1
9686	2
9687	2
9688	1
9689	1
9690	1
9691	1
9692	2
9693	3
9694	2
9695	2
9696	2
9697	2
9698	2
9699	2
9700	2
9701	2
9702	2
9703	2
9704	2
9705	2
9706	1
9707	1
9708	3
9709	2
9710	2
9711	2
9712	2
9713	2
9714	2
9715	2
9716	2
9717	2
9718	2
9719	2
9720	2
9721	2
9722	2
9723	2
9724	2
9725	3
9726	3
9727	1
9728	3
9729	3
9730	2
9731	2
9732	1
9733	1
9734	1
9735	1
9736	1
9737	1
9738	1
9739	1
9740	1
9741	1
9742	1
9743	1
9744	1
9745	1
9746	1
9747	2
9748	3
9749	3
9750	2
9751	2
9752	2
9753	2
9754	1
9755	1
9756	1
9757	3
9758	1
9759	1
9760	1
9761	1
9762	1
9763	1
9764	1
9765	1
9766	1
9767	2
9768	2
9769	1
9770	1
9771	1
9772	1
9773	1
9774	1
9775	3
9776	2
9777	1
9778	1
9779	1
9780	1
9781	1
9782	1
9783	1
9784	1
9785	2
9786	2
9787	2
9788	1
9789	1
9790	1
9791	1
9792	1
9793	1
9794	1
9795	1
9796	1
9797	1
9798	1
9799	1
9800	2
9801	2
9802	2
9803	1
9804	2
9805	2
9806	2
9807	2
9808	2
9809	2
9810	2
9811	1
9812	1
9813	1
9814	1
9815	1
9816	1
9817	2
9818	2
9819	2
9820	2
9821	1
9822	2
9823	2
9824	2
9825	2
9826	2
9827	1
9828	1
9829	2
9830	1
9831	1
9832	2
9833	1
9834	1
9835	2
9836	2
9837	1
9838	2
9839	2
9840	2
9841	2
9842	2
9843	2
9844	2
9845	1
9846	1
9847	1
9848	1
9849	1
9850	1
9851	1
9852	1
9853	1
9854	1
9855	2
9856	1
9857	1
9858	1
9859	1
9860	2
9861	2
9862	1
9863	1
9864	1
9865	1
9866	1
9867	1
9868	1
9869	1
9870	2
9871	3
9872	3
9873	2
9874	2
9875	2
9876	1
9877	1
9878	1
9879	1
9880	1
9881	1
9882	1
9883	1
9884	2
9885	2
9886	2
9887	2
9888	2
9889	2
9890	2
9891	2
9892	2
9893	2
9894	2
9895	2
9896	2
9897	2
9898	2
9899	2
9900	1
9901	1
9902	2
9903	3
9904	2
9905	2
9906	2
9907	2
9908	2
9909	2
9910	2
9911	2
9912	2
9913	2
9914	2
9915	2
9916	2
9917	2
9918	2
9919	2
9920	2
9921	2
9922	2
9923	3
9924	2
9925	2
9926	2
9927	2
9928	2
9929	2
9930	2
9931	2
9932	2
9933	2
9934	2
9935	2
9936	2
9937	2
9938	2
9939	2
9940	2
9941	2
9942	2
9943	2
9944	2
9945	2
9946	2
9947	1
9948	2
9949	2
9950	2
9951	2
9952	2
9953	2
9954	2
9955	2
9956	2
9957	2
9958	2
9959	2
9960	2
9961	2
9962	2
9963	2
9964	2
9965	2
9966	2
9967	2
9968	2
9969	1
9970	1
9971	2
9972	1
9973	1
9974	1
9975	1
9976	1
9977	3
9978	2
9979	2
9980	2
9981	2
9982	2
9983	2
9984	2
9985	2
9986	2
9987	2
9988	2
9989	2
9990	2
9991	2
9992	2
9993	2
9994	2
9995	2
9996	2
9997	2
9998	2
9999	2
10000	1
