1	1
2	2
3	1
4	1
5	2
6	2
7	2
8	2
9	2
10	2
11	2
12	2
13	2
14	2
15	2
16	2
17	2
18	2
19	2
20	2
21	2
22	2
23	2
24	2
25	2
26	2
27	2
28	2
29	2
30	2
31	2
32	2
33	2
34	2
35	2
36	2
37	2
38	2
39	2
40	2
41	2
42	2
43	2
44	2
45	2
46	2
47	2
48	3
49	3
50	2
51	2
52	2
53	2
54	2
55	2
56	2
57	2
58	2
59	2
60	2
61	2
62	2
63	2
64	2
65	2
66	2
67	2
68	2
69	2
70	2
71	2
72	2
73	2
74	2
75	2
76	2
77	2
78	2
79	2
80	2
81	2
82	2
83	2
84	2
85	2
86	2
87	2
88	2
89	2
90	2
91	2
92	2
93	3
94	2
95	2
96	2
97	2
98	2
99	2
100	2
101	2
102	2
103	2
104	2
105	2
106	2
107	2
108	2
109	2
110	2
111	2
112	2
113	2
114	2
115	2
116	2
117	1
118	1
119	1
120	1
121	1
122	1
123	1
124	1
125	1
126	1
127	1
128	1
129	2
130	2
131	2
132	3
133	3
134	3
135	2
136	2
137	2
138	2
139	2
140	2
141	2
142	2
143	2
144	2
145	2
146	2
147	2
148	2
149	2
150	2
151	2
152	2
153	2
154	2
155	2
156	2
157	2
158	2
159	2
160	2
161	2
162	2
163	2
164	2
165	2
166	2
167	1
168	1
169	2
170	1
171	1
172	1
173	1
174	1
175	1
176	1
177	1
178	1
179	1
180	1
181	1
182	1
183	1
184	1
185	1
186	1
187	1
188	1
189	1
190	1
191	1
192	1
193	1
194	1
195	1
196	1
197	1
198	1
199	1
200	1
201	1
202	1
203	1
204	1
205	1
206	1
207	1
208	1
209	1
210	1
211	1
212	2
213	2
214	2
215	2
216	2
217	2
218	2
219	2
220	2
221	2
222	2
223	2
224	2
225	2
226	2
227	2
228	2
229	2
230	2
231	2
232	1
233	1
234	2
235	1
236	1
237	1
238	1
239	1
240	1
241	1
242	1
243	1
244	1
245	1
246	1
247	1
248	1
249	1
250	1
251	1
252	1
253	1
254	1
255	1
256	1
257	1
258	1
259	1
260	1
261	1
262	1
263	1
264	1
265	1
266	1
267	1
268	1
269	1
270	1
271	1
272	1
273	1
274	1
275	2
276	2
277	2
278	2
279	2
280	2
281	2
282	2
283	2
284	2
285	2
286	2
287	2
288	2
289	2
290	2
291	2
292	2
293	2
294	2
295	2
296	2
297	2
298	2
299	3
300	1
301	1
302	1
303	1
304	1
305	1
306	2
307	2
308	2
309	1
310	1
311	1
312	1
313	1
314	1
315	1
316	1
317	2
318	2
319	2
320	2
321	2
322	2
323	2
324	2
325	3
326	2
327	2
328	2
329	2
330	2
331	2
332	2
333	2
334	2
335	2
336	2
337	2
338	2
339	2
340	2
341	2
342	2
343	2
344	1
345	1
346	1
347	1
348	2
349	2
350	1
351	1
352	1
353	1
354	1
355	3
356	2
357	1
358	2
359	2
360	2
361	2
362	2
363	2
364	2
365	2
366	2
367	2
368	2
369	2
370	2
371	2
372	1
373	2
374	2
375	1
376	1
377	1
378	1
379	1
380	1
381	1
382	1
383	1
384	1
385	1
386	1
387	1
388	1
389	1
390	1
391	1
392	1
393	1
394	1
395	1
396	1
397	1
398	1
399	1
400	1
401	1
402	1
403	2
404	1
405	1
406	2
407	2
408	2
409	2
410	2
411	1
412	1
413	2
414	2
415	1
416	1
417	1
418	2
419	1
420	1
421	1
422	1
423	1
424	1
425	1
426	1
427	1
428	1
429	1
430	1
431	1
432	1
433	1
434	1
435	1
436	1
437	1
438	1
439	2
440	2
441	1
442	2
443	2
444	2
445	2
446	2
447	2
448	1
449	2
450	2
451	2
452	1
453	2
454	2
455	1
456	1
457	1
458	1
459	1
460	1
461	1
462	1
463	1
464	1
465	1
466	1
467	1
468	1
469	1
470	1
471	1
472	1
473	1
474	2
475	2
476	1
477	2
478	2
479	2
480	2
481	2
482	2
483	2
484	2
485	1
486	2
487	2
488	3
489	3
490	2
491	2
492	2
493	1
494	1
495	2
496	1
497	2
498	2
499	2
500	1
501	3
502	2
503	2
504	1
505	1
506	2
507	2
508	1
509	2
510	2
511	3
512	2
513	1
514	3
515	1
516	1
517	1
518	2
519	1
520	1
521	1
522	1
523	1
524	1
525	1
526	1
527	1
528	1
529	1
530	1
531	1
532	1
533	1
534	1
535	1
536	1
537	1
538	1
539	1
540	1
541	1
542	1
543	1
544	2
545	2
546	2
547	1
548	1
549	1
550	2
551	1
552	1
553	1
554	1
555	2
556	2
557	1
558	2
559	1
560	1
561	1
562	1
563	1
564	1
565	1
566	1
567	1
568	1
569	1
570	1
571	1
572	1
573	1
574	1
575	1
576	1
577	1
578	1
579	1
580	1
581	1
582	1
583	1
584	3
585	2
586	1
587	1
588	1
589	1
590	1
591	1
592	1
593	2
594	2
595	2
596	2
597	2
598	2
599	3
600	2
601	2
602	2
603	2
604	2
605	2
606	2
607	2
608	2
609	2
610	2
611	2
612	2
613	2
614	1
615	1
616	1
617	1
618	1
619	1
620	1
621	1
622	1
623	1
624	1
625	1
626	2
627	2
628	2
629	2
630	2
631	2
632	2
633	2
634	2
635	2
636	2
637	2
638	2
639	2
640	1
641	1
642	1
643	1
644	1
645	1
646	1
647	1
648	1
649	1
650	1
651	1
652	1
653	1
654	1
655	1
656	1
657	1
658	1
659	1
660	1
661	1
662	1
663	1
664	1
665	1
666	1
667	1
668	2
669	2
670	1
671	1
672	1
673	1
674	1
675	1
676	1
677	1
678	1
679	1
680	2
681	2
682	1
683	1
684	1
685	1
686	1
687	1
688	1
689	1
690	1
691	1
692	1
693	1
694	1
695	1
696	1
697	1
698	1
699	1
700	1
701	1
702	1
703	1
704	1
705	1
706	1
707	1
708	1
709	1
710	1
711	1
712	1
713	2
714	2
715	1
716	1
717	1
718	1
719	1
720	1
721	1
722	1
723	1
724	1
725	1
726	1
727	1
728	1
729	1
730	2
731	1
732	1
733	1
734	1
735	1
736	1
737	1
738	1
739	1
740	1
741	1
742	1
743	1
744	1
745	1
746	1
747	1
748	1
749	1
750	1
751	1
752	1
753	1
754	1
755	1
756	1
757	1
758	1
759	1
760	1
761	1
762	1
763	1
764	1
765	1
766	1
767	1
768	1
769	1
770	2
771	1
772	1
773	1
774	1
775	1
776	1
777	2
778	2
779	1
780	1
781	1
782	1
783	1
784	1
785	1
786	1
787	1
788	1
789	1
790	1
791	1
792	1
793	1
794	1
795	1
796	1
797	1
798	1
799	1
800	1
801	1
802	1
803	1
804	1
805	1
806	1
807	1
808	1
809	1
810	1
811	1
812	1
813	1
814	1
815	1
816	1
817	1
818	1
819	1
820	1
821	1
822	1
823	1
824	1
825	1
826	1
827	1
828	1
829	3
830	2
831	1
832	1
833	1
834	1
835	1
836	1
837	1
838	1
839	1
840	1
841	1
842	1
843	1
844	1
845	1
846	1
847	1
848	1
849	1
850	1
851	1
852	1
853	1
854	1
855	1
856	1
857	1
858	1
859	1
860	2
861	1
862	2
863	1
864	1
865	1
866	1
867	1
868	1
869	1
870	1
871	1
872	1
873	1
874	1
875	1
876	1
877	1
878	1
879	1
880	1
881	1
882	1
883	1
884	1
885	1
886	1
887	1
888	1
889	1
890	1
891	1
892	1
893	1
894	1
895	2
896	1
897	1
898	1
899	1
900	1
901	1
902	1
903	1
904	1
905	1
906	1
907	1
908	1
909	1
910	1
911	1
912	2
913	1
914	1
915	2
916	2
917	2
918	1
919	1
920	1
921	1
922	1
923	1
924	1
925	1
926	1
927	1
928	1
929	1
930	1
931	1
932	1
933	1
934	1
935	1
936	1
937	1
938	1
939	1
940	1
941	1
942	1
943	1
944	1
945	1
946	1
947	1
948	1
949	1
950	1
951	1
952	1
953	1
954	1
955	2
956	1
957	1
958	1
959	1
960	1
961	1
962	1
963	1
964	1
965	1
966	1
967	1
968	1
969	1
970	1
971	1
972	1
973	1
974	1
975	1
976	1
977	1
978	1
979	1
980	1
981	1
982	1
983	1
984	1
985	1
986	1
987	1
988	1
989	1
990	1
991	1
992	1
993	1
994	1
995	1
996	1
997	2
998	2
999	2
1000	1
1001	1
1002	2
1003	1
1004	1
1005	1
1006	2
1007	2
1008	1
1009	1
1010	1
1011	1
1012	1
1013	1
1014	1
1015	1
1016	2
1017	2
1018	1
1019	3
1020	1
1021	1
1022	1
1023	1
1024	1
1025	1
1026	1
1027	2
1028	2
1029	2
1030	1
1031	2
1032	2
1033	2
1034	1
1035	1
1036	1
1037	1
1038	1
1039	1
1040	1
1041	1
1042	1
1043	1
1044	1
1045	1
1046	1
1047	1
1048	1
1049	1
1050	1
1051	1
1052	1
1053	1
1054	1
1055	1
1056	1
1057	1
1058	1
1059	1
1060	1
1061	1
1062	1
1063	1
1064	1
1065	1
1066	1
1067	1
1068	1
1069	1
1070	1
1071	1
1072	1
1073	1
1074	1
1075	1
1076	1
1077	1
1078	1
1079	1
1080	1
1081	1
1082	1
1083	1
1084	1
1085	1
1086	1
1087	1
1088	1
1089	1
1090	1
1091	2
1092	1
1093	1
1094	1
1095	1
1096	1
1097	1
1098	1
1099	1
1100	1
1101	1
1102	1
1103	1
1104	1
1105	1
1106	1
1107	2
1108	1
1109	1
1110	2
1111	1
1112	1
1113	1
1114	1
1115	2
1116	1
1117	1
1118	2
1119	1
1120	1
1121	1
1122	1
1123	1
1124	1
1125	1
1126	2
1127	1
1128	2
1129	1
1130	1
1131	2
1132	1
1133	1
1134	1
1135	1
1136	1
1137	1
1138	1
1139	1
1140	1
1141	1
1142	1
1143	1
1144	2
1145	1
1146	1
1147	1
1148	1
1149	1
1150	1
1151	1
1152	1
1153	1
1154	1
1155	1
1156	1
1157	1
1158	1
1159	1
1160	2
1161	1
1162	1
1163	1
1164	1
1165	1
1166	1
1167	1
1168	1
1169	1
1170	1
1171	1
1172	1
1173	1
1174	1
1175	1
1176	1
1177	1
1178	1
1179	2
1180	1
1181	1
1182	2
1183	1
1184	1
1185	1
1186	2
1187	2
1188	1
1189	2
1190	2
1191	2
1192	3
1193	1
1194	1
1195	1
1196	1
1197	1
1198	1
1199	1
1200	1
1201	1
1202	1
1203	1
1204	1
1205	1
1206	1
1207	1
1208	1
1209	1
1210	1
1211	1
1212	1
1213	2
1214	2
1215	1
1216	2
1217	1
1218	1
1219	1
1220	1
1221	3
1222	2
1223	2
1224	3
1225	2
1226	1
1227	2
1228	3
1229	2
1230	2
1231	2
1232	2
1233	2
1234	2
1235	2
1236	2
1237	2
1238	2
1239	2
1240	1
1241	1
1242	1
1243	3
1244	1
1245	1
1246	1
1247	2
1248	1
1249	2
1250	1
1251	1
1252	1
1253	2
1254	2
1255	2
1256	2
1257	2
1258	1
1259	1
1260	1
1261	1
1262	1
1263	1
1264	2
1265	2
1266	2
1267	1
1268	1
1269	4
1270	1
1271	1
1272	1
1273	2
1274	2
1275	2
1276	2
1277	2
1278	2
1279	2
1280	1
1281	1
1282	1
1283	1
1284	1
1285	1
1286	1
1287	1
1288	1
1289	1
1290	1
1291	1
1292	1
1293	1
1294	1
1295	1
1296	1
1297	1
1298	1
1299	1
1300	1
1301	1
1302	1
1303	1
1304	1
1305	1
1306	1
1307	1
1308	1
1309	2
1310	2
1311	1
1312	1
1313	1
1314	1
1315	1
1316	1
1317	2
1318	2
1319	2
1320	2
1321	2
1322	2
1323	1
1324	1
1325	1
1326	1
1327	1
1328	1
1329	1
1330	1
1331	1
1332	1
1333	1
1334	1
1335	1
1336	1
1337	1
1338	3
1339	2
1340	2
1341	2
1342	2
1343	2
1344	2
1345	2
1346	2
1347	2
1348	2
1349	2
1350	2
1351	2
1352	2
1353	3
1354	2
1355	2
1356	2
1357	2
1358	2
1359	2
1360	2
1361	2
1362	2
1363	2
1364	2
1365	2
1366	2
1367	2
1368	2
1369	2
1370	2
1371	2
1372	2
1373	2
1374	1
1375	1
1376	1
1377	3
1378	1
1379	2
1380	1
1381	1
1382	3
1383	2
1384	2
1385	1
1386	2
1387	2
1388	1
1389	1
1390	1
1391	1
1392	1
1393	1
1394	1
1395	1
1396	1
1397	1
1398	1
1399	1
1400	1
1401	1
1402	2
1403	2
1404	1
1405	1
1406	1
1407	1
1408	1
1409	1
1410	1
1411	2
1412	1
1413	1
1414	1
1415	2
1416	3
1417	1
1418	1
1419	1
1420	1
1421	1
1422	1
1423	2
1424	2
1425	2
1426	1
1427	1
1428	1
1429	1
1430	1
1431	1
1432	1
1433	1
1434	1
1435	1
1436	1
1437	1
1438	1
1439	1
1440	1
1441	1
1442	1
1443	1
1444	1
1445	1
1446	2
1447	2
1448	1
1449	2
1450	2
1451	2
1452	2
1453	1
1454	2
1455	2
1456	2
1457	2
1458	3
1459	1
1460	1
1461	2
1462	2
1463	2
1464	2
1465	2
1466	2
1467	2
1468	2
1469	2
1470	2
1471	3
1472	3
1473	2
1474	2
1475	1
1476	2
1477	2
1478	2
1479	2
1480	2
1481	2
1482	2
1483	2
1484	1
1485	3
1486	2
1487	3
1488	3
1489	2
1490	2
1491	1
1492	1
1493	1
1494	2
1495	2
1496	2
1497	2
1498	1
1499	1
1500	1
1501	2
1502	2
1503	2
1504	2
1505	1
1506	1
1507	2
1508	1
1509	1
1510	1
1511	1
1512	2
1513	2
1514	2
1515	1
1516	1
1517	1
1518	1
1519	1
1520	3
1521	2
1522	2
1523	2
1524	2
1525	2
1526	2
1527	2
1528	2
1529	1
1530	1
1531	2
1532	2
1533	2
1534	2
1535	2
1536	1
1537	1
1538	1
1539	1
1540	1
1541	2
1542	1
1543	1
1544	1
1545	2
1546	2
1547	2
1548	2
1549	2
1550	2
1551	1
1552	1
1553	1
1554	1
1555	1
1556	1
1557	1
1558	1
1559	1
1560	1
1561	1
1562	1
1563	1
1564	1
1565	1
1566	1
1567	1
1568	1
1569	2
1570	2
1571	2
1572	2
1573	2
1574	2
1575	1
1576	1
1577	1
1578	1
1579	2
1580	2
1581	2
1582	2
1583	2
1584	2
1585	1
1586	1
1587	1
1588	1
1589	1
1590	1
1591	1
1592	1
1593	1
1594	1
1595	2
1596	2
1597	2
1598	2
1599	1
1600	1
1601	1
1602	1
1603	2
1604	2
1605	2
1606	2
1607	1
1608	1
1609	1
1610	1
1611	2
1612	2
1613	2
1614	2
1615	1
1616	1
1617	1
1618	3
1619	1
1620	2
1621	2
1622	2
1623	2
1624	2
1625	2
1626	1
1627	1
1628	1
1629	2
1630	2
1631	2
1632	2
1633	2
1634	1
1635	1
1636	1
1637	1
1638	1
1639	1
1640	1
1641	1
1642	2
1643	1
1644	3
1645	1
1646	1
1647	2
1648	2
1649	2
1650	2
1651	1
1652	1
1653	1
1654	1
1655	1
1656	1
1657	1
1658	1
1659	1
1660	1
1661	1
1662	1
1663	1
1664	1
1665	1
1666	1
1667	1
1668	1
1669	1
1670	1
1671	1
1672	1
1673	1
1674	1
1675	1
1676	1
1677	1
1678	1
1679	2
1680	1
1681	1
1682	1
1683	1
1684	3
1685	2
1686	2
1687	2
1688	3
1689	2
1690	2
1691	2
1692	2
1693	2
1694	2
1695	2
1696	2
1697	1
1698	2
1699	1
1700	1
1701	1
1702	1
1703	1
1704	1
1705	1
1706	2
1707	2
1708	2
1709	2
1710	2
1711	2
1712	1
1713	1
1714	1
1715	1
1716	2
1717	2
1718	2
1719	2
1720	2
1721	2
1722	1
1723	1
1724	1
1725	1
1726	1
1727	1
1728	1
1729	1
1730	2
1731	2
1732	2
1733	1
1734	1
1735	1
1736	1
1737	3
1738	1
1739	1
1740	1
1741	2
1742	2
1743	2
1744	1
1745	1
1746	1
1747	1
1748	2
1749	2
1750	2
1751	3
1752	3
1753	1
1754	2
1755	2
1756	2
1757	1
1758	1
1759	2
1760	2
1761	1
1762	1
1763	1
1764	1
1765	2
1766	2
1767	2
1768	2
1769	1
1770	1
1771	1
1772	1
1773	1
1774	2
1775	1
1776	1
1777	2
1778	1
1779	2
1780	2
1781	1
1782	1
1783	2
1784	1
1785	2
1786	2
1787	2
1788	2
1789	3
1790	3
1791	2
1792	2
1793	2
1794	2
1795	2
1796	2
1797	2
1798	2
1799	2
1800	2
1801	1
1802	1
1803	1
1804	1
1805	1
1806	1
1807	1
1808	1
1809	1
1810	1
1811	1
1812	1
1813	1
1814	2
1815	1
1816	1
1817	1
1818	1
1819	1
1820	1
1821	1
1822	1
1823	1
1824	1
1825	1
1826	1
1827	2
1828	2
1829	3
1830	1
1831	1
1832	1
1833	1
1834	1
1835	1
1836	1
1837	1
1838	1
1839	1
1840	1
1841	1
1842	1
1843	3
1844	3
1845	3
1846	2
1847	2
1848	2
1849	2
1850	2
1851	1
1852	2
1853	2
1854	2
1855	2
1856	2
1857	2
1858	1
1859	1
1860	1
1861	1
1862	1
1863	3
1864	2
1865	3
1866	2
1867	2
1868	2
1869	2
1870	2
1871	2
1872	2
1873	2
1874	2
1875	2
1876	2
1877	2
1878	2
1879	2
1880	2
1881	2
1882	1
1883	1
1884	1
1885	1
1886	1
1887	1
1888	1
1889	1
1890	1
1891	1
1892	1
1893	1
1894	1
1895	1
1896	1
1897	1
1898	2
1899	2
1900	1
1901	1
1902	1
1903	1
1904	1
1905	1
1906	1
1907	1
1908	1
1909	1
1910	1
1911	1
1912	1
1913	1
1914	1
1915	1
1916	1
1917	1
1918	1
1919	1
1920	1
1921	1
1922	1
1923	1
1924	1
1925	1
1926	1
1927	2
1928	2
1929	2
1930	2
1931	2
1932	1
1933	1
1934	1
1935	1
1936	1
1937	1
1938	1
1939	1
1940	1
1941	1
1942	1
1943	1
1944	1
1945	1
1946	1
1947	1
1948	1
1949	1
1950	1
1951	1
1952	1
1953	1
1954	2
1955	1
1956	2
1957	2
1958	2
1959	2
1960	2
1961	1
1962	1
1963	1
1964	2
1965	2
1966	1
1967	1
1968	1
1969	1
1970	1
1971	1
1972	1
1973	1
1974	2
1975	2
1976	2
1977	2
1978	2
1979	1
1980	1
1981	1
1982	1
1983	1
1984	1
1985	1
1986	1
1987	1
1988	1
1989	1
1990	1
1991	1
1992	1
1993	1
1994	2
1995	3
1996	1
1997	2
1998	1
1999	1
2000	1
2001	1
2002	1
2003	1
2004	1
2005	1
2006	1
2007	1
2008	1
2009	1
2010	1
2011	2
2012	3
2013	2
2014	1
2015	1
2016	2
2017	1
2018	1
2019	1
2020	1
2021	1
2022	1
2023	1
2024	1
2025	1
2026	1
2027	1
2028	1
2029	2
2030	2
2031	1
2032	2
2033	1
2034	1
2035	1
2036	2
2037	2
2038	2
2039	1
2040	1
2041	1
2042	1
2043	1
2044	2
2045	2
2046	1
2047	1
2048	1
2049	1
2050	1
2051	2
2052	1
2053	2
2054	2
2055	2
2056	1
2057	1
2058	1
2059	1
2060	2
2061	2
2062	2
2063	2
2064	2
2065	2
2066	2
2067	2
2068	1
2069	1
2070	1
2071	1
2072	1
2073	1
2074	1
2075	1
2076	1
2077	1
2078	1
2079	3
2080	1
2081	1
2082	1
2083	1
2084	1
2085	1
2086	1
2087	1
2088	1
2089	1
2090	1
2091	1
2092	2
2093	2
2094	2
2095	2
2096	1
2097	1
2098	2
2099	2
2100	2
2101	2
2102	2
2103	1
2104	1
2105	1
2106	1
2107	1
2108	1
2109	1
2110	1
2111	1
2112	1
2113	1
2114	1
2115	1
2116	1
2117	3
2118	3
2119	3
2120	3
2121	1
2122	1
2123	1
2124	1
2125	2
2126	2
2127	2
2128	2
2129	1
2130	1
2131	1
2132	1
2133	1
2134	1
2135	1
2136	1
2137	1
2138	1
2139	1
2140	1
2141	1
2142	2
2143	2
2144	2
2145	2
2146	2
2147	1
2148	1
2149	1
2150	1
2151	1
2152	1
2153	1
2154	1
2155	1
2156	1
2157	1
2158	1
2159	1
2160	1
2161	1
2162	1
2163	1
2164	1
2165	1
2166	1
2167	1
2168	1
2169	1
2170	1
2171	1
2172	1
2173	1
2174	1
2175	1
2176	1
2177	2
2178	2
2179	2
2180	3
2181	1
2182	1
2183	2
2184	1
2185	1
2186	2
2187	3
2188	3
2189	1
2190	2
2191	1
2192	1
2193	1
2194	1
2195	1
2196	1
2197	1
2198	1
2199	1
2200	1
2201	1
2202	1
2203	1
2204	1
2205	1
2206	1
2207	1
2208	1
2209	1
2210	1
2211	1
2212	1
2213	2
2214	1
2215	3
2216	1
2217	1
2218	1
2219	1
2220	1
2221	1
2222	1
2223	1
2224	1
2225	2
2226	2
2227	2
2228	2
2229	1
2230	1
2231	1
2232	1
2233	1
2234	1
2235	1
2236	1
2237	1
2238	1
2239	1
2240	1
2241	1
2242	2
2243	2
2244	1
2245	2
2246	2
2247	2
2248	2
2249	2
2250	2
2251	2
2252	2
2253	2
2254	2
2255	2
2256	1
2257	1
2258	1
2259	1
2260	2
2261	2
2262	2
2263	2
2264	2
2265	2
2266	2
2267	2
2268	2
2269	1
2270	1
2271	1
2272	1
2273	1
2274	1
2275	1
2276	1
2277	1
2278	1
2279	1
2280	1
2281	1
2282	1
2283	1
2284	2
2285	2
2286	2
2287	2
2288	1
2289	1
2290	1
2291	1
2292	1
2293	1
2294	1
2295	1
2296	1
2297	1
2298	1
2299	1
2300	2
2301	1
2302	2
2303	2
2304	2
2305	1
2306	1
2307	2
2308	2
2309	2
2310	2
2311	2
2312	2
2313	2
2314	2
2315	1
2316	1
2317	2
2318	1
2319	1
2320	1
2321	1
2322	1
2323	1
2324	1
2325	2
2326	2
2327	2
2328	1
2329	1
2330	1
2331	2
2332	2
2333	2
2334	2
2335	1
2336	2
2337	2
2338	2
2339	2
2340	2
2341	2
2342	1
2343	1
2344	1
2345	1
2346	1
2347	1
2348	1
2349	2
2350	2
2351	2
2352	2
2353	2
2354	2
2355	2
2356	2
2357	2
2358	2
2359	2
2360	2
2361	1
2362	2
2363	1
2364	1
2365	1
2366	1
2367	1
2368	1
2369	1
2370	1
2371	1
2372	1
2373	1
2374	1
2375	1
2376	1
2377	1
2378	1
2379	1
2380	1
2381	1
2382	1
2383	1
2384	1
2385	1
2386	1
2387	1
2388	1
2389	1
2390	2
2391	2
2392	1
2393	1
2394	1
2395	2
2396	1
2397	1
2398	2
2399	2
2400	1
2401	1
2402	1
2403	1
2404	1
2405	1
2406	1
2407	1
2408	2
2409	1
2410	1
2411	1
2412	2
2413	2
2414	3
2415	2
2416	1
2417	1
2418	1
2419	1
2420	1
2421	1
2422	1
2423	1
2424	1
2425	1
2426	1
2427	1
2428	1
2429	1
2430	1
2431	1
2432	1
2433	1
2434	1
2435	1
2436	1
2437	1
2438	2
2439	1
2440	1
2441	1
2442	1
2443	1
2444	1
2445	1
2446	1
2447	1
2448	1
2449	2
2450	2
2451	2
2452	2
2453	2
2454	1
2455	1
2456	2
2457	1
2458	2
2459	2
2460	1
2461	1
2462	1
2463	1
2464	1
2465	1
2466	1
2467	2
2468	2
2469	3
2470	2
2471	2
2472	2
2473	2
2474	2
2475	2
2476	2
2477	2
2478	1
2479	1
2480	1
2481	1
2482	1
2483	1
2484	1
2485	1
2486	1
2487	1
2488	1
2489	1
2490	1
2491	1
2492	1
2493	1
2494	1
2495	1
2496	1
2497	1
2498	1
2499	1
2500	1
2501	1
2502	1
2503	1
2504	1
2505	1
2506	1
2507	1
2508	1
2509	1
2510	1
2511	1
2512	3
2513	2
2514	1
2515	2
2516	2
2517	1
2518	1
2519	1
2520	2
2521	2
2522	2
2523	2
2524	2
2525	1
2526	1
2527	1
2528	1
2529	3
2530	2
2531	1
2532	1
2533	1
2534	1
2535	1
2536	1
2537	1
2538	2
2539	2
2540	1
2541	2
2542	2
2543	2
2544	1
2545	1
2546	2
2547	3
2548	1
2549	1
2550	3
2551	2
2552	2
2553	2
2554	2
2555	2
2556	2
2557	2
2558	2
2559	2
2560	2
2561	1
2562	1
2563	1
2564	1
2565	1
2566	1
2567	1
2568	1
2569	1
2570	1
2571	1
2572	1
2573	2
2574	2
2575	2
2576	1
2577	1
2578	1
2579	1
2580	2
2581	1
2582	2
2583	1
2584	1
2585	1
2586	1
2587	1
2588	1
2589	1
2590	1
2591	1
2592	2
2593	2
2594	2
2595	2
2596	2
2597	2
2598	2
2599	2
2600	2
2601	2
2602	2
2603	2
2604	2
2605	2
2606	1
2607	1
2608	1
2609	1
2610	1
2611	1
2612	1
2613	1
2614	1
2615	1
2616	2
2617	2
2618	2
2619	2
2620	2
2621	2
2622	1
2623	1
2624	1
2625	1
2626	1
2627	1
2628	1
2629	1
2630	1
2631	1
2632	1
2633	1
2634	1
2635	1
2636	1
2637	1
2638	1
2639	1
2640	2
2641	2
2642	1
2643	2
2644	1
2645	1
2646	1
2647	1
2648	1
2649	1
2650	1
2651	1
2652	1
2653	1
2654	3
2655	1
2656	1
2657	1
2658	1
2659	1
2660	1
2661	2
2662	2
2663	2
2664	2
2665	2
2666	1
2667	1
2668	1
2669	1
2670	1
2671	1
2672	1
2673	1
2674	1
2675	2
2676	1
2677	1
2678	3
2679	2
2680	2
2681	2
2682	2
2683	2
2684	2
2685	2
2686	2
2687	2
2688	2
2689	2
2690	2
2691	2
2692	2
2693	2
2694	2
2695	2
2696	2
2697	2
2698	2
2699	1
2700	1
2701	1
2702	1
2703	1
2704	1
2705	1
2706	1
2707	1
2708	1
2709	2
2710	2
2711	2
2712	2
2713	2
2714	2
2715	2
2716	2
2717	2
2718	1
2719	1
2720	1
2721	1
2722	1
2723	1
2724	1
2725	1
2726	1
2727	1
2728	1
2729	1
2730	1
2731	1
2732	1
2733	1
2734	1
2735	1
2736	1
2737	1
2738	1
2739	1
2740	2
2741	1
2742	1
2743	2
2744	2
2745	1
2746	1
2747	1
2748	1
2749	1
2750	1
2751	2
2752	1
2753	1
2754	1
2755	1
2756	3
2757	1
2758	1
2759	1
2760	1
2761	2
2762	2
2763	1
2764	1
2765	1
2766	1
2767	1
2768	2
2769	2
2770	2
2771	2
2772	2
2773	1
2774	1
2775	1
2776	1
2777	1
2778	1
2779	1
2780	1
2781	1
2782	1
2783	1
2784	1
2785	1
2786	1
2787	1
2788	1
2789	1
2790	1
2791	1
2792	3
2793	2
2794	1
2795	1
2796	2
2797	1
2798	1
2799	1
2800	2
2801	1
2802	2
2803	2
2804	2
2805	2
2806	1
2807	1
2808	1
2809	1
2810	1
2811	1
2812	1
2813	1
2814	2
2815	2
2816	2
2817	2
2818	2
2819	1
2820	1
2821	1
2822	1
2823	1
2824	1
2825	1
2826	1
2827	1
2828	1
2829	1
2830	1
2831	1
2832	1
2833	1
2834	1
2835	1
2836	1
2837	1
2838	1
2839	2
2840	2
2841	2
2842	2
2843	2
2844	2
2845	2
2846	2
2847	2
2848	2
2849	2
2850	2
2851	2
2852	2
2853	2
2854	2
2855	2
2856	1
2857	1
2858	1
2859	1
2860	2
2861	1
2862	1
2863	2
2864	2
2865	2
2866	2
2867	2
2868	2
2869	2
2870	2
2871	2
2872	2
2873	1
2874	1
2875	1
2876	1
2877	1
2878	1
2879	1
2880	1
2881	1
2882	1
2883	1
2884	1
2885	1
2886	1
2887	1
2888	1
2889	1
2890	1
2891	1
2892	1
2893	2
2894	2
2895	2
2896	2
2897	2
2898	2
2899	2
2900	2
2901	2
2902	1
2903	1
2904	1
2905	1
2906	1
2907	1
2908	1
2909	1
2910	1
2911	1
2912	1
2913	1
2914	1
2915	1
2916	2
2917	2
2918	2
2919	2
2920	2
2921	2
2922	2
2923	2
2924	2
2925	2
2926	2
2927	2
2928	2
2929	2
2930	2
2931	2
2932	2
2933	2
2934	1
2935	3
2936	2
2937	2
2938	2
2939	2
2940	2
2941	2
2942	2
2943	2
2944	2
2945	2
2946	2
2947	2
2948	2
2949	2
2950	1
2951	2
2952	2
2953	1
2954	1
2955	1
2956	1
2957	1
2958	1
2959	1
2960	1
2961	1
2962	1
2963	1
2964	1
2965	1
2966	2
2967	2
2968	2
2969	1
2970	1
2971	1
2972	1
2973	1
2974	1
2975	2
2976	1
2977	2
2978	1
2979	1
2980	1
2981	1
2982	1
2983	1
2984	1
2985	1
2986	1
2987	1
2988	1
2989	1
2990	1
2991	1
2992	1
2993	1
2994	1
2995	1
2996	1
2997	1
2998	1
2999	1
3000	1
3001	1
3002	1
3003	1
3004	1
3005	1
3006	2
3007	2
3008	1
3009	1
3010	1
3011	1
3012	1
3013	2
3014	2
3015	1
3016	2
3017	3
3018	2
3019	1
3020	2
3021	1
3022	1
3023	1
3024	1
3025	2
3026	1
3027	1
3028	1
3029	1
3030	1
3031	2
3032	1
3033	1
3034	1
3035	1
3036	1
3037	1
3038	1
3039	1
3040	1
3041	1
3042	1
3043	1
3044	1
3045	1
3046	1
3047	1
3048	1
3049	1
3050	2
3051	2
3052	2
3053	2
3054	2
3055	2
3056	1
3057	1
3058	1
3059	1
3060	1
3061	1
3062	1
3063	1
3064	1
3065	1
3066	1
3067	1
3068	1
3069	1
3070	1
3071	1
3072	1
3073	1
3074	1
3075	1
3076	2
3077	2
3078	2
3079	2
3080	2
3081	2
3082	2
3083	2
3084	1
3085	2
3086	2
3087	1
3088	1
3089	1
3090	1
3091	1
3092	1
3093	1
3094	1
3095	1
3096	1
3097	1
3098	1
3099	1
3100	1
3101	1
3102	1
3103	1
3104	1
3105	1
3106	1
3107	2
3108	1
3109	2
3110	2
3111	2
3112	2
3113	2
3114	1
3115	3
3116	3
3117	3
3118	2
3119	1
3120	1
3121	3
3122	1
3123	1
3124	1
3125	1
3126	1
3127	2
3128	2
3129	2
3130	2
3131	2
3132	2
3133	2
3134	2
3135	2
3136	2
3137	2
3138	1
3139	2
3140	1
3141	1
3142	1
3143	1
3144	1
3145	2
3146	2
3147	3
3148	2
3149	2
3150	1
3151	1
3152	2
3153	2
3154	2
3155	2
3156	2
3157	2
3158	2
3159	2
3160	2
3161	2
3162	2
3163	2
3164	1
3165	1
3166	1
3167	2
3168	2
3169	1
3170	1
3171	1
3172	2
3173	2
3174	1
3175	2
3176	2
3177	2
3178	2
3179	1
3180	1
3181	2
3182	1
3183	1
3184	1
3185	1
3186	1
3187	1
3188	1
3189	1
3190	1
3191	1
3192	1
3193	2
3194	2
3195	2
3196	2
3197	2
3198	2
3199	2
3200	2
3201	1
3202	1
3203	1
3204	1
3205	1
3206	1
3207	1
3208	1
3209	1
3210	1
3211	1
3212	2
3213	2
3214	2
3215	1
3216	1
3217	1
3218	1
3219	1
3220	1
3221	1
3222	1
3223	1
3224	1
3225	1
3226	1
3227	1
3228	1
3229	1
3230	2
3231	2
3232	2
3233	2
3234	1
3235	1
3236	3
3237	1
3238	1
3239	1
3240	1
3241	1
3242	1
3243	1
3244	1
3245	1
3246	2
3247	2
3248	1
3249	1
3250	1
3251	1
3252	1
3253	1
3254	1
3255	1
3256	1
3257	2
3258	1
3259	1
3260	1
3261	1
3262	1
3263	1
3264	1
3265	2
3266	2
3267	1
3268	1
3269	1
3270	1
3271	1
3272	1
3273	1
3274	1
3275	2
3276	2
3277	1
3278	1
3279	1
3280	1
3281	1
3282	1
3283	1
3284	1
3285	1
3286	1
3287	1
3288	1
3289	1
3290	1
3291	1
3292	1
3293	1
3294	1
3295	2
3296	1
3297	1
3298	1
3299	1
3300	1
3301	1
3302	1
3303	1
3304	1
3305	2
3306	1
3307	2
3308	2
3309	1
3310	1
3311	1
3312	2
3313	1
3314	1
3315	1
3316	1
3317	1
3318	1
3319	1
3320	1
3321	1
3322	1
3323	1
3324	1
3325	1
3326	1
3327	1
3328	1
3329	1
3330	2
3331	2
3332	1
3333	2
3334	1
3335	1
3336	1
3337	1
3338	1
3339	1
3340	1
3341	1
3342	1
3343	1
3344	1
3345	1
3346	1
3347	1
3348	1
3349	1
3350	1
3351	1
3352	1
3353	1
3354	1
3355	1
3356	1
3357	1
3358	1
3359	1
3360	1
3361	1
3362	1
3363	1
3364	1
3365	1
3366	2
3367	2
3368	1
3369	1
3370	1
3371	2
3372	1
3373	1
3374	1
3375	1
3376	1
3377	1
3378	1
3379	2
3380	1
3381	1
3382	2
3383	1
3384	1
3385	1
3386	1
3387	1
3388	1
3389	1
3390	1
3391	1
3392	1
3393	1
3394	1
3395	1
3396	1
3397	1
3398	1
3399	1
3400	1
3401	1
3402	1
3403	1
3404	1
3405	1
3406	1
3407	2
3408	2
3409	1
3410	1
3411	2
3412	1
3413	1
3414	2
3415	1
3416	1
3417	1
3418	1
3419	1
3420	1
3421	1
3422	2
3423	2
3424	2
3425	1
3426	1
3427	1
3428	2
3429	2
3430	1
3431	1
3432	1
3433	1
3434	1
3435	1
3436	1
3437	1
3438	1
3439	1
3440	1
3441	1
3442	1
3443	1
3444	1
3445	1
3446	1
3447	1
3448	1
3449	1
3450	1
3451	1
3452	1
3453	1
3454	1
3455	1
3456	1
3457	1
3458	1
3459	1
3460	1
3461	1
3462	1
3463	1
3464	1
3465	1
3466	1
3467	2
3468	1
3469	1
3470	1
3471	1
3472	1
3473	2
3474	1
3475	1
3476	1
3477	1
3478	1
3479	2
3480	2
3481	1
3482	1
3483	1
3484	1
3485	1
3486	2
3487	1
3488	1
3489	1
3490	1
3491	1
3492	1
3493	1
3494	1
3495	1
3496	1
3497	1
3498	1
3499	2
3500	1
3501	2
3502	1
3503	1
3504	1
3505	1
3506	1
3507	1
3508	1
3509	1
3510	1
3511	2
3512	1
3513	1
3514	3
3515	1
3516	1
3517	1
3518	1
3519	1
3520	1
3521	2
3522	1
3523	2
3524	2
3525	2
3526	2
3527	1
3528	1
3529	1
3530	1
3531	1
3532	1
3533	1
3534	1
3535	1
3536	1
3537	1
3538	1
3539	1
3540	1
3541	1
3542	1
3543	1
3544	1
3545	1
3546	1
3547	1
3548	1
3549	1
3550	1
3551	1
3552	1
3553	1
3554	1
3555	1
3556	1
3557	1
3558	1
3559	2
3560	2
3561	2
3562	3
3563	1
3564	1
3565	1
3566	1
3567	1
3568	1
3569	1
3570	1
3571	1
3572	1
3573	2
3574	2
3575	2
3576	1
3577	1
3578	1
3579	1
3580	1
3581	1
3582	1
3583	1
3584	1
3585	1
3586	1
3587	1
3588	1
3589	1
3590	1
3591	1
3592	1
3593	1
3594	1
3595	1
3596	2
3597	2
3598	2
3599	2
3600	2
3601	1
3602	1
3603	1
3604	2
3605	2
3606	2
3607	1
3608	1
3609	1
3610	1
3611	1
3612	1
3613	1
3614	1
3615	1
3616	1
3617	1
3618	1
3619	1
3620	1
3621	1
3622	1
3623	1
3624	1
3625	1
3626	1
3627	1
3628	1
3629	1
3630	1
3631	1
3632	2
3633	2
3634	2
3635	1
3636	1
3637	1
3638	1
3639	2
3640	1
3641	1
3642	1
3643	1
3644	1
3645	1
3646	1
3647	1
3648	1
3649	1
3650	1
3651	1
3652	1
3653	1
3654	1
3655	1
3656	1
3657	1
3658	1
3659	1
3660	1
3661	1
3662	1
3663	1
3664	2
3665	2
3666	2
3667	2
3668	2
3669	1
3670	1
3671	1
3672	1
3673	1
3674	1
3675	1
3676	1
3677	1
3678	1
3679	1
3680	1
3681	1
3682	1
3683	1
3684	2
3685	2
3686	2
3687	2
3688	2
3689	2
3690	2
3691	2
3692	2
3693	2
3694	2
3695	1
3696	1
3697	2
3698	1
3699	1
3700	1
3701	1
3702	1
3703	1
3704	1
3705	2
3706	2
3707	2
3708	2
3709	2
3710	2
3711	2
3712	2
3713	2
3714	2
3715	2
3716	2
3717	2
3718	2
3719	2
3720	2
3721	2
3722	1
3723	1
3724	1
3725	1
3726	2
3727	2
3728	1
3729	2
3730	3
3731	2
3732	2
3733	2
3734	2
3735	2
3736	2
3737	2
3738	2
3739	2
3740	2
3741	2
3742	2
3743	2
3744	2
3745	2
3746	2
3747	1
3748	1
3749	1
3750	2
3751	1
3752	1
3753	1
3754	1
3755	2
3756	2
3757	2
3758	3
3759	2
3760	2
3761	2
3762	2
3763	2
3764	2
3765	2
3766	1
3767	1
3768	1
3769	2
3770	2
3771	1
3772	1
3773	1
3774	1
3775	1
3776	1
3777	1
3778	1
3779	1
3780	1
3781	3
3782	1
3783	1
3784	1
3785	1
3786	1
3787	1
3788	1
3789	1
3790	1
3791	1
3792	1
3793	1
3794	1
3795	1
3796	1
3797	1
3798	1
3799	1
3800	1
3801	1
3802	1
3803	1
3804	1
3805	1
3806	1
3807	1
3808	2
3809	2
3810	2
3811	1
3812	1
3813	1
3814	1
3815	1
3816	1
3817	1
3818	1
3819	1
3820	1
3821	1
3822	1
3823	1
3824	3
3825	1
3826	1
3827	1
3828	1
3829	2
3830	1
3831	1
3832	1
3833	1
3834	1
3835	1
3836	2
3837	1
3838	1
3839	1
3840	1
3841	1
3842	1
3843	1
3844	1
3845	1
3846	1
3847	1
3848	1
3849	1
3850	1
3851	1
3852	1
3853	1
3854	2
3855	2
3856	1
3857	1
3858	1
3859	1
3860	1
3861	1
3862	1
3863	3
3864	3
3865	2
3866	1
3867	1
3868	1
3869	1
3870	1
3871	1
3872	1
3873	1
3874	1
3875	2
3876	2
3877	1
3878	1
3879	1
3880	1
3881	1
3882	1
3883	2
3884	2
3885	1
3886	1
3887	1
3888	1
3889	1
3890	1
3891	1
3892	2
3893	2
3894	1
3895	1
3896	2
3897	1
3898	2
3899	2
3900	1
3901	1
3902	1
3903	1
3904	1
3905	1
3906	1
3907	1
3908	1
3909	1
3910	1
3911	2
3912	2
3913	1
3914	1
3915	1
3916	1
3917	1
3918	1
3919	1
3920	1
3921	1
3922	1
3923	1
3924	1
3925	1
3926	1
3927	1
3928	1
3929	2
3930	2
3931	2
3932	3
3933	2
3934	2
3935	2
3936	2
3937	2
3938	2
3939	2
3940	1
3941	1
3942	2
3943	1
3944	1
3945	1
3946	1
3947	1
3948	1
3949	1
3950	1
3951	1
3952	2
3953	2
3954	2
3955	2
3956	2
3957	1
3958	2
3959	2
3960	2
3961	2
3962	1
3963	1
3964	1
3965	1
3966	1
3967	1
3968	1
3969	1
3970	1
3971	2
3972	2
3973	2
3974	2
3975	1
3976	2
3977	2
3978	2
3979	2
3980	2
3981	2
3982	1
3983	1
3984	1
3985	1
3986	1
3987	1
3988	1
3989	1
3990	1
3991	1
3992	1
3993	1
3994	1
3995	1
3996	1
3997	1
3998	1
3999	1
4000	1
4001	2
4002	3
4003	1
4004	1
4005	1
4006	1
4007	1
4008	1
4009	1
4010	1
4011	1
4012	1
4013	1
4014	1
4015	1
4016	2
4017	2
4018	3
4019	1
4020	1
4021	1
4022	1
4023	1
4024	1
4025	1
4026	1
4027	2
4028	1
4029	2
4030	2
4031	2
4032	2
4033	1
4034	1
4035	1
4036	1
4037	1
4038	1
4039	1
4040	1
4041	1
4042	1
4043	1
4044	1
4045	1
4046	1
4047	1
4048	1
4049	1
4050	1
4051	1
4052	1
4053	1
4054	1
4055	1
4056	1
4057	1
4058	1
4059	1
4060	1
4061	1
4062	1
4063	1
4064	1
4065	1
4066	1
4067	1
4068	1
4069	1
4070	1
4071	1
4072	1
4073	1
4074	1
4075	1
4076	1
4077	3
4078	2
4079	1
4080	1
4081	1
4082	1
4083	1
4084	1
4085	1
4086	1
4087	1
4088	1
4089	1
4090	1
4091	1
4092	1
4093	1
4094	1
4095	1
4096	1
4097	1
4098	1
4099	1
4100	1
4101	1
4102	2
4103	1
4104	2
4105	2
4106	1
4107	1
4108	1
4109	1
4110	1
4111	1
4112	1
4113	1
4114	1
4115	1
4116	1
4117	1
4118	1
4119	1
4120	1
4121	1
4122	1
4123	1
4124	1
4125	1
4126	2
4127	2
4128	2
4129	2
4130	2
4131	2
4132	2
4133	2
4134	2
4135	1
4136	1
4137	1
4138	1
4139	1
4140	1
4141	2
4142	1
4143	1
4144	1
4145	1
4146	1
4147	1
4148	1
4149	1
4150	1
4151	2
4152	2
4153	1
4154	1
4155	1
4156	1
4157	2
4158	2
4159	2
4160	2
4161	1
4162	1
4163	1
4164	1
4165	1
4166	2
4167	2
4168	2
4169	1
4170	1
4171	1
4172	1
4173	1
4174	1
4175	1
4176	1
4177	1
4178	1
4179	1
4180	1
4181	1
4182	1
4183	1
4184	1
4185	1
4186	1
4187	1
4188	1
4189	1
4190	1
4191	1
4192	2
4193	1
4194	2
4195	1
4196	1
4197	1
4198	2
4199	2
4200	2
4201	2
4202	2
4203	2
4204	1
4205	1
4206	1
4207	1
4208	1
4209	1
4210	1
4211	1
4212	1
4213	1
4214	1
4215	1
4216	2
4217	2
4218	2
4219	2
4220	2
4221	2
4222	2
4223	2
4224	2
4225	2
4226	2
4227	2
4228	2
4229	2
4230	2
4231	1
4232	1
4233	1
4234	2
4235	2
4236	2
4237	2
4238	2
4239	2
4240	2
4241	2
4242	2
4243	2
4244	2
4245	2
4246	2
4247	2
4248	1
4249	1
4250	1
4251	1
4252	1
4253	1
4254	1
4255	1
4256	1
4257	1
4258	1
4259	3
4260	2
4261	1
4262	1
4263	1
4264	1
4265	1
4266	1
4267	1
4268	1
4269	1
4270	1
4271	1
4272	1
4273	1
4274	1
4275	1
4276	1
4277	2
4278	2
4279	2
4280	3
4281	2
4282	2
4283	2
4284	1
4285	2
4286	2
4287	2
4288	2
4289	1
4290	1
4291	2
4292	1
4293	1
4294	1
4295	1
4296	1
4297	1
4298	1
4299	1
4300	2
4301	1
4302	1
4303	1
4304	1
4305	1
4306	1
4307	1
4308	1
4309	1
4310	1
4311	1
4312	1
4313	1
4314	1
4315	1
4316	1
4317	1
4318	1
4319	1
4320	2
4321	1
4322	1
4323	1
4324	1
4325	1
4326	1
4327	1
4328	1
4329	1
4330	1
4331	1
4332	1
4333	1
4334	2
4335	1
4336	1
4337	1
4338	1
4339	1
4340	1
4341	1
4342	1
4343	1
4344	1
4345	1
4346	1
4347	1
4348	1
4349	1
4350	1
4351	1
4352	1
4353	1
4354	1
4355	1
4356	1
4357	1
4358	1
4359	1
4360	1
4361	1
4362	1
4363	1
4364	1
4365	1
4366	1
4367	1
4368	1
4369	1
4370	1
4371	1
4372	1
4373	1
4374	2
4375	2
4376	2
4377	2
4378	2
4379	2
4380	2
4381	2
4382	1
4383	1
4384	1
4385	2
4386	2
4387	2
4388	1
4389	1
4390	1
4391	1
4392	1
4393	1
4394	1
4395	1
4396	1
4397	1
4398	1
4399	2
4400	2
4401	2
4402	2
4403	1
4404	1
4405	2
4406	1
4407	2
4408	2
4409	1
4410	1
4411	1
4412	1
4413	1
4414	2
4415	2
4416	1
4417	1
4418	1
4419	1
4420	1
4421	1
4422	1
4423	1
4424	1
4425	1
4426	1
4427	1
4428	1
4429	1
4430	1
4431	1
4432	1
4433	1
4434	1
4435	1
4436	1
4437	1
4438	1
4439	1
4440	1
4441	1
4442	1
4443	1
4444	2
4445	1
4446	1
4447	1
4448	1
4449	1
4450	1
4451	1
4452	1
4453	1
4454	1
4455	1
4456	1
4457	1
4458	1
4459	1
4460	1
4461	1
4462	1
4463	1
4464	1
4465	1
4466	2
4467	2
4468	1
4469	1
4470	1
4471	2
4472	2
4473	1
4474	2
4475	1
4476	1
4477	1
4478	1
4479	1
4480	1
4481	1
4482	1
4483	1
4484	3
4485	3
4486	1
4487	1
4488	1
4489	1
4490	1
4491	1
4492	1
4493	1
4494	1
4495	1
4496	1
4497	1
4498	1
4499	1
4500	1
4501	1
4502	1
4503	1
4504	1
4505	1
4506	1
4507	1
4508	1
4509	1
4510	1
4511	1
4512	1
4513	1
4514	1
4515	1
4516	1
4517	1
4518	1
4519	1
4520	1
4521	1
4522	1
4523	1
4524	1
4525	1
4526	1
4527	1
4528	1
4529	1
4530	1
4531	1
4532	1
4533	1
4534	1
4535	1
4536	1
4537	1
4538	1
4539	1
4540	1
4541	2
4542	2
4543	2
4544	1
4545	1
4546	1
4547	1
4548	1
4549	1
4550	1
4551	1
4552	1
4553	1
4554	2
4555	2
4556	2
4557	2
4558	2
4559	2
4560	2
4561	2
4562	2
4563	2
4564	2
4565	2
4566	1
4567	1
4568	1
4569	1
4570	1
4571	1
4572	1
4573	3
4574	2
4575	2
4576	2
4577	2
4578	2
4579	2
4580	2
4581	2
4582	2
4583	2
4584	1
4585	1
4586	2
4587	2
4588	1
4589	1
4590	1
4591	1
4592	1
4593	1
4594	1
4595	1
4596	1
4597	1
4598	1
4599	1
4600	1
4601	1
4602	1
4603	2
4604	2
4605	1
4606	1
4607	1
4608	1
4609	1
4610	1
4611	1
4612	1
4613	1
4614	1
4615	1
4616	1
4617	1
4618	1
4619	1
4620	1
4621	3
4622	2
4623	1
4624	1
4625	1
4626	1
4627	2
4628	2
4629	2
4630	2
4631	2
4632	1
4633	1
4634	1
4635	1
4636	1
4637	1
4638	1
4639	1
4640	1
4641	2
4642	2
4643	2
4644	2
4645	2
4646	2
4647	1
4648	1
4649	1
4650	1
4651	2
4652	1
4653	1
4654	1
4655	1
4656	1
4657	1
4658	1
4659	1
4660	1
4661	1
4662	1
4663	1
4664	1
4665	1
4666	1
4667	1
4668	1
4669	1
4670	1
4671	1
4672	2
4673	2
4674	2
4675	2
4676	2
4677	2
4678	1
4679	1
4680	1
4681	1
4682	2
4683	1
4684	1
4685	1
4686	1
4687	1
4688	1
4689	1
4690	1
4691	1
4692	1
4693	1
4694	1
4695	1
4696	1
4697	1
4698	1
4699	1
4700	1
4701	1
4702	1
4703	1
4704	1
4705	1
4706	1
4707	1
4708	1
4709	2
4710	2
4711	1
4712	1
4713	1
4714	1
4715	1
4716	3
4717	2
4718	2
4719	2
4720	2
4721	2
4722	1
4723	1
4724	1
4725	1
4726	1
4727	1
4728	1
4729	1
4730	1
4731	1
4732	1
4733	1
4734	1
4735	1
4736	1
4737	1
4738	1
4739	1
4740	1
4741	1
4742	1
4743	1
4744	2
4745	2
4746	1
4747	1
4748	2
4749	2
4750	2
4751	2
4752	2
4753	2
4754	1
4755	1
4756	1
4757	1
4758	1
4759	2
4760	2
4761	3
4762	2
4763	1
4764	3
4765	3
4766	2
4767	2
4768	2
4769	2
4770	2
4771	2
4772	2
4773	2
4774	1
4775	1
4776	1
4777	1
4778	1
4779	1
4780	1
4781	1
4782	1
4783	1
4784	1
4785	1
4786	1
4787	1
4788	1
4789	1
4790	1
4791	1
4792	1
4793	1
4794	1
4795	1
4796	1
4797	1
4798	1
4799	1
4800	1
4801	1
4802	2
4803	2
4804	2
4805	2
4806	2
4807	1
4808	1
4809	1
4810	1
4811	1
4812	1
4813	1
4814	1
4815	1
4816	1
4817	1
4818	1
4819	1
4820	1
4821	1
4822	1
4823	1
4824	1
4825	1
4826	1
4827	2
4828	1
4829	1
4830	1
4831	1
4832	1
4833	1
4834	2
4835	2
4836	2
4837	2
4838	2
4839	2
4840	2
4841	2
4842	2
4843	1
4844	2
4845	3
4846	3
4847	2
4848	1
4849	2
4850	2
4851	2
4852	2
4853	2
4854	2
4855	2
4856	2
4857	2
4858	2
4859	2
4860	2
4861	2
4862	1
4863	1
4864	1
4865	1
4866	1
4867	1
4868	1
4869	1
4870	2
4871	2
4872	2
4873	2
4874	2
4875	2
4876	2
4877	2
4878	2
4879	1
4880	2
4881	2
4882	2
4883	2
4884	2
4885	2
4886	2
4887	2
4888	2
4889	1
4890	1
4891	1
4892	1
4893	1
4894	1
4895	1
4896	1
4897	1
4898	1
4899	1
4900	1
4901	1
4902	1
4903	1
4904	1
4905	1
4906	1
4907	2
4908	2
4909	2
4910	2
4911	2
4912	2
4913	2
4914	2
4915	2
4916	2
4917	1
4918	1
4919	1
4920	1
4921	1
4922	1
4923	1
4924	1
4925	1
4926	1
4927	1
4928	1
4929	3
4930	1
4931	1
4932	2
4933	2
4934	2
4935	2
4936	2
4937	2
4938	2
4939	2
4940	2
4941	2
4942	2
4943	2
4944	1
4945	1
4946	1
4947	1
4948	3
4949	3
4950	2
4951	2
4952	2
4953	2
4954	2
4955	2
4956	1
4957	1
4958	2
4959	2
4960	2
4961	2
4962	2
4963	2
4964	2
4965	2
4966	2
4967	2
4968	2
4969	2
4970	2
4971	2
4972	1
4973	2
4974	2
4975	2
4976	2
4977	2
4978	2
4979	2
4980	2
4981	2
4982	2
4983	2
4984	2
4985	2
4986	2
4987	2
4988	2
4989	2
4990	2
4991	2
4992	2
4993	2
4994	2
4995	2
4996	1
4997	1
4998	1
4999	1
5000	1
5001	3
5002	3
5003	3
5004	3
5005	2
5006	2
5007	2
5008	2
5009	2
5010	2
5011	2
5012	2
5013	2
5014	2
5015	1
5016	1
5017	1
5018	1
5019	1
5020	1
5021	2
5022	2
5023	1
5024	2
5025	1
5026	1
5027	1
5028	1
5029	1
5030	1
5031	1
5032	1
5033	1
5034	1
5035	1
5036	1
5037	1
5038	1
5039	1
5040	2
5041	3
5042	3
5043	2
5044	1
5045	1
5046	1
5047	2
5048	1
5049	1
5050	1
5051	1
5052	1
5053	1
5054	1
5055	1
5056	1
5057	1
5058	1
5059	1
5060	1
5061	1
5062	1
5063	1
5064	1
5065	1
5066	1
5067	1
5068	1
5069	1
5070	1
5071	1
5072	1
5073	1
5074	1
5075	1
5076	1
5077	1
5078	1
5079	1
5080	1
5081	1
5082	3
5083	2
5084	2
5085	1
5086	1
5087	1
5088	1
5089	1
5090	1
5091	1
5092	1
5093	1
5094	1
5095	1
5096	1
5097	1
5098	1
5099	1
5100	1
5101	1
5102	1
5103	1
5104	1
5105	1
5106	1
5107	1
5108	1
5109	1
5110	1
5111	1
5112	1
5113	1
5114	1
5115	1
5116	1
5117	1
5118	1
5119	1
5120	1
5121	1
5122	1
5123	1
5124	1
5125	1
5126	1
5127	1
5128	1
5129	1
5130	1
5131	3
5132	1
5133	1
5134	1
5135	1
5136	1
5137	1
5138	1
5139	1
5140	1
5141	1
5142	1
5143	1
5144	1
5145	1
5146	1
5147	2
5148	2
5149	2
5150	2
5151	2
5152	2
5153	2
5154	2
5155	1
5156	1
5157	2
5158	2
5159	1
5160	2
5161	1
5162	1
5163	1
5164	2
5165	1
5166	1
5167	1
5168	1
5169	2
5170	1
5171	1
5172	1
5173	1
5174	2
5175	1
5176	1
5177	1
5178	1
5179	2
5180	2
5181	2
5182	2
5183	1
5184	1
5185	1
5186	1
5187	1
5188	1
5189	1
5190	1
5191	2
5192	2
5193	1
5194	1
5195	1
5196	1
5197	1
5198	1
5199	1
5200	1
5201	1
5202	1
5203	1
5204	1
5205	1
5206	1
5207	1
5208	1
5209	1
5210	1
5211	1
5212	1
5213	3
5214	1
5215	3
5216	1
5217	1
5218	2
5219	1
5220	1
5221	1
5222	2
5223	1
5224	1
5225	2
5226	1
5227	1
5228	1
5229	1
5230	1
5231	1
5232	1
5233	1
5234	1
5235	2
5236	3
5237	1
5238	1
5239	1
5240	1
5241	1
5242	1
5243	1
5244	1
5245	1
5246	1
5247	1
5248	1
5249	1
5250	1
5251	1
5252	1
5253	1
5254	1
5255	1
5256	1
5257	1
5258	1
5259	1
5260	1
5261	1
5262	1
5263	1
5264	1
5265	1
5266	1
5267	1
5268	1
5269	1
5270	1
5271	1
5272	1
5273	1
5274	1
5275	1
5276	1
5277	1
5278	1
5279	1
5280	1
5281	1
5282	1
5283	2
5284	2
5285	2
5286	2
5287	2
5288	1
5289	1
5290	2
5291	2
5292	2
5293	2
5294	2
5295	2
5296	2
5297	2
5298	2
5299	1
5300	1
5301	2
5302	3
5303	2
5304	2
5305	1
5306	3
5307	2
5308	1
5309	1
5310	1
5311	1
5312	1
5313	1
5314	1
5315	1
5316	1
5317	1
5318	1
5319	1
5320	1
5321	1
5322	1
5323	1
5324	1
5325	1
5326	1
5327	1
5328	1
5329	1
5330	1
5331	1
5332	1
5333	1
5334	1
5335	1
5336	1
5337	2
5338	2
5339	2
5340	2
5341	2
5342	2
5343	2
5344	2
5345	2
5346	2
5347	2
5348	1
5349	1
5350	1
5351	1
5352	1
5353	1
5354	1
5355	1
5356	2
5357	2
5358	2
5359	2
5360	2
5361	2
5362	2
5363	2
5364	2
5365	2
5366	2
5367	2
5368	2
5369	2
5370	2
5371	2
5372	2
5373	2
5374	1
5375	1
5376	1
5377	1
5378	1
5379	1
5380	2
5381	2
5382	2
5383	2
5384	2
5385	2
5386	2
5387	2
5388	2
5389	2
5390	1
5391	1
5392	1
5393	1
5394	1
5395	1
5396	1
5397	1
5398	1
5399	1
5400	1
5401	2
5402	1
5403	1
5404	1
5405	1
5406	1
5407	1
5408	2
5409	2
5410	2
5411	2
5412	2
5413	1
5414	1
5415	1
5416	2
5417	2
5418	2
5419	1
5420	1
5421	1
5422	1
5423	1
5424	1
5425	1
5426	1
5427	1
5428	2
5429	2
5430	3
5431	3
5432	3
5433	1
5434	1
5435	2
5436	1
5437	2
5438	1
5439	1
5440	1
5441	2
5442	2
5443	2
5444	2
5445	1
5446	1
5447	1
5448	1
5449	1
5450	1
5451	1
5452	1
5453	1
5454	1
5455	1
5456	1
5457	1
5458	1
5459	1
5460	1
5461	1
5462	1
5463	1
5464	1
5465	1
5466	1
5467	1
5468	1
5469	1
5470	1
5471	1
5472	1
5473	1
5474	3
5475	2
5476	1
5477	1
5478	1
5479	1
5480	1
5481	1
5482	1
5483	1
5484	2
5485	2
5486	1
5487	1
5488	1
5489	1
5490	1
5491	1
5492	1
5493	1
5494	2
5495	2
5496	2
5497	2
5498	1
5499	1
5500	2
5501	1
5502	2
5503	2
5504	2
5505	2
5506	2
5507	2
5508	1
5509	1
5510	2
5511	2
5512	1
5513	1
5514	1
5515	1
5516	1
5517	1
5518	1
5519	1
5520	1
5521	1
5522	1
5523	1
5524	1
5525	1
5526	1
5527	1
5528	1
5529	2
5530	2
5531	2
5532	2
5533	2
5534	2
5535	2
5536	2
5537	2
5538	2
5539	1
5540	1
5541	1
5542	1
5543	1
5544	1
5545	1
5546	1
5547	1
5548	1
5549	1
5550	1
5551	2
5552	2
5553	1
5554	1
5555	2
5556	2
5557	1
5558	1
5559	1
5560	1
5561	1
5562	1
5563	1
5564	1
5565	1
5566	1
5567	1
5568	1
5569	1
5570	1
5571	1
5572	1
5573	1
5574	1
5575	1
5576	1
5577	1
5578	1
5579	1
5580	2
5581	2
5582	2
5583	1
5584	1
5585	1
5586	1
5587	1
5588	1
5589	1
5590	1
5591	1
5592	1
5593	1
5594	1
5595	1
5596	2
5597	2
5598	2
5599	1
5600	1
5601	1
5602	2
5603	1
5604	1
5605	1
5606	1
5607	1
5608	1
5609	1
5610	1
5611	1
5612	2
5613	1
5614	1
5615	1
5616	2
5617	2
5618	2
5619	2
5620	1
5621	1
5622	1
5623	1
5624	1
5625	1
5626	1
5627	1
5628	1
5629	2
5630	2
5631	3
5632	2
5633	2
5634	2
5635	1
5636	1
5637	2
5638	2
5639	2
5640	2
5641	2
5642	2
5643	2
5644	2
5645	2
5646	2
5647	2
5648	1
5649	1
5650	1
5651	1
5652	1
5653	1
5654	2
5655	2
5656	2
5657	2
5658	2
5659	2
5660	2
5661	1
5662	2
5663	2
5664	2
5665	1
5666	1
5667	1
5668	1
5669	1
5670	1
5671	1
5672	1
5673	1
5674	1
5675	1
5676	1
5677	1
5678	3
5679	3
5680	1
5681	1
5682	1
5683	1
5684	1
5685	1
5686	1
5687	1
5688	1
5689	1
5690	1
5691	1
5692	1
5693	1
5694	1
5695	1
5696	2
5697	2
5698	3
5699	3
5700	2
5701	2
5702	1
5703	1
5704	1
5705	2
5706	2
5707	2
5708	1
5709	1
5710	1
5711	1
5712	1
5713	1
5714	1
5715	1
5716	1
5717	1
5718	1
5719	1
5720	1
5721	1
5722	1
5723	1
5724	1
5725	1
5726	1
5727	1
5728	1
5729	1
5730	1
5731	1
5732	1
5733	1
5734	2
5735	2
5736	2
5737	2
5738	2
5739	1
5740	1
5741	1
5742	1
5743	1
5744	1
5745	2
5746	2
5747	1
5748	1
5749	1
5750	1
5751	1
5752	1
5753	1
5754	1
5755	1
5756	1
5757	1
5758	1
5759	1
5760	1
5761	1
5762	1
5763	1
5764	1
5765	1
5766	1
5767	1
5768	1
5769	1
5770	1
5771	1
5772	1
5773	1
5774	1
5775	1
5776	1
5777	1
5778	2
5779	2
5780	2
5781	2
5782	1
5783	1
5784	1
5785	1
5786	1
5787	1
5788	1
5789	1
5790	1
5791	1
5792	1
5793	1
5794	1
5795	1
5796	2
5797	2
5798	2
5799	2
5800	2
5801	2
5802	2
5803	2
5804	2
5805	2
5806	2
5807	2
5808	2
5809	2
5810	2
5811	1
5812	1
5813	1
5814	1
5815	1
5816	1
5817	1
5818	1
5819	1
5820	1
5821	1
5822	1
5823	1
5824	2
5825	2
5826	1
5827	1
5828	1
5829	1
5830	1
5831	1
5832	1
5833	1
5834	1
5835	1
5836	1
5837	1
5838	1
5839	1
5840	1
5841	3
5842	1
5843	1
5844	1
5845	1
5846	1
5847	1
5848	1
5849	1
5850	1
5851	1
5852	1
5853	1
5854	1
5855	1
5856	1
5857	1
5858	1
5859	1
5860	3
5861	2
5862	3
5863	2
5864	2
5865	2
5866	2
5867	2
5868	2
5869	2
5870	2
5871	1
5872	1
5873	1
5874	1
5875	1
5876	1
5877	1
5878	1
5879	1
5880	1
5881	3
5882	2
5883	2
5884	2
5885	1
5886	2
5887	2
5888	2
5889	2
5890	2
5891	2
5892	2
5893	2
5894	2
5895	2
5896	2
5897	1
5898	1
5899	2
5900	1
5901	1
5902	2
5903	2
5904	2
5905	2
5906	2
5907	2
5908	2
5909	2
5910	2
5911	2
5912	2
5913	2
5914	2
5915	2
5916	2
5917	2
5918	2
5919	2
5920	2
5921	2
5922	1
5923	1
5924	1
5925	1
5926	2
5927	2
5928	2
5929	2
5930	2
5931	2
5932	2
5933	2
5934	2
5935	2
5936	2
5937	2
5938	2
5939	1
5940	1
5941	1
5942	2
5943	2
5944	1
5945	1
5946	1
5947	1
5948	1
5949	2
5950	1
5951	1
5952	1
5953	1
5954	1
5955	1
5956	1
5957	1
5958	1
5959	1
5960	2
5961	2
5962	2
5963	2
5964	2
5965	2
5966	2
5967	1
5968	1
5969	2
5970	2
5971	2
5972	2
5973	1
5974	1
5975	2
5976	2
5977	2
5978	1
5979	1
5980	1
5981	1
5982	1
5983	3
5984	3
5985	1
5986	1
5987	1
5988	1
5989	1
5990	1
5991	1
5992	1
5993	1
5994	1
5995	1
5996	1
5997	1
5998	1
5999	1
6000	1
6001	1
6002	1
6003	1
6004	1
6005	1
6006	1
6007	1
6008	1
6009	1
6010	1
6011	1
6012	1
6013	1
6014	1
6015	1
6016	1
6017	1
6018	1
6019	1
6020	1
6021	1
6022	1
6023	1
6024	1
6025	1
6026	1
6027	1
6028	1
6029	1
6030	1
6031	2
6032	1
6033	1
6034	1
6035	1
6036	1
6037	1
6038	1
6039	1
6040	2
6041	1
6042	1
6043	1
6044	1
6045	3
6046	1
6047	1
6048	1
6049	1
6050	1
6051	1
6052	1
6053	1
6054	1
6055	1
6056	1
6057	1
6058	1
6059	1
6060	1
6061	1
6062	1
6063	1
6064	1
6065	1
6066	1
6067	1
6068	1
6069	1
6070	1
6071	1
6072	1
6073	1
6074	1
6075	1
6076	1
6077	1
6078	1
6079	1
6080	1
6081	1
6082	2
6083	1
6084	1
6085	1
6086	1
6087	2
6088	2
6089	2
6090	2
6091	2
6092	2
6093	1
6094	1
6095	2
6096	2
6097	1
6098	1
6099	1
6100	1
6101	1
6102	1
6103	1
6104	1
6105	1
6106	1
6107	1
6108	1
6109	1
6110	2
6111	1
6112	1
6113	1
6114	1
6115	1
6116	1
6117	1
6118	1
6119	1
6120	1
6121	1
6122	1
6123	1
6124	1
6125	2
6126	2
6127	2
6128	2
6129	2
6130	1
6131	1
6132	1
6133	1
6134	1
6135	1
6136	1
6137	1
6138	1
6139	2
6140	2
6141	2
6142	1
6143	1
6144	1
6145	1
6146	1
6147	1
6148	1
6149	1
6150	1
6151	1
6152	1
6153	1
6154	1
6155	1
6156	1
6157	3
6158	2
6159	2
6160	2
6161	2
6162	2
6163	1
6164	2
6165	1
6166	2
6167	1
6168	2
6169	1
6170	2
6171	2
6172	2
6173	2
6174	1
6175	1
6176	1
6177	1
6178	1
6179	1
6180	1
6181	1
6182	1
6183	1
6184	1
6185	1
6186	1
6187	2
6188	1
6189	2
6190	2
6191	2
6192	1
6193	1
6194	1
6195	1
6196	1
6197	1
6198	1
6199	1
6200	1
6201	1
6202	1
6203	1
6204	1
6205	1
6206	2
6207	2
6208	2
6209	2
6210	1
6211	1
6212	1
6213	1
6214	1
6215	1
6216	1
6217	1
6218	1
6219	1
6220	1
6221	1
6222	1
6223	1
6224	1
6225	1
6226	1
6227	1
6228	1
6229	1
6230	1
6231	1
6232	1
6233	1
6234	1
6235	1
6236	1
6237	1
6238	1
6239	1
6240	1
6241	1
6242	1
6243	1
6244	1
6245	1
6246	1
6247	1
6248	2
6249	2
6250	2
6251	2
6252	2
6253	1
6254	1
6255	1
6256	1
6257	1
6258	1
6259	1
6260	1
6261	2
6262	1
6263	1
6264	1
6265	1
6266	1
6267	1
6268	1
6269	1
6270	1
6271	1
6272	1
6273	1
6274	1
6275	1
6276	1
6277	1
6278	1
6279	2
6280	2
6281	1
6282	1
6283	1
6284	1
6285	1
6286	1
6287	1
6288	1
6289	2
6290	2
6291	1
6292	1
6293	1
6294	1
6295	1
6296	1
6297	1
6298	2
6299	1
6300	2
6301	2
6302	2
6303	2
6304	2
6305	2
6306	2
6307	2
6308	2
6309	1
6310	1
6311	1
6312	1
6313	1
6314	1
6315	1
6316	1
6317	1
6318	1
6319	1
6320	1
6321	1
6322	1
6323	1
6324	1
6325	1
6326	1
6327	1
6328	1
6329	1
6330	1
6331	1
6332	2
6333	2
6334	1
6335	1
6336	1
6337	1
6338	1
6339	1
6340	1
6341	1
6342	1
6343	1
6344	1
6345	1
6346	1
6347	1
6348	1
6349	1
6350	1
6351	1
6352	1
6353	1
6354	1
6355	1
6356	2
6357	2
6358	2
6359	1
6360	1
6361	1
6362	2
6363	2
6364	2
6365	2
6366	2
6367	1
6368	1
6369	1
6370	1
6371	1
6372	2
6373	1
6374	2
6375	1
6376	1
6377	1
6378	1
6379	1
6380	1
6381	2
6382	1
6383	1
6384	1
6385	1
6386	1
6387	1
6388	1
6389	1
6390	1
6391	1
6392	1
6393	1
6394	1
6395	1
6396	1
6397	1
6398	1
6399	1
6400	2
6401	1
6402	2
6403	2
6404	1
6405	1
6406	2
6407	2
6408	2
6409	2
6410	2
6411	2
6412	2
6413	2
6414	1
6415	1
6416	1
6417	2
6418	1
6419	1
6420	1
6421	1
6422	1
6423	1
6424	1
6425	1
6426	1
6427	1
6428	1
6429	1
6430	1
6431	1
6432	1
6433	1
6434	1
6435	1
6436	1
6437	1
6438	1
6439	1
6440	1
6441	1
6442	1
6443	1
6444	1
6445	1
6446	1
6447	1
6448	1
6449	1
6450	1
6451	1
6452	2
6453	1
6454	1
6455	1
6456	1
6457	2
6458	2
6459	1
6460	1
6461	1
6462	1
6463	1
6464	2
6465	1
6466	1
6467	1
6468	1
6469	1
6470	1
6471	1
6472	1
6473	1
6474	1
6475	1
6476	1
6477	2
6478	3
6479	2
6480	2
6481	2
6482	2
6483	2
6484	2
6485	2
6486	2
6487	2
6488	2
6489	2
6490	2
6491	2
6492	2
6493	2
6494	1
6495	1
6496	1
6497	3
6498	1
6499	1
6500	3
6501	3
6502	1
6503	1
6504	1
6505	1
6506	1
6507	1
6508	1
6509	1
6510	2
6511	2
6512	1
6513	1
6514	1
6515	1
6516	1
6517	1
6518	1
6519	1
6520	1
6521	1
6522	1
6523	1
6524	1
6525	1
6526	1
6527	1
6528	1
6529	1
6530	1
6531	1
6532	1
6533	1
6534	1
6535	1
6536	1
6537	1
6538	1
6539	1
6540	1
6541	1
6542	1
6543	1
6544	1
6545	1
6546	1
6547	1
6548	1
6549	2
6550	2
6551	2
6552	1
6553	2
6554	2
6555	2
6556	2
6557	1
6558	1
6559	1
6560	1
6561	1
6562	3
6563	1
6564	1
6565	1
6566	2
6567	2
6568	3
6569	3
6570	2
6571	1
6572	1
6573	1
6574	1
6575	1
6576	1
6577	1
6578	1
6579	1
6580	1
6581	1
6582	1
6583	1
6584	1
6585	1
6586	1
6587	1
6588	1
6589	2
6590	3
6591	2
6592	1
6593	1
6594	1
6595	1
6596	1
6597	1
6598	1
6599	1
6600	1
6601	1
6602	1
6603	1
6604	1
6605	1
6606	1
6607	1
6608	1
6609	1
6610	1
6611	1
6612	1
6613	1
6614	1
6615	1
6616	1
6617	1
6618	1
6619	1
6620	1
6621	1
6622	1
6623	1
6624	1
6625	1
6626	2
6627	2
6628	2
6629	2
6630	1
6631	2
6632	1
6633	2
6634	1
6635	1
6636	1
6637	1
6638	1
6639	1
6640	1
6641	1
6642	1
6643	1
6644	2
6645	2
6646	2
6647	2
6648	2
6649	1
6650	1
6651	1
6652	2
6653	2
6654	2
6655	1
6656	1
6657	1
6658	1
6659	1
6660	1
6661	1
6662	1
6663	1
6664	1
6665	1
6666	1
6667	2
6668	2
6669	2
6670	2
6671	2
6672	2
6673	2
6674	2
6675	2
6676	1
6677	1
6678	1
6679	2
6680	1
6681	1
6682	1
6683	1
6684	1
6685	1
6686	1
6687	1
6688	1
6689	1
6690	1
6691	1
6692	1
6693	1
6694	1
6695	1
6696	1
6697	1
6698	2
6699	2
6700	2
6701	1
6702	1
6703	1
6704	1
6705	1
6706	1
6707	1
6708	1
6709	1
6710	1
6711	1
6712	1
6713	1
6714	1
6715	1
6716	1
6717	1
6718	2
6719	2
6720	2
6721	1
6722	1
6723	1
6724	1
6725	1
6726	1
6727	3
6728	1
6729	2
6730	1
6731	1
6732	1
6733	2
6734	2
6735	2
6736	2
6737	1
6738	1
6739	1
6740	1
6741	1
6742	1
6743	1
6744	1
6745	1
6746	1
6747	2
6748	2
6749	2
6750	2
6751	1
6752	2
6753	1
6754	1
6755	2
6756	2
6757	1
6758	1
6759	2
6760	2
6761	2
6762	1
6763	1
6764	1
6765	1
6766	2
6767	2
6768	2
6769	2
6770	2
6771	1
6772	1
6773	2
6774	2
6775	2
6776	2
6777	2
6778	2
6779	2
6780	2
6781	2
6782	2
6783	2
6784	2
6785	1
6786	1
6787	2
6788	1
6789	1
6790	2
6791	2
6792	2
6793	2
6794	3
6795	2
6796	2
6797	2
6798	2
6799	2
6800	2
6801	2
6802	2
6803	2
6804	1
6805	1
6806	1
6807	1
6808	2
6809	2
6810	1
6811	1
6812	1
6813	1
6814	1
6815	2
6816	2
6817	2
6818	2
6819	2
6820	1
6821	1
6822	2
6823	2
6824	2
6825	2
6826	1
6827	1
6828	1
6829	1
6830	1
6831	1
6832	3
6833	2
6834	2
6835	2
6836	2
6837	2
6838	1
6839	2
6840	1
6841	1
6842	1
6843	1
6844	2
6845	2
6846	2
6847	1
6848	1
6849	1
6850	2
6851	2
6852	2
6853	1
6854	1
6855	1
6856	2
6857	2
6858	2
6859	2
6860	1
6861	1
6862	1
6863	2
6864	2
6865	1
6866	2
6867	1
6868	1
6869	1
6870	1
6871	1
6872	1
6873	1
6874	1
6875	2
6876	1
6877	1
6878	1
6879	1
6880	1
6881	1
6882	1
6883	1
6884	1
6885	2
6886	1
6887	2
6888	2
6889	2
6890	1
6891	1
6892	1
6893	2
6894	2
6895	1
6896	1
6897	1
6898	1
6899	1
6900	1
6901	1
6902	1
6903	1
6904	1
6905	1
6906	1
6907	1
6908	1
6909	3
6910	2
6911	2
6912	2
6913	2
6914	2
6915	1
6916	1
6917	2
6918	2
6919	2
6920	2
6921	2
6922	2
6923	1
6924	1
6925	2
6926	2
6927	1
6928	1
6929	1
6930	1
6931	1
6932	1
6933	1
6934	1
6935	2
6936	2
6937	2
6938	1
6939	1
6940	1
6941	1
6942	1
6943	1
6944	1
6945	1
6946	1
6947	1
6948	1
6949	1
6950	1
6951	1
6952	1
6953	1
6954	1
6955	1
6956	1
6957	1
6958	1
6959	2
6960	3
6961	2
6962	2
6963	1
6964	1
6965	1
6966	2
6967	2
6968	1
6969	1
6970	1
6971	2
6972	2
6973	1
6974	1
6975	1
6976	1
6977	2
6978	2
6979	1
6980	1
6981	1
6982	1
6983	1
6984	1
6985	1
6986	1
6987	1
6988	1
6989	1
6990	1
6991	1
6992	1
6993	1
6994	1
6995	1
6996	2
6997	1
6998	1
6999	1
7000	1
7001	2
7002	1
7003	1
7004	1
7005	1
7006	1
7007	1
7008	1
7009	1
7010	1
7011	2
7012	2
7013	1
7014	1
7015	1
7016	1
7017	1
7018	1
7019	1
7020	1
7021	1
7022	1
7023	1
7024	1
7025	1
7026	1
7027	1
7028	1
7029	1
7030	1
7031	1
7032	1
7033	1
7034	1
7035	1
7036	1
7037	1
7038	1
7039	1
7040	2
7041	2
7042	2
7043	1
7044	1
7045	2
7046	2
7047	2
7048	2
7049	2
7050	2
7051	2
7052	2
7053	2
7054	1
7055	1
7056	2
7057	1
7058	1
7059	3
7060	1
7061	1
7062	2
7063	2
7064	3
7065	2
7066	2
7067	2
7068	1
7069	1
7070	1
7071	2
7072	1
7073	1
7074	2
7075	1
7076	2
7077	2
7078	2
7079	1
7080	1
7081	1
7082	1
7083	1
7084	1
7085	1
7086	2
7087	2
7088	2
7089	2
7090	2
7091	1
7092	1
7093	2
7094	2
7095	2
7096	1
7097	1
7098	1
7099	1
7100	1
7101	1
7102	1
7103	1
7104	2
7105	2
7106	1
7107	1
7108	2
7109	2
7110	2
7111	2
7112	2
7113	2
7114	2
7115	2
7116	2
7117	2
7118	2
7119	2
7120	2
7121	2
7122	1
7123	2
7124	1
7125	1
7126	2
7127	1
7128	2
7129	1
7130	1
7131	1
7132	2
7133	1
7134	1
7135	1
7136	1
7137	1
7138	1
7139	1
7140	1
7141	1
7142	2
7143	2
7144	3
7145	1
7146	1
7147	1
7148	1
7149	2
7150	1
7151	1
7152	1
7153	2
7154	2
7155	2
7156	2
7157	2
7158	2
7159	2
7160	2
7161	1
7162	1
7163	1
7164	1
7165	1
7166	1
7167	1
7168	1
7169	1
7170	1
7171	1
7172	1
7173	1
7174	1
7175	1
7176	1
7177	1
7178	1
7179	1
7180	1
7181	1
7182	1
7183	1
7184	1
7185	1
7186	1
7187	1
7188	1
7189	2
7190	2
7191	2
7192	2
7193	2
7194	2
7195	2
7196	1
7197	2
7198	2
7199	1
7200	1
7201	1
7202	1
7203	1
7204	1
7205	1
7206	1
7207	1
7208	1
7209	1
7210	2
7211	2
7212	1
7213	1
7214	1
7215	1
7216	1
7217	1
7218	1
7219	1
7220	1
7221	1
7222	1
7223	2
7224	2
7225	2
7226	1
7227	1
7228	1
7229	1
7230	1
7231	2
7232	1
7233	1
7234	1
7235	1
7236	1
7237	1
7238	1
7239	1
7240	1
7241	1
7242	1
7243	1
7244	1
7245	1
7246	1
7247	1
7248	2
7249	2
7250	1
7251	1
7252	1
7253	1
7254	2
7255	2
7256	2
7257	2
7258	2
7259	2
7260	2
7261	2
7262	1
7263	1
7264	1
7265	1
7266	1
7267	1
7268	1
7269	1
7270	1
7271	1
7272	1
7273	1
7274	1
7275	1
7276	1
7277	1
7278	1
7279	1
7280	1
7281	1
7282	1
7283	1
7284	1
7285	1
7286	1
7287	1
7288	1
7289	2
7290	2
7291	2
7292	1
7293	1
7294	1
7295	1
7296	3
7297	1
7298	1
7299	3
7300	1
7301	1
7302	1
7303	1
7304	1
7305	2
7306	2
7307	2
7308	2
7309	1
7310	1
7311	2
7312	1
7313	1
7314	1
7315	1
7316	1
7317	1
7318	1
7319	1
7320	1
7321	1
7322	1
7323	1
7324	1
7325	1
7326	1
7327	1
7328	2
7329	1
7330	1
7331	2
7332	1
7333	1
7334	1
7335	1
7336	1
7337	2
7338	2
7339	2
7340	2
7341	2
7342	1
7343	1
7344	1
7345	1
7346	1
7347	1
7348	1
7349	1
7350	2
7351	3
7352	2
7353	2
7354	1
7355	1
7356	1
7357	1
7358	2
7359	2
7360	2
7361	2
7362	2
7363	2
7364	1
7365	1
7366	1
7367	2
7368	2
7369	1
7370	1
7371	1
7372	1
7373	1
7374	2
7375	2
7376	2
7377	2
7378	2
7379	2
7380	1
7381	1
7382	1
7383	1
7384	1
7385	1
7386	1
7387	1
7388	1
7389	1
7390	1
7391	1
7392	2
7393	2
7394	3
7395	1
7396	1
7397	1
7398	1
7399	1
7400	1
7401	1
7402	1
7403	1
7404	1
7405	1
7406	1
7407	1
7408	1
7409	1
7410	1
7411	1
7412	1
7413	1
7414	1
7415	1
7416	1
7417	1
7418	1
7419	1
7420	1
7421	1
7422	1
7423	1
7424	2
7425	2
7426	1
7427	1
7428	1
7429	1
7430	1
7431	1
7432	1
7433	2
7434	1
7435	1
7436	1
7437	1
7438	3
7439	1
7440	1
7441	1
7442	1
7443	1
7444	1
7445	2
7446	2
7447	1
7448	1
7449	1
7450	1
7451	1
7452	1
7453	1
7454	1
7455	1
7456	1
7457	1
7458	1
7459	1
7460	1
7461	1
7462	1
7463	2
7464	2
7465	2
7466	2
7467	2
7468	1
7469	1
7470	1
7471	1
7472	2
7473	1
7474	1
7475	1
7476	1
7477	1
7478	1
7479	1
7480	1
7481	1
7482	1
7483	2
7484	2
7485	2
7486	2
7487	2
7488	2
7489	2
7490	2
7491	1
7492	1
7493	2
7494	2
7495	1
7496	1
7497	2
7498	1
7499	1
7500	1
7501	2
7502	2
7503	1
7504	2
7505	2
7506	2
7507	2
7508	2
7509	2
7510	1
7511	1
7512	1
7513	1
7514	1
7515	1
7516	1
7517	1
7518	1
7519	1
7520	1
7521	1
7522	1
7523	1
7524	1
7525	2
7526	2
7527	2
7528	1
7529	1
7530	1
7531	1
7532	1
7533	1
7534	1
7535	1
7536	1
7537	1
7538	1
7539	1
7540	1
7541	1
7542	1
7543	1
7544	1
7545	1
7546	1
7547	1
7548	1
7549	1
7550	1
7551	1
7552	1
7553	2
7554	2
7555	2
7556	2
7557	2
7558	2
7559	1
7560	1
7561	2
7562	2
7563	2
7564	2
7565	1
7566	1
7567	2
7568	2
7569	2
7570	1
7571	1
7572	1
7573	1
7574	1
7575	1
7576	1
7577	1
7578	1
7579	1
7580	1
7581	1
7582	1
7583	1
7584	1
7585	1
7586	1
7587	1
7588	1
7589	1
7590	1
7591	1
7592	1
7593	1
7594	2
7595	2
7596	2
7597	1
7598	1
7599	1
7600	1
7601	1
7602	3
7603	2
7604	1
7605	1
7606	1
7607	1
7608	1
7609	1
7610	1
7611	1
7612	1
7613	1
7614	1
7615	1
7616	1
7617	1
7618	1
7619	1
7620	1
7621	1
7622	1
7623	1
7624	1
7625	1
7626	1
7627	1
7628	1
7629	1
7630	2
7631	2
7632	2
7633	1
7634	1
7635	1
7636	1
7637	1
7638	2
7639	1
7640	1
7641	1
7642	1
7643	1
7644	1
7645	2
7646	2
7647	2
7648	2
7649	2
7650	1
7651	1
7652	2
7653	2
7654	2
7655	2
7656	2
7657	2
7658	2
7659	2
7660	1
7661	1
7662	1
7663	1
7664	1
7665	1
7666	1
7667	1
7668	1
7669	1
7670	2
7671	3
7672	1
7673	1
7674	1
7675	1
7676	1
7677	1
7678	1
7679	1
7680	1
7681	1
7682	1
7683	1
7684	1
7685	1
7686	1
7687	1
7688	1
7689	1
7690	2
7691	1
7692	1
7693	2
7694	2
7695	2
7696	2
7697	2
7698	2
7699	2
7700	1
7701	1
7702	1
7703	1
7704	1
7705	1
7706	1
7707	1
7708	1
7709	1
7710	1
7711	1
7712	1
7713	1
7714	1
7715	1
7716	1
7717	1
7718	1
7719	1
7720	1
7721	1
7722	1
7723	1
7724	1
7725	1
7726	1
7727	1
7728	1
7729	1
7730	1
7731	1
7732	1
7733	1
7734	1
7735	1
7736	1
7737	1
7738	2
7739	2
7740	2
7741	2
7742	2
7743	2
7744	1
7745	1
7746	1
7747	1
7748	1
7749	1
7750	1
7751	1
7752	1
7753	1
7754	1
7755	1
7756	1
7757	1
7758	1
7759	1
7760	1
7761	1
7762	2
7763	2
7764	2
7765	2
7766	2
7767	2
7768	2
7769	2
7770	2
7771	1
7772	1
7773	1
7774	1
7775	1
7776	1
7777	1
7778	1
7779	1
7780	1
7781	1
7782	1
7783	2
7784	3
7785	2
7786	2
7787	1
7788	1
7789	1
7790	1
7791	1
7792	1
7793	1
7794	2
7795	2
7796	1
7797	1
7798	1
7799	1
7800	2
7801	2
7802	1
7803	1
7804	2
7805	2
7806	1
7807	1
7808	2
7809	1
7810	1
7811	1
7812	1
7813	3
7814	1
7815	3
7816	1
7817	1
7818	2
7819	1
7820	1
7821	1
7822	2
7823	1
7824	1
7825	1
7826	2
7827	2
7828	2
7829	2
7830	2
7831	2
7832	1
7833	1
7834	1
7835	1
7836	1
7837	1
7838	1
7839	1
7840	1
7841	2
7842	1
7843	2
7844	2
7845	2
7846	2
7847	2
7848	1
7849	1
7850	1
7851	1
7852	3
7853	1
7854	1
7855	1
7856	1
7857	1
7858	1
7859	1
7860	1
7861	1
7862	1
7863	1
7864	4
7865	1
7866	1
7867	1
7868	1
7869	1
7870	1
7871	1
7872	1
7873	1
7874	1
7875	1
7876	1
7877	1
7878	1
7879	1
7880	3
7881	1
7882	1
7883	1
7884	3
7885	3
7886	2
7887	2
7888	1
7889	1
7890	1
7891	2
7892	2
7893	2
7894	1
7895	1
7896	1
7897	1
7898	2
7899	2
7900	2
7901	1
7902	1
7903	1
7904	1
7905	1
7906	1
7907	1
7908	1
7909	1
7910	1
7911	1
7912	1
7913	2
7914	3
7915	2
7916	2
7917	2
7918	2
7919	2
7920	2
7921	2
7922	2
7923	2
7924	2
7925	2
7926	2
7927	1
7928	1
7929	2
7930	2
7931	1
7932	1
7933	1
7934	1
7935	1
7936	1
7937	1
7938	1
7939	1
7940	1
7941	2
7942	2
7943	2
7944	2
7945	2
7946	2
7947	2
7948	1
7949	1
7950	1
7951	1
7952	1
7953	1
7954	1
7955	1
7956	1
7957	1
7958	1
7959	1
7960	1
7961	1
7962	1
7963	1
7964	1
7965	1
7966	1
7967	1
7968	1
7969	3
7970	1
7971	1
7972	1
7973	1
7974	1
7975	2
7976	1
7977	1
7978	1
7979	1
7980	1
7981	1
7982	1
7983	2
7984	2
7985	2
7986	1
7987	1
7988	1
7989	1
7990	1
7991	1
7992	1
7993	1
7994	1
7995	2
7996	2
7997	2
7998	2
7999	2
8000	1
8001	1
8002	1
8003	1
8004	1
8005	2
8006	2
8007	1
8008	1
8009	1
8010	1
8011	1
8012	1
8013	1
8014	1
8015	1
8016	1
8017	1
8018	1
8019	2
8020	2
8021	1
8022	1
8023	2
8024	1
8025	1
8026	1
8027	1
8028	1
8029	1
8030	1
8031	1
8032	2
8033	1
8034	1
8035	1
8036	1
8037	1
8038	2
8039	1
8040	1
8041	2
8042	2
8043	1
8044	1
8045	1
8046	1
8047	1
8048	1
8049	1
8050	1
8051	1
8052	1
8053	1
8054	1
8055	1
8056	1
8057	1
8058	1
8059	1
8060	1
8061	1
8062	1
8063	1
8064	2
8065	2
8066	2
8067	1
8068	1
8069	1
8070	1
8071	2
8072	2
8073	2
8074	2
8075	2
8076	2
8077	2
8078	2
8079	2
8080	2
8081	1
8082	1
8083	1
8084	1
8085	2
8086	1
8087	2
8088	2
8089	2
8090	2
8091	1
8092	1
8093	2
8094	2
8095	2
8096	1
8097	1
8098	1
8099	1
8100	1
8101	1
8102	1
8103	1
8104	1
8105	1
8106	1
8107	1
8108	1
8109	2
8110	2
8111	2
8112	2
8113	1
8114	1
8115	1
8116	1
8117	1
8118	1
8119	1
8120	1
8121	1
8122	1
8123	1
8124	1
8125	1
8126	1
8127	1
8128	1
8129	1
8130	1
8131	2
8132	2
8133	2
8134	2
8135	2
8136	2
8137	2
8138	2
8139	2
8140	2
8141	2
8142	2
8143	2
8144	1
8145	1
8146	1
8147	1
8148	1
8149	1
8150	1
8151	1
8152	2
8153	3
8154	2
8155	2
8156	2
8157	2
8158	2
8159	2
8160	2
8161	2
8162	2
8163	2
8164	2
8165	2
8166	2
8167	2
8168	2
8169	2
8170	2
8171	2
8172	2
8173	1
8174	3
8175	3
8176	3
8177	2
8178	2
8179	2
8180	2
8181	2
8182	2
8183	2
8184	2
8185	2
8186	2
8187	2
8188	2
8189	2
8190	2
8191	2
8192	2
8193	1
8194	1
8195	1
8196	1
8197	1
8198	1
8199	1
8200	2
8201	1
8202	2
8203	2
8204	2
8205	2
8206	2
8207	1
8208	1
8209	2
8210	2
8211	2
8212	2
8213	2
8214	1
8215	1
8216	1
8217	1
8218	1
8219	1
8220	1
8221	1
8222	1
8223	1
8224	2
8225	2
8226	2
8227	1
8228	1
8229	1
8230	1
8231	1
8232	1
8233	1
8234	1
8235	1
8236	1
8237	1
8238	1
8239	1
8240	1
8241	1
8242	1
8243	1
8244	1
8245	1
8246	1
8247	1
8248	1
8249	3
8250	1
8251	1
8252	1
8253	1
8254	1
8255	1
8256	1
8257	1
8258	1
8259	3
8260	1
8261	1
8262	1
8263	1
8264	1
8265	1
8266	1
8267	1
8268	1
8269	1
8270	1
8271	1
8272	2
8273	2
8274	1
8275	1
8276	1
8277	1
8278	1
8279	1
8280	1
8281	1
8282	1
8283	1
8284	1
8285	2
8286	2
8287	2
8288	2
8289	1
8290	1
8291	1
8292	1
8293	1
8294	1
8295	1
8296	1
8297	1
8298	1
8299	1
8300	1
8301	1
8302	1
8303	1
8304	1
8305	1
8306	1
8307	1
8308	1
8309	1
8310	1
8311	1
8312	1
8313	1
8314	1
8315	1
8316	1
8317	3
8318	1
8319	1
8320	1
8321	1
8322	1
8323	2
8324	3
8325	1
8326	1
8327	1
8328	3
8329	2
8330	2
8331	2
8332	1
8333	1
8334	1
8335	1
8336	1
8337	1
8338	1
8339	1
8340	1
8341	1
8342	1
8343	1
8344	2
8345	2
8346	1
8347	2
8348	2
8349	2
8350	2
8351	2
8352	2
8353	1
8354	1
8355	1
8356	1
8357	1
8358	1
8359	1
8360	1
8361	1
8362	1
8363	1
8364	1
8365	1
8366	1
8367	2
8368	1
8369	1
8370	1
8371	1
8372	1
8373	1
8374	1
8375	1
8376	1
8377	1
8378	3
8379	2
8380	1
8381	1
8382	1
8383	1
8384	1
8385	1
8386	1
8387	1
8388	1
8389	1
8390	2
8391	1
8392	1
8393	1
8394	1
8395	1
8396	1
8397	2
8398	1
8399	1
8400	1
8401	1
8402	1
8403	1
8404	1
8405	1
8406	1
8407	1
8408	1
8409	1
8410	1
8411	1
8412	1
8413	1
8414	1
8415	1
8416	1
8417	1
8418	1
8419	1
8420	1
8421	1
8422	1
8423	1
8424	1
8425	1
8426	1
8427	1
8428	1
8429	1
8430	1
8431	1
8432	1
8433	1
8434	1
8435	1
8436	2
8437	2
8438	1
8439	2
8440	2
8441	2
8442	1
8443	1
8444	2
8445	2
8446	2
8447	1
8448	1
8449	1
8450	1
8451	1
8452	1
8453	1
8454	1
8455	1
8456	1
8457	1
8458	1
8459	1
8460	1
8461	1
8462	1
8463	1
8464	1
8465	1
8466	1
8467	1
8468	1
8469	1
8470	1
8471	1
8472	2
8473	2
8474	1
8475	1
8476	1
8477	1
8478	1
8479	1
8480	1
8481	1
8482	1
8483	1
8484	2
8485	1
8486	1
8487	1
8488	1
8489	1
8490	1
8491	1
8492	2
8493	2
8494	1
8495	1
8496	1
8497	1
8498	1
8499	1
8500	1
8501	1
8502	1
8503	1
8504	1
8505	1
8506	1
8507	1
8508	1
8509	1
8510	1
8511	1
8512	1
8513	1
8514	1
8515	1
8516	1
8517	1
8518	2
8519	2
8520	1
8521	1
8522	1
8523	1
8524	1
8525	1
8526	1
8527	1
8528	1
8529	2
8530	2
8531	1
8532	2
8533	2
8534	1
8535	1
8536	1
8537	2
8538	2
8539	2
8540	2
8541	1
8542	1
8543	2
8544	1
8545	1
8546	1
8547	1
8548	1
8549	1
8550	1
8551	1
8552	1
8553	1
8554	1
8555	2
8556	1
8557	1
8558	1
8559	1
8560	1
8561	2
8562	2
8563	2
8564	1
8565	2
8566	2
8567	1
8568	1
8569	2
8570	2
8571	1
8572	1
8573	1
8574	1
8575	1
8576	1
8577	1
8578	1
8579	1
8580	1
8581	1
8582	1
8583	1
8584	2
8585	2
8586	2
8587	1
8588	1
8589	2
8590	2
8591	2
8592	2
8593	2
8594	2
8595	2
8596	2
8597	2
8598	3
8599	2
8600	1
8601	1
8602	1
8603	1
8604	1
8605	1
8606	1
8607	1
8608	1
8609	1
8610	1
8611	1
8612	2
8613	1
8614	1
8615	1
8616	1
8617	1
8618	1
8619	1
8620	1
8621	1
8622	1
8623	1
8624	1
8625	1
8626	2
8627	3
8628	2
8629	2
8630	2
8631	2
8632	1
8633	1
8634	1
8635	1
8636	1
8637	1
8638	1
8639	1
8640	1
8641	1
8642	1
8643	1
8644	1
8645	1
8646	2
8647	2
8648	3
8649	2
8650	2
8651	2
8652	2
8653	2
8654	2
8655	2
8656	2
8657	2
8658	2
8659	2
8660	2
8661	2
8662	2
8663	1
8664	1
8665	1
8666	1
8667	1
8668	1
8669	1
8670	2
8671	2
8672	2
8673	2
8674	2
8675	2
8676	2
8677	2
8678	2
8679	2
8680	2
8681	2
8682	2
8683	2
8684	2
8685	2
8686	2
8687	2
8688	1
8689	1
8690	1
8691	1
8692	1
8693	2
8694	3
8695	2
8696	2
8697	2
8698	2
8699	2
8700	2
8701	2
8702	2
8703	2
8704	2
8705	2
8706	3
8707	1
8708	1
8709	1
8710	1
8711	1
8712	1
8713	1
8714	1
8715	1
8716	1
8717	1
8718	1
8719	1
8720	1
8721	2
8722	2
8723	2
8724	2
8725	2
8726	2
8727	1
8728	1
8729	1
8730	1
8731	1
8732	1
8733	1
8734	1
8735	1
8736	1
8737	1
8738	2
8739	3
8740	1
8741	1
8742	1
8743	1
8744	1
8745	1
8746	2
8747	1
8748	1
8749	1
8750	1
8751	1
8752	1
8753	1
8754	1
8755	1
8756	1
8757	1
8758	1
8759	1
8760	1
8761	1
8762	1
8763	1
8764	1
8765	1
8766	1
8767	1
8768	1
8769	1
8770	1
8771	1
8772	1
8773	1
8774	1
8775	1
8776	1
8777	1
8778	1
8779	1
8780	1
8781	2
8782	2
8783	1
8784	1
8785	1
8786	1
8787	1
8788	1
8789	1
8790	1
8791	1
8792	2
8793	2
8794	2
8795	1
8796	2
8797	2
8798	1
8799	1
8800	1
8801	1
8802	1
8803	1
8804	1
8805	2
8806	2
8807	2
8808	2
8809	1
8810	1
8811	1
8812	1
8813	1
8814	1
8815	1
8816	1
8817	1
8818	2
8819	2
8820	1
8821	2
8822	2
8823	1
8824	1
8825	1
8826	1
8827	1
8828	1
8829	1
8830	1
8831	1
8832	1
8833	1
8834	1
8835	1
8836	1
8837	1
8838	1
8839	1
8840	1
8841	1
8842	3
8843	3
8844	1
8845	1
8846	1
8847	1
8848	1
8849	2
8850	1
8851	1
8852	1
8853	1
8854	2
8855	2
8856	1
8857	1
8858	1
8859	1
8860	1
8861	1
8862	1
8863	1
8864	1
8865	1
8866	1
8867	1
8868	1
8869	1
8870	1
8871	1
8872	1
8873	1
8874	1
8875	1
8876	1
8877	1
8878	1
8879	1
8880	2
8881	1
8882	1
8883	1
8884	1
8885	1
8886	1
8887	1
8888	1
8889	1
8890	1
8891	1
8892	1
8893	1
8894	1
8895	1
8896	1
8897	1
8898	1
8899	1
8900	1
8901	1
8902	1
8903	1
8904	1
8905	1
8906	1
8907	1
8908	1
8909	2
8910	2
8911	2
8912	2
8913	1
8914	2
8915	1
8916	1
8917	1
8918	1
8919	1
8920	1
8921	1
8922	2
8923	1
8924	1
8925	1
8926	1
8927	1
8928	1
8929	1
8930	1
8931	1
8932	1
8933	1
8934	1
8935	1
8936	1
8937	1
8938	1
8939	1
8940	1
8941	1
8942	1
8943	1
8944	3
8945	2
8946	1
8947	1
8948	1
8949	1
8950	1
8951	1
8952	1
8953	1
8954	1
8955	1
8956	1
8957	1
8958	1
8959	1
8960	1
8961	2
8962	2
8963	2
8964	2
8965	2
8966	2
8967	2
8968	2
8969	1
8970	2
8971	2
8972	1
8973	1
8974	1
8975	1
8976	1
8977	1
8978	1
8979	4
8980	3
8981	2
8982	2
8983	2
8984	2
8985	2
8986	2
8987	2
8988	2
8989	2
8990	2
8991	2
8992	2
8993	2
8994	2
8995	2
8996	2
8997	2
8998	2
8999	1
9000	1
9001	1
9002	2
9003	2
9004	2
9005	2
9006	2
9007	2
9008	2
9009	2
9010	2
9011	2
9012	2
9013	1
9014	1
9015	1
9016	1
9017	1
9018	1
9019	1
9020	1
9021	1
9022	1
9023	1
9024	1
9025	1
9026	1
9027	1
9028	1
9029	1
9030	1
9031	1
9032	1
9033	1
9034	1
9035	1
9036	1
9037	1
9038	1
9039	1
9040	1
9041	1
9042	1
9043	1
9044	1
9045	1
9046	2
9047	1
9048	1
9049	1
9050	3
9051	2
9052	2
9053	2
9054	1
9055	1
9056	2
9057	2
9058	1
9059	1
9060	2
9061	2
9062	2
9063	1
9064	1
9065	1
9066	2
9067	2
9068	1
9069	1
9070	1
9071	1
9072	1
9073	1
9074	2
9075	2
9076	1
9077	1
9078	1
9079	1
9080	1
9081	1
9082	1
9083	1
9084	1
9085	2
9086	1
9087	1
9088	2
9089	2
9090	1
9091	1
9092	1
9093	1
9094	1
9095	1
9096	1
9097	1
9098	1
9099	2
9100	1
9101	1
9102	1
9103	1
9104	1
9105	1
9106	1
9107	1
9108	1
9109	2
9110	2
9111	3
9112	2
9113	2
9114	2
9115	2
9116	2
9117	2
9118	2
9119	2
9120	2
9121	2
9122	2
9123	2
9124	2
9125	2
9126	2
9127	2
9128	2
9129	2
9130	2
9131	2
9132	2
9133	1
9134	1
9135	1
9136	1
9137	1
9138	1
9139	1
9140	1
9141	1
9142	1
9143	1
9144	1
9145	1
9146	1
9147	1
9148	1
9149	2
9150	2
9151	2
9152	2
9153	2
9154	2
9155	2
9156	2
9157	2
9158	2
9159	2
9160	1
9161	1
9162	1
9163	1
9164	1
9165	1
9166	1
9167	1
9168	1
9169	1
9170	1
9171	2
9172	2
9173	2
9174	2
9175	1
9176	1
9177	1
9178	1
9179	1
9180	1
9181	1
9182	1
9183	1
9184	1
9185	1
9186	1
9187	1
9188	1
9189	1
9190	1
9191	1
9192	1
9193	1
9194	1
9195	1
9196	1
9197	3
9198	2
9199	2
9200	1
9201	1
9202	1
9203	1
9204	1
9205	1
9206	1
9207	1
9208	1
9209	1
9210	1
9211	1
9212	1
9213	1
9214	1
9215	1
9216	1
9217	2
9218	2
9219	2
9220	2
9221	2
9222	2
9223	2
9224	2
9225	2
9226	2
9227	2
9228	2
9229	1
9230	1
9231	1
9232	1
9233	1
9234	1
9235	2
9236	1
9237	1
9238	1
9239	1
9240	3
9241	1
9242	1
9243	1
9244	1
9245	1
9246	1
9247	1
9248	1
9249	1
9250	1
9251	1
9252	1
9253	1
9254	1
9255	1
9256	1
9257	1
9258	2
9259	2
9260	1
9261	2
9262	1
9263	1
9264	1
9265	2
9266	2
9267	1
9268	1
9269	1
9270	1
9271	1
9272	1
9273	1
9274	1
9275	1
9276	1
9277	1
9278	1
9279	1
9280	1
9281	1
9282	1
9283	1
9284	1
9285	1
9286	1
9287	1
9288	1
9289	1
9290	1
9291	1
9292	1
9293	1
9294	2
9295	2
9296	1
9297	1
9298	1
9299	1
9300	1
9301	1
9302	1
9303	1
9304	1
9305	1
9306	1
9307	1
9308	1
9309	1
9310	1
9311	1
9312	1
9313	1
9314	1
9315	1
9316	1
9317	1
9318	1
9319	1
9320	1
9321	1
9322	1
9323	2
9324	2
9325	2
9326	2
9327	2
9328	2
9329	1
9330	1
9331	2
9332	1
9333	2
9334	1
9335	1
9336	1
9337	1
9338	1
9339	1
9340	1
9341	1
9342	1
9343	1
9344	1
9345	2
9346	2
9347	1
9348	1
9349	2
9350	2
9351	1
9352	1
9353	1
9354	2
9355	2
9356	1
9357	1
9358	1
9359	1
9360	1
9361	2
9362	1
9363	1
9364	1
9365	1
9366	1
9367	1
9368	1
9369	1
9370	3
9371	2
9372	2
9373	2
9374	2
9375	2
9376	2
9377	2
9378	2
9379	1
9380	1
9381	1
9382	1
9383	1
9384	1
9385	1
9386	1
9387	1
9388	1
9389	1
9390	1
9391	1
9392	1
9393	1
9394	1
9395	1
9396	1
9397	1
9398	1
9399	1
9400	1
9401	1
9402	1
9403	1
9404	1
9405	1
9406	3
9407	2
9408	2
9409	2
9410	2
9411	2
9412	1
9413	1
9414	2
9415	2
9416	2
9417	2
9418	1
9419	1
9420	1
9421	1
9422	2
9423	2
9424	2
9425	2
9426	1
9427	1
9428	2
9429	2
9430	1
9431	1
9432	1
9433	1
9434	1
9435	1
9436	1
9437	1
9438	1
9439	1
9440	1
9441	1
9442	1
9443	1
9444	1
9445	1
9446	1
9447	1
9448	1
9449	1
9450	1
9451	2
9452	2
9453	2
9454	2
9455	1
9456	2
9457	2
9458	2
9459	2
9460	2
9461	1
9462	1
9463	1
9464	1
9465	1
9466	1
9467	1
9468	1
9469	1
9470	1
9471	1
9472	1
9473	1
9474	1
9475	1
9476	1
9477	1
9478	1
9479	1
9480	1
9481	1
9482	1
9483	1
9484	1
9485	1
9486	1
9487	1
9488	1
9489	1
9490	1
9491	1
9492	2
9493	2
9494	1
9495	1
9496	1
9497	1
9498	1
9499	1
9500	1
9501	1
9502	1
9503	1
9504	1
9505	1
9506	1
9507	1
9508	1
9509	1
9510	1
9511	1
9512	1
9513	1
9514	1
9515	1
9516	1
9517	1
9518	1
9519	1
9520	1
9521	1
9522	1
9523	2
9524	1
9525	1
9526	1
9527	1
9528	1
9529	1
9530	1
9531	1
9532	1
9533	1
9534	1
9535	2
9536	1
9537	1
9538	1
9539	1
9540	2
9541	1
9542	1
9543	1
9544	1
9545	1
9546	1
9547	1
9548	1
9549	1
9550	1
9551	1
9552	1
9553	1
9554	2
9555	2
9556	1
9557	1
9558	1
9559	1
9560	1
9561	1
9562	1
9563	1
9564	2
9565	2
9566	2
9567	2
9568	2
9569	2
9570	1
9571	1
9572	1
9573	1
9574	1
9575	1
9576	1
9577	1
9578	1
9579	1
9580	1
9581	1
9582	1
9583	1
9584	1
9585	1
9586	2
9587	2
9588	1
9589	1
9590	1
9591	1
9592	1
9593	1
9594	1
9595	1
9596	1
9597	1
9598	2
9599	2
9600	2
9601	1
9602	1
9603	1
9604	1
9605	1
9606	1
9607	1
9608	1
9609	1
9610	1
9611	1
9612	1
9613	1
9614	1
9615	1
9616	1
9617	1
9618	2
9619	2
9620	1
9621	1
9622	1
9623	2
9624	2
9625	2
9626	2
9627	1
9628	1
9629	1
9630	1
9631	2
9632	2
9633	2
9634	2
9635	2
9636	2
9637	2
9638	2
9639	2
9640	1
9641	1
9642	2
9643	2
9644	2
9645	2
9646	2
9647	1
9648	1
9649	1
9650	1
9651	1
9652	1
9653	1
9654	1
9655	2
9656	1
9657	1
9658	1
9659	1
9660	1
9661	2
9662	2
9663	2
9664	2
9665	2
9666	1
9667	1
9668	2
9669	2
9670	1
9671	1
9672	1
9673	1
9674	1
9675	1
9676	1
9677	1
9678	1
9679	1
9680	1
9681	1
9682	1
9683	1
9684	1
9685	2
9686	1
9687	1
9688	1
9689	1
9690	1
9691	1
9692	1
9693	1
9694	1
9695	1
9696	1
9697	1
9698	1
9699	1
9700	1
9701	1
9702	1
9703	1
9704	1
9705	1
9706	1
9707	1
9708	1
9709	1
9710	1
9711	1
9712	1
9713	2
9714	2
9715	2
9716	1
9717	2
9718	2
9719	1
9720	1
9721	1
9722	1
9723	1
9724	1
9725	1
9726	2
9727	2
9728	2
9729	3
9730	1
9731	1
9732	1
9733	1
9734	1
9735	1
9736	1
9737	1
9738	1
9739	1
9740	1
9741	1
9742	1
9743	1
9744	1
9745	1
9746	1
9747	1
9748	1
9749	1
9750	1
9751	1
9752	1
9753	3
9754	2
9755	1
9756	1
9757	1
9758	1
9759	1
9760	1
9761	2
9762	2
9763	2
9764	1
9765	1
9766	1
9767	1
9768	1
9769	1
9770	1
9771	1
9772	1
9773	1
9774	1
9775	1
9776	1
9777	1
9778	1
9779	1
9780	1
9781	1
9782	1
9783	1
9784	1
9785	2
9786	1
9787	1
9788	1
9789	1
9790	1
9791	1
9792	1
9793	1
9794	1
9795	1
9796	1
9797	1
9798	1
9799	1
9800	1
9801	1
9802	1
9803	1
9804	1
9805	1
9806	2
9807	1
9808	1
9809	1
9810	1
9811	1
9812	1
9813	1
9814	1
9815	1
9816	1
9817	1
9818	1
9819	1
9820	1
9821	1
9822	1
9823	1
9824	1
9825	1
9826	1
9827	1
9828	1
9829	1
9830	1
9831	1
9832	1
9833	1
9834	1
9835	1
9836	1
9837	1
9838	1
9839	1
9840	1
9841	1
9842	1
9843	1
9844	1
9845	1
9846	1
9847	1
9848	1
9849	1
9850	1
9851	1
9852	2
9853	2
9854	2
9855	1
9856	1
9857	1
9858	1
9859	1
9860	1
9861	1
9862	1
9863	1
9864	1
9865	1
9866	1
9867	1
9868	1
9869	1
9870	1
9871	1
9872	1
9873	1
9874	1
9875	1
9876	1
9877	1
9878	1
9879	1
9880	1
9881	1
9882	1
9883	1
9884	1
9885	1
9886	1
9887	1
9888	1
9889	1
9890	1
9891	1
9892	1
9893	1
9894	2
9895	2
9896	1
9897	1
9898	2
9899	2
9900	2
9901	1
9902	2
9903	2
9904	1
9905	1
9906	1
9907	1
9908	1
9909	1
9910	1
9911	1
9912	3
9913	1
9914	1
9915	1
9916	1
9917	1
9918	2
9919	2
9920	2
9921	2
9922	2
9923	2
9924	2
9925	2
9926	2
9927	2
9928	2
9929	2
9930	2
9931	2
9932	2
9933	2
9934	3
9935	1
9936	1
9937	1
9938	2
9939	2
9940	2
9941	2
9942	2
9943	2
9944	2
9945	2
9946	2
9947	2
9948	2
9949	2
9950	2
9951	2
9952	2
9953	2
9954	2
9955	1
9956	1
9957	1
9958	1
9959	1
9960	1
9961	1
9962	1
9963	1
9964	2
9965	2
9966	2
9967	2
9968	2
9969	1
9970	1
9971	1
9972	2
9973	2
9974	2
9975	2
9976	2
9977	1
9978	1
9979	1
9980	1
9981	2
9982	1
9983	1
9984	1
9985	1
9986	1
9987	1
9988	2
9989	1
9990	1
9991	1
9992	2
9993	2
9994	2
9995	2
9996	1
9997	1
9998	1
9999	2
10000	2
