/*--------------------------------*- C++ -*----------------------------------*\
| =========                 |                                                 |
| \\      /  F ield         | OpenFOAM: The Open Source CFD Toolbox           |
|  \\    /   O peration     | Version:  2112                                  |
|   \\  /    A nd           | Website:  www.openfoam.com                      |
|    \\/     M anipulation  |                                                 |
\*---------------------------------------------------------------------------*/
FoamFile
{
    version     2.0;
    format      ascii;
    arch        "LSB;label=32;scalar=64";
    class       regIOobject;
    location    "constant/polyMesh";
    object      faceZones;
    meta
    {
        names           1 ( originalCutFaceZone );
    }
}
// * * * * * * * * * * * * * * * * * * * * * * * * * * * * * * * * * * * * * //

1
(originalCutFaceZone
{
    type            faceZone;
    faceLabels      List<label> 
4801
(
1
721
1261
1801
2341
2881
3421
3961
4501
5041
5581
6121
6661
7201
7741
8281
8821
9361
9901
10441
10981
11521
12061
12601
13141
13681
14221
14761
15301
15841
16381
16921
17461
18001
18541
19081
19621
20161
20701
21241
21781
22321
22861
23401
23941
24481
25021
25561
26101
26641
27181
27721
28261
28801
29341
29881
30421
30961
31501
32041
32581
33121
33661
34201
34741
35281
35821
36361
36901
37441
37981
38521
39061
39601
40141
40681
41221
41761
42301
43021
43561
44101
44641
45181
45721
46261
46801
47341
47881
48421
48961
49501
50041
50581
51121
51661
52201
52741
53281
53821
54361
54901
55441
55981
56521
57061
57601
58141
58681
59221
59941
60481
61021
61561
62101
62641
63001
63721
64261
64801
65341
65881
66421
66961
67501
68041
68581
69121
69661
70201
70741
71281
71821
72361
72901
73441
73981
74521
75061
75601
76141
76681
77221
77761
78301
78841
79381
79921
80461
81001
81541
82081
82621
83161
83701
84241
84781
85501
86041
86581
87121
87661
88201
88741
89281
89821
90361
90901
91441
91981
92521
93061
93601
93961
94501
95041
95581
96121
96661
97201
97741
98281
98821
99361
99901
100441
100981
101521
102061
102601
103141
103681
104221
104761
105301
105841
106381
107101
107641
108181
108721
109261
109801
110341
110881
111421
111961
112501
113041
113581
114121
114661
115201
115741
116281
116821
117361
117901
118441
118981
119521
120061
120601
121141
121681
122221
122761
123301
123841
124381
124921
125461
126001
126541
127081
127801
128341
128881
129421
129961
130501
131041
131581
132121
132661
133201
133741
134281
134821
135361
135901
136441
136981
137521
138061
138601
139141
139681
140221
140761
141301
141841
142381
142921
143461
144001
144541
145081
145621
146161
146701
147241
147781
148321
148861
149401
149941
150481
151021
151561
152101
152641
153181
153721
154261
154801
155341
155881
156421
156961
157501
158041
158581
159121
159661
160201
160741
161281
161821
162361
162901
163441
163981
164521
165061
165601
166141
166681
167221
167761
168301
168841
169381
170281
170821
171721
172261
172801
173701
174241
174961
175501
176221
176761
177301
178021
178561
179281
179821
180361
180901
181441
181981
182701
183241
183781
184501
185041
185581
186121
186661
187201
187741
188281
188821
189361
189901
190621
191161
191881
192421
192961
193501
194041
194581
195301
195841
196561
197101
197641
198181
198721
199261
199801
200341
200881
201421
201961
202501
203041
203581
204121
204661
205201
205741
206281
206821
207541
208081
208621
209161
209881
210421
210961
211501
212041
212581
213121
213661
214201
214741
215281
215821
216541
217081
217621
218161
218881
219421
219961
220501
221041
221581
222121
222661
223201
223741
224281
224821
225361
225901
226441
226981
227521
228061
228601
229141
229681
230221
230761
231301
231841
232381
232921
233461
234001
234541
235081
235621
236161
236701
237241
237781
238321
238861
239401
239941
240481
241021
241741
242281
243001
243541
244081
244621
245161
245881
246421
247141
247681
248221
248761
249301
249841
250381
250921
251461
252001
252541
253081
253621
254161
254701
255241
255781
256321
256861
257401
257941
258661
259201
259921
260461
261001
261541
262081
262621
263161
263701
264241
264781
265321
265861
266401
266941
267481
268021
268561
269101
269641
270181
270721
271261
271801
272341
272881
273421
273961
274501
275041
275581
276121
276661
277201
277741
278281
278821
279361
279901
280441
280981
281521
282061
282601
283141
283681
284221
284761
285301
285841
286381
286921
287461
288001
288541
289081
289621
290161
290701
291241
291781
292321
292861
293401
293941
294481
295021
295561
296101
296641
297181
297721
298261
298801
299341
299881
300421
300961
301501
302041
302581
303121
303661
304201
304741
305281
305821
306361
306901
307441
307981
308521
309421
309961
310681
311221
311941
312481
313021
313741
314281
315001
315541
316081
316621
317161
317701
318421
318961
319501
320041
320761
321301
321841
322381
322921
323461
324001
324541
325081
325621
326161
326701
327421
327961
328681
329221
329761
330301
330841
331381
332101
332641
333361
333901
334441
334981
335521
336061
336601
337141
337681
338221
338761
339301
339841
340381
340921
341461
342001
342541
343081
343621
344161
344701
345421
345961
346501
347041
347761
348301
348841
349381
349921
350461
351001
351541
352081
352621
353161
353701
354421
354961
355501
356041
356761
357301
357841
358381
358921
359461
360001
360541
361081
361621
362161
362701
363241
363781
364321
364861
365401
365941
366481
367021
367561
368101
368641
369181
369721
370261
370801
371341
371881
372421
372961
373501
374041
374581
375121
375661
376201
376741
377281
377821
378541
379081
379801
380341
380881
381421
381961
382501
383221
383761
384481
385021
385561
386101
386641
387181
387721
388261
388801
389341
389881
390421
390961
391501
392041
392581
393121
393661
394201
394741
395281
395821
396541
397081
397801
398341
398881
399421
399961
400501
401221
401761
402481
403021
403561
404101
404641
405181
405721
406261
406801
407341
407881
408421
408961
409501
410041
410581
411121
411661
412201
412741
413281
413821
414361
414901
415441
415981
416521
417061
417601
418141
418681
419221
419761
420301
420841
421381
421921
422461
423001
423541
424081
424621
425161
425701
426241
426781
427321
427861
428401
428941
429481
430021
430561
431101
431641
432181
432721
433261
433801
434341
434881
435421
435961
436501
437041
437581
438121
438661
439201
439741
440281
440821
441361
441901
442441
442981
443521
444061
444601
445141
445681
446221
446941
447481
448021
448561
449281
449821
450361
450901
451441
451981
452521
453061
453601
454141
454681
455221
455941
456481
457021
457561
458281
458821
459361
459901
460441
460981
461521
462061
462601
463141
463681
464221
464761
465301
465841
466381
466921
467461
468001
468541
469081
469621
470161
470701
471241
471781
472321
472861
473401
473941
474481
475021
475561
476101
476641
477181
477721
478261
478801
479341
479881
480421
480961
481501
482221
482761
483301
483841
484561
485101
485641
486181
486721
487261
487801
488341
488881
489421
489961
490501
490861
491401
491761
492121
492661
493201
493741
494281
494821
495361
495901
496441
496981
497521
498061
498601
499141
499681
500221
500761
501121
501481
502021
502381
502741
503281
503821
504361
504901
505441
505981
506521
507061
507601
508141
508681
509221
509761
510301
510841
511381
511921
512461
513001
513541
514081
514621
515161
515701
516241
516781
517321
517861
518401
518941
519481
520021
520561
521101
521641
522181
522721
523261
523801
524341
524881
525421
525961
526501
527041
527581
528121
528661
529201
529741
530281
530821
531361
531901
532441
532981
533521
534061
534601
535141
535681
536221
536761
537301
537841
538381
538921
539461
540001
540541
541081
541621
542161
542701
543241
543781
544321
544861
545401
545761
546121
546661
547021
547381
547921
548461
549001
549541
550081
550621
551161
551701
552241
552781
553321
553861
554401
554941
555481
556021
556381
556741
557281
557641
558001
558541
559081
559621
560161
560701
561241
561781
562321
562861
563401
563941
564481
565021
565561
566101
566641
567181
567721
568261
568801
569341
569881
570421
570961
571501
572041
572581
573121
573661
574201
574741
575281
575821
576361
576901
577441
577981
578521
579061
579601
580141
580681
581221
581761
582301
582841
583381
583921
584461
585001
585541
586081
586621
587161
587701
588241
588781
589321
589861
590401
590941
591481
592021
592561
593101
593641
594181
594721
595261
595801
596341
596881
597421
597961
598501
599041
599581
600121
600661
601201
601741
602281
602821
603361
603901
604441
604981
605521
606061
606601
607141
607681
608221
608761
609301
609841
610381
610921
611461
612001
612541
613081
613621
614161
614701
615241
615781
616321
616861
617401
617941
618481
619021
619561
620101
620641
621181
621721
622261
622801
623341
623881
624421
624961
625501
626041
626581
627121
627661
628201
628741
629281
629821
630361
630901
631441
631981
632521
633061
633601
634141
634681
635221
635761
636301
636841
637381
637921
638461
639001
639541
640081
640621
641161
641701
642241
642781
643321
643861
644401
644941
645481
646021
646561
647101
647641
648181
648721
649261
649801
650341
650881
651421
651961
652501
653041
653581
654121
654661
655201
655741
656281
656821
657361
657901
658441
658981
659521
660061
660601
661141
661681
662221
662761
663301
663841
664381
664921
665461
666001
666541
667081
667621
668161
668701
669241
669781
670321
670861
671401
671941
672481
673021
673561
674101
674641
675181
675721
676261
676801
677341
677881
678421
678961
679501
680041
680581
681121
681661
682201
682741
683281
683821
684361
684901
685441
685981
686521
687061
687601
688141
688681
689221
689761
690301
690841
691381
691921
692461
693001
693541
694081
694621
695161
695701
696241
696781
697321
697861
698401
698941
699481
700021
700561
701101
701641
702181
702721
703261
703801
704341
704881
705421
705961
706501
707041
707581
708121
708661
709201
709741
710281
710821
711361
711901
712441
712981
713521
714061
714601
715141
715681
716221
716761
717301
717841
718381
718921
719461
720001
720541
721081
721621
722161
722701
723241
723781
724321
724861
725401
725941
726481
727021
727561
728101
728641
729181
729721
730261
730801
731341
731881
732421
732961
733501
734041
734401
734761
735301
735661
736021
736561
737101
737641
738181
738721
739261
739801
740341
740881
741421
741961
742501
743041
743581
744121
744661
745201
745561
745921
746461
746821
747181
747721
748261
748801
749341
749881
750421
750961
751501
752041
752581
753121
753661
754201
754741
755281
755821
756361
756901
757441
757981
758521
759061
759601
760141
760681
761221
761761
762301
762841
763381
763921
764461
765001
765541
766081
766621
767161
767701
768241
768781
769321
769861
770401
770941
771481
772021
772561
773101
773641
774181
774721
775261
775801
776341
776881
777421
777961
778501
779041
779581
780121
780661
781201
781741
782281
782821
783361
783901
784441
784981
785521
786061
786601
787141
787681
788221
788761
789301
789841
790381
790921
791281
791641
792181
792541
792901
793441
793981
794521
795061
795601
796141
796681
797221
797761
798301
798841
799381
799921
800461
801001
801541
802081
802441
802801
803341
803701
804061
804601
805501
806041
806761
807301
808021
808561
809101
809641
810361
810901
811621
812161
812701
813241
813781
814321
815041
815581
816121
816661
817381
817921
818461
819001
819541
820081
820621
821161
821701
822241
822781
823321
824041
824581
825301
825841
826381
826921
827461
828001
828541
828901
829441
829981
830521
831061
831601
832141
832681
833221
833761
834121
834481
835021
835741
836281
836821
837361
838081
838621
839161
839701
840241
840781
841321
841861
842401
842941
843481
844021
844561
845101
845641
846181
846721
847261
847801
848341
848881
849421
849961
850501
851041
851581
852121
852661
853201
853741
854281
854821
855361
855901
856441
856981
857341
857701
858241
858781
859321
859861
860401
860941
861481
862021
862561
862921
863281
863821
864361
864901
865441
865981
866521
867061
867601
868141
868681
869221
869761
870301
870841
871381
871921
872461
873001
873541
874081
874621
875161
875701
876241
876781
877321
877861
878401
878941
879481
880021
880561
881101
881641
882181
882721
883261
883801
884341
884881
885421
885781
886141
886681
887221
887761
888301
888841
889381
889921
890461
891001
891361
891721
892261
892801
893341
893881
894421
894961
895501
896041
896581
897121
897661
898201
898741
899281
899821
900361
900901
901441
901981
902521
903061
903601
904141
904681
905221
905761
906301
906841
907381
907921
908461
909001
909541
910081
910621
911161
911701
912241
912781
913321
913861
914221
914581
915121
915661
916201
916741
917281
917821
918361
918901
919441
919801
920161
920701
921241
921781
922321
922861
923401
923941
924481
925021
925561
926101
926641
927181
927721
928261
928801
929341
929881
930421
930961
931501
932041
932581
933121
933661
934201
934741
935281
935821
936361
936901
937441
937981
938521
939061
939601
940141
940681
941221
941761
942301
942661
943021
943561
944101
944641
945181
945721
946261
946801
947341
947881
948241
948601
949141
949681
950221
950761
951301
951841
952381
952921
953461
954001
954541
955081
955621
956161
956701
957241
957781
958321
958861
959401
959941
960481
961021
961561
962101
962641
963181
963721
964261
964801
965341
965881
966421
966961
967501
968041
968581
969121
969661
970201
970741
971101
971461
972001
972541
973081
973621
974161
974701
975241
975781
976321
976681
977041
977581
978121
978661
979201
979741
980281
980821
981361
981901
982441
982981
983521
984061
984601
985141
985681
986221
986761
987301
987841
988381
988921
989461
990001
990541
991081
991621
992161
992701
993241
993781
994321
994861
995401
995941
996481
997021
997561
998101
998641
999181
999541
999901
1000441
1000981
1001521
1002061
1002601
1003141
1003681
1004221
1004761
1005121
1005481
1006021
1006561
1007101
1007641
1008181
1008721
1009261
1009801
1010341
1010881
1011421
1011961
1012501
1013041
1013581
1014121
1014661
1015021
1015381
1015921
1016281
1016641
1017181
1017721
1018261
1018801
1019341
1019881
1020421
1020961
1021501
1021861
1022221
1022761
1023121
1023481
1023661
1024201
1024741
1025281
1025821
1026361
1026901
1027441
1027981
1028521
1029061
1029601
1030141
1030681
1031221
1031761
1032301
1032841
1033381
1033921
1034461
1035001
1035541
1036081
1036621
1037161
1037701
1038241
1038781
1039321
1039861
1040401
1040941
1041481
1042021
1042561
1043101
1043641
1044181
1044721
1045261
1045801
1046341
1046881
1047421
1047961
1048501
1049041
1049581
1050121
1050661
1051201
1051741
1052281
1052821
1053361
1053901
1054441
1054981
1055521
1056061
1056601
1057141
1057681
1058221
1058761
1059301
1059841
1060381
1060921
1061461
1062001
1062541
1063081
1063621
1064161
1064701
1065241
1065781
1066321
1066861
1067401
1067941
1068481
1069021
1069561
1070101
1070641
1071181
1071721
1072261
1072801
1073341
1073881
1074421
1074961
1075501
1076041
1076581
1077121
1077661
1078201
1078741
1079281
1079821
1080361
1080901
1081441
1081981
1082521
1083061
1083601
1084141
1084681
1085221
1085761
1086301
1086841
1087381
1087921
1088461
1089001
1089541
1090081
1090621
1091161
1091701
1092241
1092781
1093321
1093861
1094401
1094941
1095481
1096021
1096561
1097101
1097641
1098181
1098721
1099261
1099801
1100341
1100881
1101421
1101961
1102501
1103041
1103581
1104121
1104661
1105201
1105741
1106281
1106821
1107361
1107901
1108441
1108981
1109521
1110061
1110601
1111141
1111681
1112221
1112761
1113301
1113841
1114381
1114921
1115461
1116001
1116541
1117081
1117621
1118161
1118701
1119241
1119781
1120321
1120861
1121401
1121941
1122481
1123021
1123561
1124101
1124641
1125181
1125721
1126261
1126801
1127341
1127881
1128421
1128961
1129501
1130041
1130581
1131121
1131661
1132201
1132741
1133281
1133821
1134361
1134901
1135441
1135981
1136521
1137061
1137601
1138141
1138681
1139221
1139761
1140301
1140841
1141381
1141921
1142461
1143001
1143541
1144081
1144621
1145161
1145701
1146241
1146781
1147321
1147861
1148401
1148941
1149481
1150021
1150561
1151101
1151641
1152181
1152721
1153261
1153801
1154341
1154881
1155421
1155961
1156501
1157041
1157581
1158121
1158661
1159201
1159741
1160281
1160821
1161361
1161901
1162441
1162981
1163521
1164061
1164601
1165141
1165681
1166221
1166761
1167301
1167841
1168381
1168921
1169461
1170001
1170541
1171081
1171621
1172161
1172701
1173241
1173781
1174321
1174861
1175401
1175941
1176481
1177021
1177561
1178101
1178641
1179181
1179721
1180261
1180801
1181341
1181881
1182421
1182961
1183501
1184041
1184581
1185121
1185661
1186201
1186741
1187281
1187821
1188361
1188901
1189441
1189981
1190521
1191061
1191601
1192141
1192681
1193221
1193761
1194301
1194841
1195381
1195921
1196461
1197001
1197541
1198081
1198621
1199161
1199701
1200241
1200781
1201321
1201861
1202401
1202941
1203481
1204021
1204561
1205101
1205641
1206181
1206721
1207261
1207801
1208341
1208881
1209421
1209961
1210501
1211041
1211581
1212121
1212661
1213201
1213741
1214281
1214821
1215361
1215901
1216441
1216981
1217521
1218061
1218601
1219141
1219681
1220221
1220761
1221301
1221841
1222381
1222921
1223461
1224001
1224541
1225081
1225621
1226161
1226701
1227241
1227781
1228321
1228861
1229401
1229941
1230481
1231021
1231561
1232101
1232641
1233181
1233721
1234261
1234801
1235341
1235881
1236421
1236961
1237501
1238041
1238581
1239121
1239661
1240201
1240741
1241281
1241821
1242361
1242901
1243441
1243981
1244521
1245061
1245601
1246141
1246681
1247221
1247761
1248301
1248841
1249381
1249921
1250461
1251001
1251541
1252081
1252621
1253161
1253701
1254241
1254781
1255321
1255861
1256401
1256941
1257481
1258021
1258561
1259101
1259641
1260181
1260721
1261261
1261801
1262341
1262881
1263421
1263961
1264501
1265041
1265581
1266121
1266841
1267381
1268101
1268641
1269181
1269721
1270261
1270801
1271521
1272061
1272781
1273321
1273861
1274401
1274941
1275481
1276021
1276561
1277101
1277641
1278181
1278721
1279261
1279801
1280341
1280881
1281421
1281961
1282501
1283041
1283581
1284121
1284841
1285381
1286101
1286641
1287181
1287721
1288261
1288801
1289521
1290061
1290781
1291321
1291861
1292401
1292941
1293481
1294021
1294561
1295101
1295641
1296181
1296721
1297261
1297801
1298341
1298881
1299421
1299961
1300501
1301041
1301581
1302121
1302661
1303201
1303741
1304281
1304821
1305361
1305901
1306441
1306981
1307521
1308061
1308601
1309141
1309681
1310221
1310761
1311301
1311841
1312381
1312921
1313461
1314001
1314541
1315081
1315621
1316161
1316701
1317241
1317781
1318321
1318861
1319401
1319941
1320481
1321021
1321561
1322101
1322641
1323181
1323721
1324261
1324801
1325341
1325881
1326421
1326961
1327501
1328041
1328581
1329121
1329661
1330201
1330741
1331281
1331821
1332361
1332901
1333441
1333981
1334521
1335061
1335601
1336141
1336681
1337401
1337941
1338661
1339201
1339741
1340281
1340821
1341361
1342081
1342621
1343341
1343881
1344421
1344961
1345501
1346041
1346581
1347121
1347661
1348201
1348741
1349281
1349821
1350361
1350901
1351441
1351981
1352521
1353061
1353601
1354141
1354681
1355401
1355941
1356661
1357201
1357741
1358281
1358821
1359361
1360081
1360621
1361341
1361881
1362421
1362961
1363501
1364041
1364581
1365121
1365661
1366201
1366741
1367281
1367821
1368361
1368901
1369441
1369981
1370521
1371061
1371601
1372141
1372681
1373221
1373761
1374301
1374841
1375381
1375921
1376461
1377001
1377541
1378081
1378621
1379161
1379701
1380241
1380781
1381321
1381861
1382401
1382941
1383481
1384021
1384561
1385101
1385641
1386181
1386721
1387261
1387801
1388341
1388881
1389421
1389961
1390501
1391041
1391581
1392121
1392661
1393201
1393741
1394281
1394821
1395361
1395901
1396441
1396981
1397521
1398061
1398601
1399141
1399681
1400221
1400761
1401301
1401841
1402381
1402921
1403461
1404001
1404541
1405081
1405621
1406161
1406701
1407241
1407781
1408321
1408861
1409401
1409941
1410481
1411021
1411561
1412101
1412641
1413181
1413721
1414261
1414801
1415341
1415881
1416421
1416961
1417501
1418041
1418581
1419121
1419661
1420201
1420741
1421281
1421821
1422361
1422901
1423441
1423981
1424521
1425061
1425601
1426141
1426681
1427221
1427761
1428301
1428841
1429381
1429921
1430461
1431001
1431541
1432081
1432621
1433161
1433701
1434241
1434781
1435321
1435861
1436401
1436941
1437481
1438021
1438561
1439101
1439641
1440181
1440721
1441261
1441801
1442341
1442881
1443421
1443961
1444501
1445041
1445581
1446121
1446661
1447201
1447741
1448281
1448821
1449361
1449901
1450441
1450981
1451521
1452061
1452601
1453141
1453681
1454221
1454761
1455301
1455841
1456381
1456921
1457461
1458001
1458541
1459081
1459621
1460161
1460701
1461241
1461781
1462321
1462861
1463401
1463941
1464481
1465021
1465561
1466101
1466641
1467181
1467721
1468261
1468801
1469341
1469881
1470421
1470961
1471501
1472041
1472581
1473121
1473661
1474201
1474741
1475281
1475821
1476361
1476901
1477441
1477981
1478521
1479061
1479601
1480141
1480681
1481221
1481761
1482301
1482841
1483381
1483921
1484461
1485001
1485541
1485901
1486441
1486801
1487341
1487881
1488421
1488961
1489501
1489861
1490401
1490761
1491301
1491841
1492381
1492921
1493461
1494001
1494541
1495081
1495621
1496161
1496701
1497241
1497781
1498321
1498861
1499401
1499941
1500481
1501021
1501561
1502101
1502461
1503001
1503361
1503901
1504441
1504981
1505521
1506061
1506421
1506961
1507321
1507861
1508401
1508941
1509481
1510021
1510561
1511101
1511641
1512181
1512721
1513261
1513801
1514341
1514881
1515421
1515961
1516501
1517041
1517581
1518121
1518661
1519201
1519741
1520281
1520821
1521361
1521901
1522441
1522981
1523521
1524061
1524601
1525141
1525681
1526221
1526761
1527301
1527841
1528381
1528921
1529461
1530001
1530541
1531081
1531621
1532161
1532701
1533241
1533781
1534321
1534861
1535401
1535941
1536481
1537021
1537561
1538101
1538641
1539181
1539721
1540261
1540801
1541341
1541881
1542421
1542961
1543501
1544041
1544761
1545301
1546021
1546561
1547101
1547641
1548181
1548721
1549441
1549981
1550701
1551241
1551781
1552321
1552861
1553401
1553941
1554301
1554841
1555201
1555741
1556281
1556821
1557361
1557901
1558261
1558801
1559161
1559701
1560241
1560781
1561321
1562041
1562581
1563301
1563841
1564381
1564921
1565461
1566001
1566721
1567261
1567981
1568521
1569061
1569601
1570141
1570681
1571221
1571581
1572121
1572481
1573021
1573561
1574101
1574641
1575181
1575541
1576081
1576441
1576981
1577521
1578061
1578601
1579141
1579681
1580221
1580761
1581301
1581841
1582381
1582921
1583461
1584001
1584541
1585081
1585621
1586161
1586701
1587241
1587781
1588321
1588861
1589401
1589941
1590481
1591021
1591561
1592101
1592641
1593181
1593721
1594261
1594801
1595341
1595881
1596421
1596961
1597501
1598041
1598581
1599121
1599661
1600201
1600741
1601281
1601821
1602361
1602901
1603441
1603981
1604521
1605061
1605601
1606141
1606681
1607221
1607761
1608301
1608841
1609381
1609921
1610461
1611001
1611541
1612081
1612621
1613161
1613881
1614421
1615141
1615681
1616221
1616761
1617301
1617841
1618561
1619101
1619821
1620361
1620901
1621441
1621981
1622521
1623061
1623601
1624141
1624681
1625221
1625761
1626301
1626841
1627381
1627921
1628461
1629001
1629541
1630081
1630621
1631161
1631881
1632421
1633141
1633681
1634221
1634761
1635301
1635841
1636381
1636741
1637281
1637821
1638361
1638901
1639441
1639981
1640521
1641061
1641601
1641961
1642321
1642861
1643401
1643941
1644481
1645021
1645561
1646101
1646641
1647181
1647721
1648261
1648801
1649341
1649881
1650421
1650961
1651501
1652041
1652581
1653121
1653661
1654201
1654741
1655281
1655821
1656361
1656901
1657441
1657981
1658521
1659061
1659601
1660141
1660681
1661221
1661761
1662301
1662841
1663381
1663921
1664461
1664821
1665181
1665721
1666261
1666801
1667341
1667881
1668421
1668961
1669501
1670041
1670401
1670761
1671121
1671661
1672201
1672741
1673101
1673641
1674181
1674721
1675261
1675801
1676341
1676881
1677421
1677961
1678501
1679041
1679401
1679941
1680481
1681021
1681381
1681921
1682461
1683001
1683541
1684081
1684621
1685161
1685701
1686241
1686781
1687321
1687861
1688401
1688941
1689481
1690021
1690561
1691101
1691641
1692181
1692721
1693261
1693801
1694341
1694881
1695421
1695961
1696501
1697041
1697581
1698121
1698661
1699201
1699741
1700281
1700821
1701361
1701901
1702441
1702981
1703521
1704061
1704601
1704961
1705501
1706041
1706581
1706941
1707481
1708021
1708561
1709101
1709641
1710181
1710721
1711261
1711801
1712341
1712881
1713241
1713781
1714321
1714861
1715221
1715761
1716301
1716841
1717381
1717921
1718461
1719001
1719541
1720081
1720621
1721161
1721701
1722241
1722781
1723321
1723861
1724401
1724941
1725481
1726021
1726561
1727101
1727641
1728181
1728721
1729261
1729801
1730341
1730881
1731421
1731961
1732501
1733041
1733581
1734121
1734661
1735201
1735741
1736281
1736821
1737361
1737901
1738441
1738981
1739521
1740061
1740601
1741141
1741681
1742221
1742761
1743301
1743841
1744381
1744921
1745461
1746001
1746541
1747081
1747621
1748161
1748701
1749241
1749781
1750321
1750861
1751401
1751941
1752481
1753021
1753561
1754101
1754641
1755181
1755721
1756261
1756801
1757341
1757881
1758421
1758961
1759501
1760041
1760581
1760941
1761301
1761661
1762201
1762561
1763101
1763641
1764181
1764721
1765261
1765621
1765981
1766341
1766701
1767241
1767781
1768321
1768861
1769401
1769941
1770481
1771021
1771561
1772101
1772641
1773181
1773721
1774261
1774801
1775341
1775881
1776421
1776961
1777501
1778041
1778401
1778941
1779301
1779841
1780381
1780921
1781461
1782001
1782361
1782901
1783261
1783801
1784341
1784881
1785421
1785961
1786501
1787041
1787581
1787941
1788301
1788841
1789381
1789921
1790461
1791001
1791541
1792081
1792621
1793161
1793521
1793881
1794421
1794961
1795501
1796041
1796581
1797121
1797661
1798201
1798741
1799281
1799821
1800361
1800901
1801441
1801981
1802521
1803061
1803601
1804141
1804681
1805221
1805761
1806301
1806841
1807201
1807741
1808281
1808821
1809181
1809721
1810261
1810801
1811341
1811881
1812421
1812961
1813501
1814041
1814581
1815121
1815481
1816021
1816561
1817101
1817461
1818001
1818541
1819081
1819621
1820161
1820701
1821241
1821781
1822321
1822861
1823401
1823941
1824481
1825021
1825561
1826101
1826641
1827181
1827721
1828261
1828801
1829161
1829701
1830061
1830601
1831141
1831681
1832221
1832761
1833121
1833661
1834021
1834561
1835101
1835641
1836181
1836721
1837261
1837801
1838341
1838881
1839421
1839961
1840321
1840861
1841401
1841941
1842301
1842841
1843381
1843921
1844461
1845001
1845361
1845901
1846261
1846801
1847341
1847881
1848061
1848601
1849141
1849321
1849861
1850401
1850941
1851481
1852021
1852561
1853101
1853641
1854181
1854721
1855261
1855801
1856341
1856881
1857421
1857961
1858501
1859041
1859581
1860121
1860661
1861201
1861741
1862281
1862821
1863361
1863901
1864441
1864981
1865521
1866061
1866601
1867141
1867681
1868221
1868761
1869301
1869841
1870381
1870921
1871461
1872001
1872541
1873081
1873621
1874161
1874701
1875241
1875781
1876321
1876861
1877401
1877941
1878481
1879021
1879561
1880101
1880641
1881181
1881721
1882261
1882801
1883341
1883881
1884421
1884961
1885501
1886041
1886581
1887121
1887661
1888201
1888741
1889281
1889821
1890361
1890901
1891441
1891981
1892521
1893061
1893601
1894141
1894681
1895221
1895761
1896301
1896841
1897381
1897921
1898461
1899001
1899541
1900081
1900621
1901161
1901701
1902241
1902781
1903321
1903861
1904401
1904941
1905481
1906021
1906561
1907101
1907641
1908181
1908721
1909261
1909801
1910341
1910881
1911421
1911961
1912501
1913041
1913581
1914121
1914661
1915201
1915741
1916281
1916821
1917361
1917901
1918441
1918981
1919521
1920061
1920601
1921141
1921681
1922221
1922761
1923301
1923841
1924381
1924921
1925461
1926001
1926541
1927081
1927621
1928161
1928701
1929241
1929781
1930321
1930861
1931401
1931941
1932481
1933021
1933561
1934101
1934641
1935181
1935721
1936261
1936801
1937341
1937881
1938421
1938961
1939501
1940041
1940581
1941121
1941661
1942201
1942741
1943281
1943821
1944361
1944901
1945441
1945981
1946521
1947061
1947601
1948141
1948681
1949221
1949761
1950301
1950841
1951381
1951921
1952461
1953001
1953541
1954081
1954621
1955161
1955701
1956241
1956781
1957321
1957861
1958401
1958941
1959481
1960021
1960561
1961101
1961641
1962181
1962721
1963261
1963801
1964341
1964881
1965421
1965961
1966501
1967041
1967581
1968121
1968661
1969201
1969741
1970281
1970821
1971361
1971901
1972441
1972981
1973521
1974061
1974601
1975141
1975681
1976221
1976761
1977301
1977841
1978381
1978921
1979461
1980001
1980541
1981081
1981621
1982161
1982701
1983241
1983781
1984321
1984861
1985401
1985941
1986481
1987021
1987561
1988101
1988641
1989181
1989721
1990261
1990801
1991341
1991881
1992421
1992961
1993501
1994041
1994581
1995121
1995661
1996201
1996741
1997281
1997821
1998361
1998901
1999441
1999981
2000521
2001061
2001601
2002141
2002681
2003221
2003761
2004301
2004841
2005381
2005921
2006461
2007001
2007541
2008081
2008621
2009161
2009701
2010241
2010781
2011321
2011861
2012401
2012941
2013481
2014021
2014561
2015101
2015641
2016181
2016721
2017261
2017801
2018341
2018881
2019421
2019961
2020501
2021041
2021581
2022121
2022661
2023201
2023741
2024281
2024821
2025361
2025901
2026441
2026981
2027521
2028061
2028601
2029141
2029681
2030221
2030761
2031301
2031841
2032381
2032921
2033461
2034001
2034541
2035081
2035621
2036161
2036701
2037241
2037781
2038321
2038861
2039401
2039941
2040481
2041021
2041561
2042101
2042641
2043181
2043721
2044261
2044801
2045341
2045881
2046421
2046961
2047501
2048041
2048581
2049121
2049661
2050201
2050741
2051281
2051821
2052361
2052901
2053441
2053981
2054521
2055061
2055601
2056141
2056681
2057221
2057761
2058301
2058841
2059381
2059921
2060461
2061001
2061541
2062081
2062621
2063161
2063701
2064241
2064781
2065321
2065861
2066401
2066941
2067481
2068021
2068561
2069101
2069641
2070181
2070721
2071261
2071801
2072341
2072881
2073421
2073961
2074501
2075041
2075581
2076121
2076661
2077201
2077741
2078281
2078821
2079361
2079901
2080441
2080981
2081521
2082061
2082601
2083141
2083681
2084221
2084761
2085301
2085841
2086381
2086921
2087461
2088001
2088541
2089081
2089621
2090161
2090701
2091241
2091781
2092321
2092861
2093401
2093941
2094481
2095021
2095561
2096101
2096641
2097181
2097721
2098261
2098801
2099341
2099881
2100421
2100961
2101501
2102041
2102581
2103121
2103661
2104201
2104741
2105281
2105821
2106361
2106901
2107441
2107981
2108521
2109061
2109601
2110141
2110681
2111221
2111761
2112301
2112841
2113381
2113921
2114461
2115001
2115541
2116081
2116621
2117161
2117701
2118061
2118601
2119141
2119681
2120221
2120761
2121301
2121841
2122381
2122921
2123281
2123821
2124361
2124721
2125261
2125801
2126341
2126881
2127421
2127961
2128501
2129041
2129581
2130121
2130661
2131201
2131741
2132281
2132821
2133361
2133901
2134441
2134981
2135521
2136061
2136421
2136961
2137321
2137861
2138401
2138941
2139481
2140021
2140381
2140921
2141281
2141821
2142361
2142901
2143441
2143981
2144521
2145061
2145601
2145961
2146321
2146681
2147221
2147761
2148121
2148661
2149201
2149741
2150281
2150641
2151001
2151361
2151901
2152261
2152801
2153161
2153701
2154241
2154421
2154961
2155501
2156041
2156581
2157121
2157661
2158201
2158741
2159281
2159821
2160361
2160901
2161441
2161981
2162521
2163061
2163601
2164141
2164681
2165221
2165761
2166301
2166841
2167381
2167921
2168461
2169001
2169541
2170081
2170621
2171161
2171701
2172061
2172421
2172961
2173501
2174041
2174581
2175121
2175661
2176201
2176741
2177281
2177641
2178001
2178541
2179081
2179621
2180161
2180701
2181241
2181781
2182321
2182861
2183401
2183941
2184481
2185021
2185561
2186101
2186641
2187181
2187721
2188261
2188801
2189341
2189881
2190421
2190961
2191501
2192041
2192581
2193121
2193661
2194201
2194741
2195281
2195821
2196361
2196901
2197441
2197981
2198521
2199061
2199601
2200141
2200681
2201221
2201761
2202301
2202841
2203381
2203921
2204461
2205001
2205541
2206081
2206621
2207161
2207701
2208241
2208781
2209321
2209861
2210401
2210941
2211481
2212021
2212561
2213101
2213641
2214181
2214721
2215261
2215801
2216341
2216881
2217421
2217961
2218501
2219041
2219581
2220121
2220661
2221201
2221741
2222281
2222821
2223361
2223901
2224441
2224981
2225521
2226061
2226601
2227141
2227681
2228221
2228761
2229301
2229841
2230381
2230921
2231461
2232001
2232541
2233081
2233621
2234161
2234701
2235241
2235781
2236321
2236861
2237401
2237941
2238481
2239021
2239561
2240101
2240641
2241181
2241721
2242261
2242801
2243341
2243881
2244421
2244961
2245501
2246041
2246581
2247121
2247661
2248201
2248741
2249281
2249821
2250361
2250901
2251441
2251981
2252521
2253061
2253601
2254141
2254681
2255221
2255761
2256301
2256841
2257381
2257921
2258461
2259001
2259541
2260081
2260621
2261161
2261701
2262241
2262781
2263321
2263861
2264401
2264941
2265481
2266021
2266561
2267101
2267641
2268181
2268721
2269261
2269621
2269981
2270521
2271061
2271601
2272141
2272681
2273221
2273761
2274301
2274841
2275201
2275561
2276101
2276641
2277181
2277721
2278261
2278801
2279341
2279881
2280421
2280961
2281501
2282041
2282581
2283121
2283661
2284201
2284741
2285281
2285821
2286361
2286901
2287441
2287981
2288521
2289061
2289601
2290141
2290681
2291221
2291761
2292301
2292841
2293381
2293921
2294461
2295001
2295541
2296081
2296621
2297161
2297701
2298061
2298421
2298961
2299501
2300041
2300581
2301121
2301661
2302201
2302741
2303281
2303641
2304001
2304541
2305081
2305621
2306161
2306701
2307241
2307781
2308321
2308861
2309401
2309941
2310481
2311021
2311561
2312101
2312641
2313181
2313721
2314261
2314801
2315341
2315881
2316421
2316961
2317501
2318041
2318581
2319121
2319661
2320201
2320741
2321281
2321821
2322361
2322901
2323441
2323981
2324521
2325061
2325601
2326141
2326681
2327221
2327761
2328301
2328841
2329381
2329921
2330461
2331001
2331541
2332081
2332621
2333161
2333701
2334241
2334781
2335321
2335861
2336401
2336941
2337481
2338021
2338561
2339101
2339641
2340001
2340541
2340901
2341261
2341621
2342161
2342521
2343061
2343601
2343961
2344501
2344861
2345401
2345941
2346481
2347021
2347561
2348101
2348641
2349181
2349721
2350261
2350801
2351161
2351701
2352061
2352421
2352961
2353321
2353861
2354401
2354941
2355481
2356021
2356561
2356921
2357461
2357821
2358361
2358901
2359441
2359981
2360521
2360881
2361421
2361781
2362321
2362861
2363401
2363941
2364481
2365021
2365561
2366101
2366641
2367181
2367721
2368261
2368801
2369341
2369881
2370421
2370961
2371501
2372041
2372581
2373121
2373661
2374201
2374741
2375281
2375821
2376361
2376901
2377441
2377981
2378521
2379061
2379601
2380141
2380681
2381221
2381761
2382301
2382841
2383381
2383921
2384461
2385001
2385361
2385901
2386441
2386981
2387341
2387881
2388421
2388961
2389501
2390041
2390581
2391121
2391661
2392201
2392741
2393281
2393641
2394181
2394721
2395261
2395621
2395981
2396341
2396701
2397241
2397601
2398141
2398681
2399221
2399761
2400301
2400841
2401381
2401921
2402461
2403001
2403541
2404081
2404621
2405161
2405701
2406241
2406601
2407141
2407501
2407861
2408221
2408581
2408941
2409481
2410021
2410561
2411101
2411641
2412001
2412541
2412901
2413441
2413981
2414521
2415061
2415601
2416141
2416681
2417221
2417761
2418301
2418841
2419201
2419741
2420281
2420821
2421181
2421721
2422261
2422801
2423341
2423881
2424241
2424781
2425141
2425681
2426221
2426761
2427121
2427661
2428021
2428561
2428741
2429281
2429821
2430361
2430901
2431441
2431981
2432521
2433061
2433601
2434141
2434681
2435221
2435761
2436301
2436841
2437381
2437921
2438461
2439001
2439541
2440081
2440621
2441161
2441701
2442241
2442781
2443321
2443861
2444401
2444941
2445481
2446021
2446561
2447101
2447641
2448181
2448721
2449261
2449801
2450161
2450701
2451061
2451421
2451961
2452321
2452861
2453401
2453941
2454481
2455021
2455561
2456101
2456641
2457181
2457721
2458261
2458801
2459341
2459881
2460421
2460961
2461321
2461861
2462221
2462581
2463121
2463481
2464021
2464561
2465101
2465641
2466181
2466721
2467261
2467801
2468341
2468881
2469421
2469961
2470501
2471041
2471581
2472121
2472661
2473201
2473741
2474281
2474821
2475361
2475721
2476261
2476621
2477161
2477701
2478241
2478781
2479321
2479681
2480221
2480581
2481121
2481661
2482201
2482741
2483281
2483821
2484361
2484901
2485441
2485981
2486521
2487061
2487601
2488141
2488681
2489221
2489761
2490301
2490841
2491381
2491921
2492281
2492821
2493181
2493721
2494261
2494801
2495341
2495881
2496241
2496781
2497141
2497681
2498221
2498761
2499301
2499841
2500381
2500921
2501461
2502001
2502541
2503081
2503621
2504161
2504701
2505241
2505601
2506141
2506501
2506861
2507401
2507761
2508301
2508841
2509381
2509921
2510461
2511001
2511541
2512081
2512621
2513161
2513701
2514241
2514781
2515321
2515861
2516401
2516761
2517301
2517661
2518021
2518561
2518921
2519461
2520001
2520541
2521081
2521441
2521981
2522521
2523061
2523421
2523961
2524501
2525041
2525581
2526121
2526661
2527201
2527741
2528281
2528821
2529361
2529721
2530261
2530801
2531341
2531701
2532241
2532781
2533321
2533861
2534401
2534941
2535481
2536021
2536561
2537101
2537641
2538181
2538721
2539261
2539801
2540161
2540701
2541061
2541601
2542141
2542681
2543221
2543581
2544121
2544481
2545021
2545381
2545921
2546281
2546821
2547361
2547721
2548261
2548621
2549161
2549701
2550241
2550781
2551321
2551861
2552401
2552941
2553481
2554021
2554561
2554921
2555281
2555641
2556001
2556541
2556901
2557081
2557621
2558161
2558701
2559241
2559781
2560141
2560681
2561041
2561221
2561581
2561941
2562121
2562481
2562661
2562841
2563021
2563201
2563381
)
;
    flipMap         List<bool> 4801{1};
}
)

// ************************************************************************* //
