1	1
2	1
3	1
4	1
5	1
6	1
7	1
8	1
9	1
10	1
11	1
12	1
13	2
14	2
15	2
16	2
17	2
18	2
19	2
20	2
21	2
22	2
23	2
24	2
25	2
26	2
27	2
28	2
29	2
30	2
31	2
32	2
33	3
34	3
35	3
36	3
37	3
38	3
39	3
40	3
41	3
42	3
43	3
44	3
45	3
46	3
47	3
48	3
49	3
50	3
51	3
52	3
53	4
54	4
55	4
56	4
57	4
58	4
59	4
60	4
61	4
62	4
63	4
64	4
65	4
66	4
67	4
68	4
69	4
70	4
71	4
72	5
73	5
74	5
75	5
76	5
77	5
78	5
79	5
80	5
81	5
82	5
83	5
84	5
85	5
86	5
87	5
88	5
89	5
90	5
91	6
92	6
93	6
94	6
95	6
96	6
97	6
98	6
99	6
100	6
101	7
102	7
103	7
104	7
105	7
106	7
107	7
108	7
109	7
110	7
111	7
112	7
113	7
114	7
115	7
116	8
117	8
118	8
119	8
120	8
121	8
122	8
123	8
124	8
125	8
126	8
127	8
128	8
129	8
130	8
131	8
132	8
133	8
134	8
135	9
136	9
137	9
138	9
139	9
140	9
141	9
142	9
143	9
144	9
145	9
146	9
147	9
148	9
149	9
150	9
151	9
152	9
153	10
154	10
155	10
156	10
157	10
158	10
159	10
160	10
161	10
162	10
163	10
164	10
165	10
166	10
167	10
168	10
169	10
170	10
171	10
172	10
173	11
174	11
175	11
176	11
177	11
178	11
179	11
180	11
181	11
182	11
183	11
184	11
185	11
186	11
187	11
188	11
189	11
190	11
191	11
192	11
193	11
194	12
195	12
196	12
197	12
198	12
199	12
200	12
201	12
202	12
203	12
204	12
205	12
206	12
207	12
208	13
209	13
210	13
211	13
212	13
213	13
214	13
215	13
216	13
217	13
218	13
219	13
220	13
221	13
222	14
223	14
224	14
225	14
226	14
227	14
228	14
229	14
230	14
231	14
232	14
233	14
234	14
235	14
236	14
237	14
238	14
239	14
240	14
241	15
242	15
243	15
244	15
245	15
246	15
247	15
248	15
249	15
250	15
251	15
252	15
253	15
254	15
255	15
256	15
257	16
258	16
259	16
260	16
261	16
262	16
263	16
264	16
265	16
266	16
267	16
268	16
269	16
270	16
271	16
272	16
273	16
274	16
275	16
276	17
277	17
278	17
279	17
280	17
281	17
282	17
283	17
284	17
285	17
286	17
287	17
288	17
289	17
290	17
291	17
292	17
293	17
294	17
295	18
296	18
297	18
298	18
299	18
300	18
301	18
302	18
303	18
304	18
305	18
306	18
307	18
308	19
309	19
310	19
311	19
312	19
313	19
314	19
315	19
316	19
317	19
318	19
319	19
320	19
321	19
322	19
323	19
324	19
325	19
326	19
327	20
328	20
329	20
330	20
331	20
332	20
333	20
334	20
335	20
336	20
337	20
338	20
339	20
340	20
341	20
342	20
343	20
344	20
345	21
346	21
347	21
348	21
349	21
350	21
351	21
352	21
353	21
354	21
355	21
356	21
357	21
358	21
359	21
360	21
361	21
362	21
363	21
364	22
365	22
366	22
367	22
368	22
369	22
370	22
371	22
372	22
373	22
374	22
375	22
376	22
377	22
378	22
379	22
380	22
381	22
382	22
383	23
384	23
385	23
386	23
387	23
388	23
389	23
390	23
391	23
392	23
393	23
394	23
395	23
396	23
397	23
398	23
399	23
400	24
401	24
402	24
403	24
404	24
405	24
406	24
407	24
408	24
409	24
410	24
411	24
412	24
413	24
414	24
415	24
416	25
417	25
418	25
419	25
420	25
421	25
422	25
423	25
424	25
425	25
426	25
427	25
428	25
429	25
430	25
431	25
432	25
433	25
434	25
435	26
436	26
437	26
438	26
439	26
440	26
441	26
442	26
443	26
444	26
445	26
446	26
447	26
448	26
449	26
450	26
451	26
452	26
453	26
454	27
455	27
456	27
457	27
458	27
459	27
460	27
461	27
462	27
463	27
464	27
465	27
466	27
467	27
468	27
469	27
470	27
471	27
472	27
473	27
474	28
475	28
476	28
477	28
478	28
479	28
480	28
481	28
482	28
483	28
484	28
485	28
486	28
487	28
488	28
489	28
490	28
491	28
492	28
493	28
494	29
495	29
496	29
497	29
498	29
499	29
500	29
501	29
502	29
503	29
504	29
505	29
506	29
507	30
508	30
509	30
510	30
511	30
512	30
513	30
514	30
515	30
516	30
517	30
518	30
519	30
520	30
521	30
522	30
523	30
524	30
525	30
526	30
527	31
528	31
529	31
530	31
531	31
532	31
533	31
534	31
535	31
536	31
537	31
538	31
539	31
540	31
541	31
542	31
543	31
544	31
545	31
546	31
547	31
548	32
549	32
550	32
551	32
552	32
553	32
554	32
555	32
556	32
557	32
558	32
559	32
560	32
561	32
562	32
563	32
564	32
565	32
566	32
567	32
568	33
569	33
570	33
571	33
572	33
573	33
574	33
575	33
576	33
577	33
578	33
579	33
580	33
581	33
582	33
583	33
584	33
585	33
586	33
587	33
588	34
589	34
590	34
591	34
592	34
593	34
594	34
595	34
596	34
597	34
598	34
599	34
600	34
601	35
602	35
603	35
604	35
605	35
606	35
607	35
608	35
609	35
610	35
611	35
612	35
613	35
614	35
615	35
616	35
617	35
618	35
619	35
620	35
621	36
622	36
623	36
624	36
625	36
626	36
627	36
628	36
629	36
630	36
631	36
632	36
633	36
634	36
635	36
636	36
637	36
638	36
639	36
640	36
641	37
642	37
643	37
644	37
645	37
646	37
647	37
648	37
649	37
650	37
651	37
652	37
653	37
654	37
655	37
656	37
657	37
658	37
659	37
660	38
661	38
662	38
663	38
664	38
665	38
666	38
667	38
668	38
669	38
670	38
671	38
672	38
673	38
674	38
675	38
676	38
677	38
678	38
679	38
680	39
681	39
682	39
683	39
684	39
685	39
686	39
687	39
688	39
689	39
690	39
691	39
692	39
693	39
694	39
695	39
696	39
697	39
698	39
699	39
700	40
701	40
702	40
703	40
704	40
705	40
706	40
707	40
708	40
709	40
710	40
711	40
712	40
713	41
714	41
715	41
716	41
717	41
718	41
719	41
720	41
721	41
722	41
723	41
724	41
725	41
726	41
727	41
728	41
729	41
730	41
731	41
732	42
733	42
734	42
735	42
736	42
737	42
738	42
739	42
740	42
741	42
742	42
743	42
744	42
745	42
746	42
747	42
748	42
749	42
750	42
751	42
752	43
753	43
754	43
755	43
756	43
757	43
758	43
759	43
760	43
761	43
762	43
763	43
764	43
765	43
766	43
767	43
768	43
769	43
770	43
771	43
772	44
773	44
774	44
775	44
776	44
777	44
778	44
779	44
780	44
781	44
782	44
783	44
784	44
785	44
786	44
787	44
788	44
789	44
790	44
791	44
792	45
793	45
794	45
795	45
796	45
797	45
798	45
799	45
800	45
801	45
802	45
803	45
804	45
805	45
806	45
807	46
808	46
809	46
810	46
811	46
812	46
813	46
814	46
815	46
816	46
817	46
818	46
819	46
820	46
821	46
822	46
823	46
824	46
825	46
826	46
827	47
828	47
829	47
830	47
831	47
832	47
833	47
834	47
835	47
836	47
837	47
838	47
839	47
840	47
841	47
842	47
843	47
844	47
845	47
846	47
847	48
848	48
849	48
850	48
851	48
852	48
853	48
854	48
855	48
856	48
857	48
858	48
859	48
860	48
861	48
862	48
863	48
864	48
865	48
866	48
867	49
868	49
869	49
870	49
871	49
872	49
873	49
874	49
875	49
876	49
877	49
878	49
879	49
880	49
881	49
882	49
883	49
884	49
885	49
886	49
887	50
888	50
889	50
890	50
891	50
892	50
893	50
894	50
895	50
896	50
897	50
898	50
899	50
900	50
901	50
902	51
903	51
904	51
905	51
906	51
907	51
908	51
909	51
910	51
911	51
912	51
913	51
914	51
915	51
916	51
917	51
918	51
919	51
920	51
921	51
922	52
923	52
924	52
925	52
926	52
927	52
928	52
929	52
930	52
931	52
932	52
933	52
934	52
935	52
936	52
937	52
938	52
939	52
940	52
941	53
942	53
943	53
944	53
945	53
946	53
947	53
948	53
949	53
950	53
951	53
952	53
953	53
954	53
955	53
956	53
957	53
958	53
959	53
960	53
961	54
962	54
963	54
964	54
965	54
966	54
967	54
968	54
969	54
970	54
971	54
972	54
973	54
974	54
975	54
976	54
977	54
978	54
979	54
980	54
981	55
982	55
983	55
984	55
985	55
986	55
987	55
988	55
989	55
990	55
991	55
992	55
993	55
994	55
995	55
996	55
997	55
998	55
999	55
1000	56
1001	56
1002	56
1003	56
1004	56
1005	56
1006	56
1007	56
1008	56
1009	56
1010	56
1011	56
1012	56
1013	56
1014	56
1015	56
1016	57
1017	57
1018	57
1019	57
1020	57
1021	57
1022	57
1023	57
1024	57
1025	57
1026	57
1027	57
1028	57
1029	57
1030	57
1031	57
1032	57
1033	57
1034	57
1035	57
1036	58
1037	58
1038	58
1039	58
1040	58
1041	58
1042	58
1043	58
1044	58
1045	58
1046	58
1047	58
1048	58
1049	58
1050	58
1051	58
1052	58
1053	58
1054	58
1055	58
1056	58
1057	59
1058	59
1059	59
1060	59
1061	59
1062	59
1063	59
1064	59
1065	59
1066	59
1067	59
1068	59
1069	59
1070	59
1071	59
1072	59
1073	59
1074	59
1075	59
1076	59
1077	60
1078	60
1079	60
1080	60
1081	60
1082	60
1083	60
1084	60
1085	60
1086	60
1087	60
1088	60
1089	60
1090	60
1091	60
1092	60
1093	60
1094	60
1095	60
1096	60
1097	61
1098	61
1099	61
1100	61
1101	61
1102	61
1103	61
1104	61
1105	61
1106	61
1107	61
1108	61
1109	61
1110	61
1111	61
1112	62
1113	62
1114	62
1115	62
1116	62
1117	62
1118	62
1119	62
1120	62
1121	62
1122	62
1123	62
1124	62
1125	62
1126	62
1127	62
1128	62
1129	62
1130	62
1131	62
1132	63
1133	63
1134	63
1135	63
1136	63
1137	63
1138	63
1139	63
1140	63
1141	63
1142	63
1143	63
1144	63
1145	63
1146	63
1147	63
1148	63
1149	63
1150	63
1151	63
1152	64
1153	64
1154	64
1155	64
1156	64
1157	64
1158	64
1159	64
1160	64
1161	64
1162	64
1163	64
1164	64
1165	64
1166	64
1167	64
1168	64
1169	64
1170	64
1171	64
1172	64
1173	65
1174	65
1175	65
1176	65
1177	65
1178	65
1179	65
1180	65
1181	65
1182	65
1183	65
1184	65
1185	65
1186	65
1187	65
1188	65
1189	65
1190	65
1191	65
1192	65
1193	66
1194	66
1195	66
1196	66
1197	66
1198	66
1199	66
1200	66
1201	66
1202	66
1203	66
1204	66
1205	66
1206	66
1207	67
1208	67
1209	67
1210	67
1211	67
1212	67
1213	67
1214	67
1215	67
1216	67
1217	67
1218	67
1219	67
1220	67
1221	67
1222	67
1223	67
1224	67
1225	67
1226	67
1227	68
1228	68
1229	68
1230	68
1231	68
1232	68
1233	68
1234	68
1235	68
1236	68
1237	68
1238	68
1239	68
1240	68
1241	68
1242	68
1243	68
1244	68
1245	68
1246	68
1247	69
1248	69
1249	69
1250	69
1251	69
1252	69
1253	69
1254	69
1255	69
1256	69
1257	69
1258	69
1259	69
1260	69
1261	69
1262	69
1263	69
1264	69
1265	69
1266	70
1267	70
1268	70
1269	70
1270	70
1271	70
1272	70
1273	70
1274	70
1275	70
1276	70
