1	0.185752
2	0.32875
3	1.1924
4	1.4327
5	1.41905
6	1.46286
7	1.49399
8	1.51716
9	1.537
10	1.5583
11	1.57907
12	1.58359
13	1.62805
14	1.63128
15	1.67762
16	1.74625
17	1.84341
18	1.92122
19	1.87074
20	1.89153
21	1.85651
22	1.82063
23	1.79295
24	1.77914
25	1.77863
26	1.78711
27	1.80016
28	1.8066
29	1.81097
30	1.81522
31	1.82209
32	1.82815
33	1.83291
34	1.83863
35	1.84764
36	1.85879
37	1.87032
38	1.88177
39	1.87193
40	1.87116
41	1.8722
42	1.86826
43	1.87109
44	1.87482
45	1.87111
46	1.8688
47	1.86698
48	1.86745
49	1.86848
50	1.86917
51	1.86959
52	1.86986
53	1.87063
54	1.87341
55	1.87526
56	1.87778
57	1.87942
58	1.88219
59	1.88454
60	1.88642
61	1.88787
62	1.88888
63	1.88958
64	1.88917
65	1.88873
66	1.88791
67	1.88685
68	1.88552
69	1.88403
70	1.88246
71	1.88087
72	1.87928
73	1.87773
74	1.87505
75	1.87222
76	1.86955
77	1.86709
78	1.86487
79	1.86289
80	1.86115
81	1.85955
82	1.85775
83	1.85617
84	1.85511
85	1.85402
86	1.85247
87	1.8514
88	1.85002
89	1.84865
90	1.8472
91	1.84592
92	1.84464
93	1.84343
94	1.84275
95	1.84244
96	1.84247
97	1.84264
98	1.84287
99	1.84313
100	1.84341
101	1.84372
102	1.84403
103	1.84424
104	1.84434
105	1.84434
106	1.84433
107	1.84434
108	1.8444
109	1.84449
110	1.84461
111	1.84474
112	1.84487
113	1.84499
114	1.84511
115	1.84522
116	1.84532
117	1.84542
118	1.84553
119	1.84566
120	1.84579
121	1.84591
122	1.84602
123	1.84609
124	1.84613
125	1.84611
126	1.84604
127	1.84588
128	1.84567
129	1.84541
130	1.84508
131	1.8447
132	1.84427
133	1.84393
134	1.84353
135	1.84324
136	1.84289
137	1.84268
138	1.84262
139	1.84247
140	1.8425
141	1.8424
142	1.84245
143	1.84258
144	1.84285
145	1.84326
146	1.84336
147	1.84334
148	1.84335
149	1.84334
150	1.84332
151	1.84328
152	1.84323
153	1.8432
154	1.84323
155	1.84334
156	1.84333
157	1.84341
158	1.84356
159	1.84379
160	1.84388
161	1.84402
162	1.84422
163	1.84449
164	1.84481
165	1.84501
166	1.84524
167	1.84551
168	1.84584
169	1.84623
170	1.84668
171	1.84718
172	1.84773
173	1.8483
174	1.84888
175	1.84945
176	1.85001
177	1.85058
178	1.85117
179	1.85178
180	1.85241
181	1.85305
182	1.85368
183	1.85429
184	1.85489
185	1.85549
186	1.85608
187	1.8567
188	1.85734
189	1.85801
190	1.85868
191	1.85935
192	1.86004
193	1.86058
194	1.86107
195	1.86156
196	1.86204
197	1.86254
198	1.86306
199	1.86364
200	1.86413
201	1.86464
202	1.8652
203	1.86582
204	1.86631
205	1.86681
206	1.86732
207	1.86784
208	1.86838
209	1.86892
210	1.86949
211	1.87009
212	1.87072
213	1.87138
214	1.87208
215	1.87253
216	1.87295
217	1.87335
218	1.87372
219	1.87409
220	1.87444
221	1.87479
222	1.87515
223	1.87551
224	1.87589
225	1.87629
226	1.87671
227	1.87717
228	1.87764
229	1.87799
230	1.87833
231	1.87861
232	1.87887
233	1.87912
234	1.87937
235	1.87962
236	1.87988
237	1.88016
238	1.88037
239	1.88057
240	1.88078
241	1.88099
242	1.88123
243	1.88148
244	1.88176
245	1.88205
246	1.88238
247	1.88274
248	1.88315
249	1.8836
250	1.8841
251	1.88464
252	1.88516
253	1.88569
254	1.88622
255	1.88674
256	1.88726
257	1.88776
258	1.88825
259	1.88871
260	1.88915
261	1.88957
262	1.88997
263	1.89035
264	1.89071
265	1.89104
266	1.89135
267	1.89164
268	1.89193
269	1.89222
270	1.89251
271	1.89282
272	1.89314
273	1.89349
274	1.89385
275	1.89424
276	1.89465
277	1.89506
278	1.89549
279	1.89591
280	1.89634
281	1.89677
282	1.89721
283	1.89765
284	1.8981
285	1.89857
286	1.89904
287	1.89951
288	1.89998
289	1.90044
290	1.90091
291	1.90137
292	1.90182
293	1.90227
294	1.90272
295	1.90318
296	1.90364
297	1.90412
298	1.90461
299	1.90511
300	1.90563
301	1.90615
302	1.90655
303	1.90693
304	1.90729
305	1.90766
306	1.90802
307	1.90838
308	1.90875
309	1.90913
310	1.90953
311	1.90995
312	1.91038
313	1.91083
314	1.91129
315	1.91176
316	1.91225
317	1.91276
318	1.91314
319	1.91351
320	1.91389
321	1.91428
322	1.91469
323	1.91513
324	1.9156
325	1.91612
326	1.91668
327	1.91713
328	1.9176
329	1.9181
330	1.91863
331	1.91906
332	1.91951
333	1.91998
334	1.92048
335	1.92089
336	1.9213
337	1.92174
338	1.92221
339	1.9227
340	1.92322
341	1.92363
342	1.92406
343	1.92451
344	1.92499
345	1.92537
346	1.92575
347	1.92615
348	1.92657
349	1.92702
350	1.9275
351	1.92802
352	1.92844
353	1.92889
354	1.92938
355	1.92977
356	1.93017
357	1.93061
358	1.93107
359	1.93156
360	1.93196
361	1.93237
362	1.93282
363	1.93319
364	1.93358
365	1.93402
366	1.93447
367	1.93484
368	1.93524
369	1.93566
370	1.93601
371	1.9364
372	1.93674
373	1.93711
374	1.93752
375	1.93788
376	1.93828
377	1.93872
378	1.93911
379	1.93955
380	1.93996
381	1.94042
382	1.94085
383	1.94125
384	1.94162
385	1.94197
386	1.94239
387	1.94277
388	1.9432
389	1.94367
390	1.94416
391	1.94467
392	1.9451
393	1.94557
394	1.94606
395	1.94648
396	1.94693
397	1.9474
398	1.9479
399	1.94833
400	1.94871
401	1.94912
402	1.9495
403	1.94991
404	1.95035
405	1.95076
406	1.9512
407	1.95168
408	1.9521
409	1.95249
410	1.9529
411	1.95327
412	1.95367
413	1.95402
414	1.95441
415	1.95482
416	1.9552
417	1.9556
418	1.95603
419	1.95642
420	1.95683
421	1.95729
422	1.95769
423	1.95816
424	1.95866
425	1.95909
426	1.95958
427	1.95999
428	1.96046
429	1.96095
430	1.96151
431	1.96197
432	1.96248
433	1.96301
434	1.96347
435	1.96398
436	1.96457
437	1.96506
438	1.9656
439	1.96616
440	1.9668
441	1.96734
442	1.96793
443	1.96844
444	1.96899
445	1.96957
446	1.97017
447	1.97079
448	1.97143
449	1.97199
450	1.97261
451	1.97314
452	1.97373
453	1.97434
454	1.97496
455	1.97559
456	1.9761
457	1.97666
458	1.97727
459	1.97791
460	1.97855
461	1.9792
462	1.97994
463	1.98055
464	1.9812
465	1.98194
466	1.98254
467	1.98318
468	1.98388
469	1.98446
470	1.98506
471	1.98571
472	1.98637
473	1.98702
474	1.98756
475	1.98813
476	1.98876
477	1.9893
478	1.98986
479	1.99049
480	1.991
481	1.99154
482	1.99212
483	1.99277
484	1.99327
485	1.9938
486	1.99437
487	1.99499
488	1.99567
489	1.99643
490	1.99727
491	1.99789
492	1.99854
493	1.99925
494	2.00003
495	2.00064
496	2.00126
497	2.00193
498	2.00267
499	2.00326
500	2.00387
501	2.00438
502	2.0049
503	2.00542
504	2.00592
505	2.00642
506	2.00691
507	2.00741
508	2.00782
509	2.00828
510	2.00866
511	2.0091
512	2.00955
513	2.01001
514	2.01049
515	2.0109
516	2.01136
517	2.01184
518	2.01224
519	2.01269
520	2.01316
521	2.01355
522	2.01397
523	2.01433
524	2.01472
525	2.01513
526	2.01548
527	2.01586
528	2.01618
529	2.01654
530	2.01695
531	2.01741
532	2.01777
533	2.01805
534	2.01838
535	2.01865
536	2.01897
537	2.01923
538	2.01954
539	2.01981
540	2.02013
541	2.02041
542	2.02074
543	2.02101
544	2.02134
545	2.02173
546	2.02206
547	2.02244
548	2.02276
549	2.02315
550	2.02363
551	2.02402
552	2.02448
553	2.02487
554	2.02533
555	2.02588
556	2.02632
557	2.02682
558	2.02737
559	2.02792
560	2.02846
561	2.02897
562	2.02947
563	2.02999
564	2.03051
565	2.031
566	2.03138
567	2.03179
568	2.03226
569	2.03263
570	2.03304
571	2.03351
572	2.03403
573	2.03444
574	2.0349
575	2.03542
576	2.03582
577	2.03627
578	2.03678
579	2.03718
580	2.03762
581	2.03812
582	2.03868
583	2.03912
584	2.0396
585	2.04013
586	2.04054
587	2.041
588	2.04152
589	2.04191
590	2.04236
591	2.04287
592	2.04326
593	2.0437
594	2.04421
595	2.04461
596	2.04506
597	2.04558
598	2.04599
599	2.04645
600	2.04699
601	2.0474
602	2.04787
603	2.04842
604	2.04883
605	2.04931
606	2.04987
607	2.05042
608	2.05096
609	2.05138
610	2.05188
611	2.05244
612	2.05302
613	2.05363
614	2.0542
615	2.05463
616	2.05511
617	2.05566
618	2.05607
619	2.05655
620	2.05711
621	2.0576
622	2.05798
623	2.05838
624	2.05882
625	2.05933
626	2.0599
627	2.06031
628	2.06078
629	2.06134
630	2.06175
631	2.06221
632	2.06275
633	2.06318
634	2.06366
635	2.06407
636	2.06455
637	2.06511
638	2.0656
639	2.06618
640	2.06686
641	2.06738
642	2.06797
643	2.06866
644	2.06918
645	2.06976
646	2.07042
647	2.07094
648	2.07152
649	2.07201
650	2.07251
651	2.07306
652	2.07369
653	2.0742
654	2.07479
655	2.07529
656	2.07587
657	2.07654
658	2.07707
659	2.07768
660	2.07839
661	2.07896
662	2.0796
663	2.08034
664	2.08097
665	2.08165
666	2.08242
667	2.08323
668	2.08404
669	2.08485
670	2.08564
671	2.08641
672	2.08718
673	2.08793
674	2.08868
675	2.08943
676	2.09024
677	2.09113
678	2.09209
679	2.09296
680	2.09378
681	2.09464
682	2.09554
683	2.09644
684	2.09735
685	2.09832
686	2.09932
687	2.10033
688	2.10133
689	2.10232
690	2.10329
691	2.10424
692	2.10515
693	2.10605
694	2.10697
695	2.10791
696	2.10884
697	2.10979
698	2.11073
699	2.11168
700	2.11263
701	2.11359
702	2.11456
703	2.11553
704	2.11653
705	2.11755
706	2.11859
707	2.11967
708	2.12077
709	2.1219
710	2.12307
711	2.12426
712	2.12547
713	2.12672
714	2.128
715	2.1293
716	2.13071
717	2.13218
718	2.13374
719	2.13535
720	2.13701
721	2.13873
722	2.14046
723	2.14222
724	2.14398
725	2.14574
726	2.1475
727	2.14929
728	2.15107
729	2.15285
730	2.15465
731	2.15647
732	2.15835
733	2.16029
734	2.16225
735	2.16422
736	2.16624
737	2.16831
738	2.1704
739	2.17254
740	2.1747
741	2.17689
742	2.17911
743	2.18135
744	2.18362
745	2.18593
746	2.18826
747	2.19062
748	2.19301
749	2.19542
750	2.19785
751	2.2003
752	2.20278
753	2.20527
754	2.20777
755	2.21028
756	2.21281
757	2.21534
758	2.21788
759	2.22043
760	2.22299
761	2.22555
762	2.22812
763	2.23069
764	2.23326
765	2.23582
766	2.23839
767	2.24096
768	2.24354
769	2.24612
770	2.24871
771	2.25131
772	2.25393
773	2.25655
774	2.25919
775	2.26185
776	2.26451
777	2.26718
778	2.26986
779	2.27255
780	2.27524
781	2.27793
782	2.28063
783	2.28333
784	2.28604
785	2.28874
786	2.29145
787	2.29417
788	2.29689
789	2.29962
790	2.30236
791	2.3051
792	2.30785
793	2.31061
794	2.31337
795	2.31614
796	2.3189
797	2.32167
798	2.32443
799	2.32718
800	2.32992
801	2.33266
802	2.33538
803	2.3381
804	2.34081
805	2.34351
806	2.3462
807	2.34888
808	2.35155
809	2.35421
810	2.35687
811	2.35953
812	2.36219
813	2.36486
814	2.36754
815	2.37023
816	2.37293
817	2.37563
818	2.37833
819	2.38102
820	2.3837
821	2.38637
822	2.38901
823	2.39164
824	2.39424
825	2.39682
826	2.39939
827	2.40194
828	2.40448
829	2.40701
830	2.40952
831	2.41203
832	2.41454
833	2.41703
834	2.41953
835	2.42202
836	2.42453
837	2.42704
838	2.42957
839	2.43212
840	2.43467
841	2.43724
842	2.43981
843	2.44238
844	2.44494
845	2.44751
846	2.45006
847	2.45262
848	2.45517
849	2.4577
850	2.46023
851	2.46275
852	2.46527
853	2.46779
854	2.47032
855	2.47284
856	2.47537
857	2.47789
858	2.48042
859	2.48295
860	2.48548
861	2.48801
862	2.49054
863	2.49307
864	2.49559
865	2.4981
866	2.5006
867	2.50311
868	2.50547
869	2.50785
870	2.51023
871	2.51257
872	2.51488
873	2.51719
874	2.51941
875	2.5216
876	2.52377
877	2.52587
878	2.52796
879	2.52998
880	2.532
881	2.53395
882	2.53589
883	2.53786
884	2.53983
885	2.5418
886	2.54383
887	2.54588
888	2.54785
889	2.54977
890	2.55173
891	2.55369
892	2.55566
893	2.55762
894	2.55957
895	2.56151
896	2.56344
897	2.56534
898	2.56724
899	2.56912
900	2.57096
901	2.57276
902	2.57454
903	2.5763
904	2.57804
905	2.57979
906	2.58154
907	2.58329
908	2.58505
909	2.58676
910	2.58838
911	2.58996
912	2.59156
913	2.59315
914	2.59474
915	2.59634
916	2.598
917	2.59975
918	2.60159
919	2.60353
920	2.60556
921	2.60766
922	2.60982
923	2.61148
924	2.61311
925	2.61464
926	2.61606
927	2.61741
928	2.61872
929	2.61999
930	2.62123
931	2.62247
932	2.62371
933	2.62496
934	2.62622
935	2.6275
936	2.6288
937	2.63012
938	2.63146
939	2.63284
940	2.63424
941	2.63567
942	2.63713
943	2.63861
944	2.64001
945	2.64125
946	2.64232
947	2.6434
948	2.64452
949	2.64565
950	2.64676
951	2.64787
952	2.64898
953	2.6501
954	2.65112
955	2.6522
956	2.6533
957	2.65441
958	2.65555
959	2.65669
960	2.65782
961	2.65894
962	2.66004
963	2.66107
964	2.66207
965	2.66305
966	2.66402
967	2.665
968	2.666
969	2.66703
970	2.66807
971	2.66913
972	2.6702
973	2.67126
974	2.67231
975	2.67334
976	2.67437
977	2.67539
978	2.6764
979	2.67742
980	2.67835
981	2.67925
982	2.68028
983	2.68129
984	2.68228
985	2.68325
986	2.68419
987	2.68515
988	2.68612
989	2.68712
990	2.68815
991	2.68922
992	2.69034
993	2.69145
994	2.69254
995	2.69361
996	2.69468
997	2.69572
998	2.69676
999	2.69779
1000	2.69883
1001	2.6999
1002	2.70098
1003	2.7021
1004	2.70326
1005	2.70446
1006	2.70571
1007	2.70701
1008	2.70835
1009	2.70972
1010	2.71113
1011	2.71257
1012	2.71405
1013	2.71557
1014	2.71713
1015	2.71872
1016	2.72036
1017	2.72203
1018	2.72372
1019	2.72543
1020	2.72715
1021	2.72888
1022	2.73061
1023	2.73233
1024	2.73406
1025	2.73578
1026	2.73749
1027	2.73921
1028	2.74094
1029	2.74265
1030	2.74434
1031	2.74601
1032	2.74765
1033	2.74926
1034	2.75084
1035	2.7524
1036	2.75395
1037	2.75548
1038	2.75699
1039	2.7585
1040	2.76
1041	2.76149
1042	2.76289
1043	2.76427
1044	2.76562
1045	2.76696
1046	2.7683
1047	2.76962
1048	2.77094
1049	2.7722
1050	2.77345
1051	2.77469
1052	2.77586
1053	2.77709
1054	2.77822
1055	2.77939
1056	2.78048
1057	2.78157
1058	2.78262
1059	2.78364
1060	2.78465
1061	2.78564
1062	2.78662
1063	2.78759
1064	2.78855
1065	2.78937
1066	2.79019
1067	2.79097
1068	2.7916
1069	2.79214
1070	2.79262
1071	2.79307
1072	2.79347
1073	2.79384
1074	2.79416
1075	2.79438
1076	2.79416
1077	2.79391
1078	2.79349
1079	2.79285
1080	2.79213
1081	2.79139
1082	2.79067
1083	2.78994
1084	2.78924
1085	2.78854
1086	2.78788
1087	2.78723
1088	2.78657
1089	2.78596
1090	2.78534
1091	2.7847
1092	2.78411
1093	2.78348
1094	2.78282
1095	2.78213
1096	2.78144
1097	2.78071
1098	2.77993
1099	2.77912
1100	2.77829
1101	2.77744
1102	2.77661
1103	2.77577
1104	2.77493
1105	2.77411
1106	2.77328
1107	2.77244
1108	2.7716
1109	2.77075
1110	2.76988
1111	2.76899
1112	2.76808
1113	2.76717
1114	2.76624
1115	2.76531
1116	2.76438
1117	2.76344
1118	2.76252
1119	2.76162
1120	2.76076
1121	2.75995
1122	2.75918
1123	2.75844
1124	2.75773
1125	2.75703
1126	2.75633
1127	2.75563
1128	2.75491
1129	2.7542
1130	2.75346
1131	2.75273
1132	2.75199
1133	2.75125
1134	2.75053
1135	2.74979
1136	2.74906
1137	2.74834
1138	2.74763
1139	2.74693
1140	2.74623
1141	2.74552
1142	2.7448
1143	2.74409
1144	2.74339
1145	2.74268
1146	2.74199
1147	2.74131
1148	2.74066
1149	2.74003
1150	2.73942
1151	2.73883
1152	2.73826
1153	2.73772
1154	2.73716
1155	2.73667
1156	2.73618
1157	2.73572
1158	2.73531
1159	2.73497
1160	2.73471
1161	2.73468
1162	2.73495
1163	2.73548
1164	2.73618
1165	2.73695
1166	2.73774
1167	2.7385
1168	2.73923
1169	2.73993
1170	2.7406
1171	2.74124
1172	2.74186
1173	2.74244
1174	2.74301
1175	2.74355
1176	2.74407
1177	2.74457
1178	2.74506
1179	2.74553
1180	2.74599
1181	2.74644
1182	2.74689
1183	2.74734
1184	2.74779
1185	2.74824
1186	2.74869
1187	2.7484
1188	2.74815
1189	2.74773
1190	2.74733
1191	2.74714
1192	2.74735
1193	2.74768
1194	2.74812
1195	2.74861
1196	2.74831
1197	2.74839
1198	2.74861
1199	2.74898
1200	2.74949
1201	2.75007
1202	2.74974
1203	2.74996
1204	2.75036
1205	2.75087
1206	2.75146
1207	2.7521
1208	2.75274
1209	2.75339
1210	2.75404
1211	2.75468
1212	2.75532
1213	2.75594
1214	2.75656
1215	2.75719
1216	2.75781
1217	2.75843
1218	2.75905
1219	2.75967
1220	2.76029
1221	2.76091
1222	2.76153
1223	2.76214
1224	2.76275
1225	2.76336
1226	2.76396
1227	2.76455
1228	2.76514
1229	2.76473
1230	2.76497
1231	2.76538
1232	2.76588
1233	2.76553
1234	2.76578
1235	2.76621
1236	2.76585
1237	2.76609
1238	2.76651
1239	2.76616
1240	2.76639
1241	2.7668
1242	2.76645
1243	2.76668
1244	2.76707
1245	2.76672
1246	2.76694
1247	2.76733
1248	2.76698
1249	2.76721
1250	2.76761
1251	2.76722
1252	2.76744
1253	2.76713
1254	2.76735
1255	2.76705
1256	2.76728
1257	2.76697
1258	2.76718
1259	2.76688
1260	2.76708
1261	2.76745
1262	2.76709
1263	2.76703
1264	2.76724
1265	2.76757
1266	2.76723
1267	2.76732
1268	2.76713
1269	2.76728
1270	2.76709
1271	2.76723
1272	2.76706
1273	2.76717
1274	2.76704
1275	2.76713
1276	2.76709
