1	1.22393
2	37.6933
3	21.9641
4	9.62517
5	8.22216
6	7.24479
7	5.3528
8	3.90349
9	3.27216
10	3.0867
11	2.63988
12	2.66306
13	2.4065
14	2.63601
15	2.6173
16	2.22866
17	2.55749
18	2.22275
19	2.25056
20	2.22581
21	2.20522
22	1.99736
23	1.70257
24	1.51707
25	1.53469
26	1.46048
27	1.64363
28	1.58429
29	1.37754
30	1.1784
31	1.09579
32	1.01204
33	0.910082
34	0.828007
35	0.857588
36	0.863735
37	0.891643
38	0.932827
39	0.721388
40	0.788615
41	0.819141
42	0.637287
43	0.675727
44	0.679088
45	0.53238
46	0.508227
47	0.506061
48	0.484609
49	0.468381
50	0.456357
51	0.443258
52	0.437732
53	0.436988
54	0.348615
55	0.391793
56	0.311562
57	0.365914
58	0.286931
59	0.269894
60	0.257274
61	0.268719
62	0.27608
63	0.279857
64	0.248735
65	0.254501
66	0.221505
67	0.224958
68	0.218116
69	0.208743
70	0.197185
71	0.182523
72	0.166024
73	0.149816
74	0.174383
75	0.176819
76	0.166461
77	0.151063
78	0.134309
79	0.118302
80	0.117876
81	0.131558
82	0.121288
83	0.133166
84	0.128419
85	0.12613
86	0.136577
87	0.12309
88	0.126315
89	0.123278
90	0.117911
91	0.111042
92	0.102968
93	0.0938369
94	0.106608
95	0.105817
96	0.0993351
97	0.0907097
98	0.0813938
99	0.0723436
100	0.0634265
101	0.0545905
102	0.0462542
103	0.0460264
104	0.0529206
105	0.0596635
106	0.0654641
107	0.0701942
108	0.0736563
109	0.0757095
110	0.0764362
111	0.0761441
112	0.075204
113	0.073779
114	0.071883
115	0.0695654
116	0.0668011
117	0.063755
118	0.0606344
119	0.0574296
120	0.0541318
121	0.050803
122	0.0474542
123	0.0442603
124	0.0413577
125	0.0392493
126	0.0375111
127	0.0359886
128	0.0346388
129	0.0335343
130	0.0326206
131	0.0318528
132	0.0310449
133	0.0302402
134	0.030043
135	0.0299503
136	0.029974
137	0.0299292
138	0.0300414
139	0.0299592
140	0.0296058
141	0.0296267
142	0.0292953
143	0.0294301
144	0.0291416
145	0.0285719
146	0.0280032
147	0.0261205
148	0.0253709
149	0.0256072
150	0.0256906
151	0.0256209
152	0.0255608
153	0.0254211
154	0.0251274
155	0.0249558
156	0.0249197
157	0.0243292
158	0.0240275
159	0.0235301
160	0.0232124
161	0.0223405
162	0.0223735
163	0.0223199
164	0.0222614
165	0.0225961
166	0.0224985
167	0.0230432
168	0.023457
169	0.0236972
170	0.0236422
171	0.0234446
172	0.0231485
173	0.0229879
174	0.0229734
175	0.0229993
176	0.0230931
177	0.0232286
178	0.0230771
179	0.0228442
180	0.0224506
181	0.0221498
182	0.0218201
183	0.0214063
184	0.0210271
185	0.0207904
186	0.0205433
187	0.0203151
188	0.0201013
189	0.0199268
190	0.0195809
191	0.01938
192	0.0194357
193	0.0196882
194	0.0189459
195	0.0190721
196	0.0190599
197	0.0189277
198	0.018697
199	0.0184274
200	0.0182399
201	0.0174286
202	0.017385
203	0.0173585
204	0.0176302
205	0.0166904
206	0.0166808
207	0.0165205
208	0.0163801
209	0.0162645
210	0.0161531
211	0.0159927
212	0.0158204
213	0.015528
214	0.0152458
215	0.0158256
216	0.014924
217	0.0150914
218	0.0151793
219	0.0150769
220	0.0148425
221	0.0145635
222	0.0143674
223	0.0142648
224	0.0142088
225	0.0141159
226	0.0139243
227	0.0137677
228	0.0135857
229	0.0136283
230	0.0130446
231	0.0130411
232	0.0127083
233	0.0125063
234	0.0122746
235	0.0122151
236	0.0123762
237	0.0126364
238	0.0127891
239	0.0129675
240	0.0131126
241	0.0131231
242	0.0130708
243	0.0130451
244	0.0130551
245	0.0131184
246	0.0131681
247	0.0132005
248	0.0132361
249	0.0133482
250	0.0135547
251	0.0139229
252	0.014246
253	0.014435
254	0.0144696
255	0.0143711
256	0.0141658
257	0.0139169
258	0.0136701
259	0.0134434
260	0.0132865
261	0.0131747
262	0.0131293
263	0.0131939
264	0.0133608
265	0.0135659
266	0.013739
267	0.0137825
268	0.0136735
269	0.0134588
270	0.0132261
271	0.0130841
272	0.0130424
273	0.0130428
274	0.013066
275	0.0130691
276	0.0130651
277	0.0130965
278	0.0131828
279	0.0133028
280	0.013376
281	0.0133939
282	0.0133391
283	0.0132575
284	0.0131643
285	0.013088
286	0.0130246
287	0.0129518
288	0.0128471
289	0.0126974
290	0.0125399
291	0.0124009
292	0.0123345
293	0.01236
294	0.0123828
295	0.0123721
296	0.0123189
297	0.0122457
298	0.0121381
299	0.0120494
300	0.0120457
301	0.0120662
302	0.0121487
303	0.0119983
304	0.0119909
305	0.0119462
306	0.0120535
307	0.0122863
308	0.0125399
309	0.0127159
310	0.012768
311	0.0127152
312	0.0125965
313	0.0124426
314	0.0122959
315	0.0121511
316	0.0119977
317	0.0117965
318	0.0118048
319	0.0114743
320	0.011581
321	0.0116771
322	0.0117466
323	0.0117654
324	0.0117094
325	0.0116013
326	0.0114765
327	0.0116237
328	0.0114432
329	0.011554
330	0.0115929
331	0.0117268
332	0.0116255
333	0.0117426
334	0.0118659
335	0.0121301
336	0.0122239
337	0.0123855
338	0.0124127
339	0.0123275
340	0.0121844
341	0.0123367
342	0.0118858
343	0.0117197
344	0.0115545
345	0.0118175
346	0.0114832
347	0.0115298
348	0.011665
349	0.0118647
350	0.0120641
351	0.0121779
352	0.0125939
353	0.0121864
354	0.012135
355	0.0124677
356	0.0121148
357	0.0121556
358	0.0121716
359	0.0121695
360	0.0125458
361	0.0123599
362	0.0125659
363	0.0130171
364	0.0129561
365	0.0130525
366	0.0130555
367	0.0131895
368	0.0128487
369	0.0128276
370	0.0129805
371	0.0127505
372	0.0129971
373	0.0128015
374	0.0128218
375	0.0130859
376	0.0131169
377	0.0133801
378	0.013757
379	0.0135963
380	0.0136922
381	0.0134367
382	0.0134114
383	0.0133003
384	0.0132404
385	0.0131829
386	0.0129835
387	0.0131349
388	0.0129224
389	0.0131155
390	0.0133945
391	0.0136393
392	0.0139739
393	0.0137431
394	0.0136856
395	0.0136607
396	0.0132125
397	0.0131379
398	0.0130685
399	0.0131829
400	0.013047
401	0.0128581
402	0.0129252
403	0.0128119
404	0.0129625
405	0.0132769
406	0.0132494
407	0.0132762
408	0.0133497
409	0.0131611
410	0.0128667
411	0.0129351
412	0.0126946
413	0.012831
414	0.0126761
415	0.0126901
416	0.012872
417	0.0129087
418	0.013177
419	0.0135218
420	0.0135069
421	0.0135619
422	0.0136567
423	0.0132973
424	0.0132693
425	0.0133616
426	0.0129688
427	0.0132069
428	0.0129456
429	0.0130675
430	0.0131141
431	0.0135847
432	0.0136253
433	0.0140385
434	0.0143181
435	0.0141051
436	0.0140718
437	0.0142195
438	0.0138058
439	0.0138922
440	0.0137361
441	0.0138922
442	0.0134936
443	0.0136962
444	0.0134543
445	0.0136455
446	0.013822
447	0.0140011
448	0.0141177
449	0.014351
450	0.0139998
451	0.0142183
452	0.013733
453	0.0136026
454	0.0133917
455	0.0131938
456	0.0132689
457	0.0128722
458	0.012928
459	0.0131456
460	0.0134035
461	0.0136375
462	0.0136998
463	0.0141024
464	0.0135525
465	0.0134865
466	0.0138212
467	0.013265
468	0.0132681
469	0.0134946
470	0.0130937
471	0.0131115
472	0.0132212
473	0.013449
474	0.013912
475	0.0139611
476	0.0140929
477	0.0143286
478	0.0139638
479	0.0138635
480	0.0139752
481	0.0134846
482	0.0132869
483	0.0130587
484	0.0130487
485	0.0126948
486	0.0127512
487	0.0128757
488	0.0129977
489	0.0130465
490	0.0130103
491	0.0134836
492	0.0127993
493	0.0126875
494	0.0125266
495	0.0128214
496	0.0123202
497	0.0123485
498	0.0123241
499	0.0125811
500	0.0124688
501	0.0129264
502	0.0129422
503	0.0130645
504	0.0130724
505	0.0130295
506	0.0129278
507	0.0127943
508	0.0128244
509	0.0124765
510	0.012464
511	0.0121732
512	0.0120863
513	0.0121349
514	0.0123402
515	0.0127711
516	0.012849
517	0.0129515
518	0.0131536
519	0.0129493
520	0.0128767
521	0.0129637
522	0.0127008
523	0.0127582
524	0.0124814
525	0.0123705
526	0.0124492
527	0.0123916
528	0.0126629
529	0.0127238
530	0.012851
531	0.0128817
532	0.0130448
533	0.0129138
534	0.0127595
535	0.0127327
536	0.0124766
537	0.0124418
538	0.0122458
539	0.0122619
540	0.0121669
541	0.0123675
542	0.012448
543	0.012756
544	0.0127774
545	0.0128595
546	0.0129752
547	0.0127081
548	0.012866
549	0.0125054
550	0.0124083
551	0.0124935
552	0.0120485
553	0.0122766
554	0.012
555	0.0121217
556	0.0126731
557	0.0123898
558	0.0125767
559	0.0126875
560	0.0126452
561	0.0125639
562	0.0123808
563	0.0122517
564	0.0121645
565	0.0120985
566	0.0123506
567	0.011835
568	0.0118699
569	0.0122314
570	0.0119273
571	0.0121137
572	0.0121315
573	0.0124531
574	0.0118785
575	0.011795
576	0.0121334
577	0.0113649
578	0.0111984
579	0.0115112
580	0.0107923
581	0.0107457
582	0.0107249
583	0.0113719
584	0.0109465
585	0.0111592
586	0.0118067
587	0.0112229
588	0.0112544
589	0.0117735
590	0.0110871
591	0.011102
592	0.0116247
593	0.0109875
594	0.0110435
595	0.0115557
596	0.0109977
597	0.0111057
598	0.0117013
599	0.0110874
600	0.0111121
601	0.0117771
602	0.0108938
603	0.0108191
604	0.0115348
605	0.0105596
606	0.0104878
607	0.0105298
608	0.0104701
609	0.0112222
610	0.0104004
611	0.0104433
612	0.0104405
613	0.0103997
614	0.0105171
615	0.0113285
616	0.0105796
617	0.0105972
618	0.0111775
619	0.0106083
620	0.0106966
621	0.0114127
622	0.0113004
623	0.0110362
624	0.0113061
625	0.0114094
626	0.0114356
627	0.0120994
628	0.0112865
629	0.0113985
630	0.0120647
631	0.011182
632	0.0112038
633	0.0116386
634	0.0108952
635	0.0113253
636	0.0107147
637	0.0106966
638	0.0112415
639	0.0104906
640	0.0105326
641	0.0116129
642	0.0105409
643	0.0105776
644	0.0117061
645	0.0105514
646	0.0105624
647	0.0115732
648	0.0104879
649	0.0112611
650	0.0107097
651	0.0106479
652	0.0106184
653	0.0114544
654	0.0106011
655	0.0114693
656	0.010608
657	0.0105512
658	0.0115952
659	0.0103136
660	0.0102736
661	0.0113105
662	0.0101106
663	0.0100574
664	0.010879
665	0.00992266
666	0.0099017
667	0.0100133
668	0.010006
669	0.00996179
670	0.00988737
671	0.00980205
672	0.00971335
673	0.00962957
674	0.00954335
675	0.00946087
676	0.00924702
677	0.00911326
678	0.00920333
679	0.0100814
680	0.0091918
681	0.00904361
682	0.00907858
683	0.0090731
684	0.00907473
685	0.00884763
686	0.00900536
687	0.00907244
688	0.00910762
689	0.00911162
690	0.00909536
691	0.00906998
692	0.00903363
693	0.00898529
694	0.00871988
695	0.00884248
696	0.0088603
697	0.00885768
698	0.0088386
699	0.00881407
700	0.00879245
701	0.00877394
702	0.00875808
703	0.00875032
704	0.00873908
705	0.00873902
706	0.00874865
707	0.00877471
708	0.00881666
709	0.00886607
710	0.00891053
711	0.00895468
712	0.0090108
713	0.0090681
714	0.00917914
715	0.00930506
716	0.00920536
717	0.00952798
718	0.00950422
719	0.00989273
720	0.00982332
721	0.0101632
722	0.0100161
723	0.010303
724	0.0100958
725	0.0103178
726	0.0100782
727	0.0100657
728	0.0102937
729	0.0101072
730	0.0103524
731	0.0101553
732	0.0102335
733	0.0103709
734	0.0108254
735	0.0106972
736	0.0108722
737	0.0110439
738	0.0112427
739	0.0114377
740	0.0116071
741	0.011756
742	0.0118895
743	0.0120092
744	0.0121091
745	0.0121915
746	0.0122577
747	0.0123103
748	0.0123502
749	0.0123853
750	0.0124146
751	0.0124395
752	0.0124564
753	0.0124702
754	0.0124806
755	0.0124937
756	0.0125136
757	0.0125402
758	0.0125692
759	0.0126039
760	0.0126481
761	0.0126977
762	0.0127486
763	0.0128027
764	0.0128535
765	0.0129034
766	0.0129463
767	0.0129871
768	0.0130251
769	0.0130581
770	0.0130838
771	0.0131027
772	0.0131207
773	0.0131445
774	0.0131741
775	0.0132097
776	0.0132445
777	0.0132784
778	0.0133147
779	0.0133574
780	0.0133975
781	0.0134466
782	0.0134953
783	0.0135436
784	0.0135934
785	0.0136476
786	0.0136982
787	0.0137489
788	0.0137949
789	0.0138342
790	0.0138647
791	0.013898
792	0.0139322
793	0.0139644
794	0.0139874
795	0.0140002
796	0.0140124
797	0.0140268
798	0.0140385
799	0.0140505
800	0.0140632
801	0.0140842
802	0.014115
803	0.0141524
804	0.0141771
805	0.0141898
806	0.0141966
807	0.0142101
808	0.0142319
809	0.0142622
810	0.0142951
811	0.0143291
812	0.0143739
813	0.0144375
814	0.0145053
815	0.0145685
816	0.0146078
817	0.0146182
818	0.0146144
819	0.0145993
820	0.0145688
821	0.0145167
822	0.0144396
823	0.0143441
824	0.0142433
825	0.0141556
826	0.014091
827	0.0140502
828	0.0140066
829	0.0139624
830	0.0139131
831	0.0138777
832	0.0138629
833	0.0138515
834	0.0138487
835	0.0138572
836	0.0138751
837	0.0139071
838	0.0139648
839	0.0140217
840	0.0140643
841	0.0140966
842	0.014132
843	0.0141585
844	0.0141702
845	0.0141749
846	0.0141754
847	0.0141685
848	0.014163
849	0.0141522
850	0.0141373
851	0.0141307
852	0.0141384
853	0.0141627
854	0.0141982
855	0.0142374
856	0.0142632
857	0.0142872
858	0.0143084
859	0.0143326
860	0.0143451
861	0.0143399
862	0.0143028
863	0.014257
864	0.014218
865	0.0141886
866	0.0141535
867	0.0144076
868	0.0138474
869	0.0140157
870	0.014176
871	0.0138722
872	0.013733
873	0.0137105
874	0.0137327
875	0.013588
876	0.0134885
877	0.0134736
878	0.0134
879	0.0134159
880	0.013366
881	0.0134024
882	0.0133889
883	0.0132556
884	0.0137071
885	0.0132739
886	0.0134878
887	0.013468
888	0.0137207
889	0.0132585
890	0.013442
891	0.0134072
892	0.0133559
893	0.0133456
894	0.0133302
895	0.0133115
896	0.013288
897	0.0132454
898	0.0132044
899	0.013106
900	0.0129529
901	0.0128435
902	0.0127737
903	0.0127258
904	0.0126933
905	0.0126963
906	0.0127279
907	0.0127744
908	0.0128188
909	0.0129644
910	0.0128032
911	0.012946
912	0.0129645
913	0.0128688
914	0.012839
915	0.0128128
916	0.0127966
917	0.0128365
918	0.0128569
919	0.0128694
920	0.0128828
921	0.0128854
922	0.0148444
923	0.0117903
924	0.0128956
925	0.0127658
926	0.0124369
927	0.0123151
928	0.0122992
929	0.0122901
930	0.0122825
931	0.0122887
932	0.0122799
933	0.0122867
934	0.0123117
935	0.0123391
936	0.0123376
937	0.0123055
938	0.0122423
939	0.0121573
940	0.0120496
941	0.0119587
942	0.0118733
943	0.0118133
944	0.0119029
945	0.0118907
946	0.011806
947	0.0116689
948	0.0114609
949	0.0113069
950	0.0111354
951	0.0111619
952	0.0112012
953	0.0111833
954	0.011227
955	0.011155
956	0.0110013
957	0.0109278
958	0.0109172
959	0.0109311
960	0.0109473
961	0.0109535
962	0.0109272
963	0.0108778
964	0.0108941
965	0.0108488
966	0.0107527
967	0.0106607
968	0.0105993
969	0.0106003
970	0.0106132
971	0.0106042
972	0.010592
973	0.0105748
974	0.0105416
975	0.0105035
976	0.0104523
977	0.0103769
978	0.010305
979	0.0102389
980	0.0103717
981	0.010251
982	0.00998067
983	0.0100803
984	0.0100487
985	0.0100883
986	0.01008
987	0.00998786
988	0.00996153
989	0.00988617
990	0.00986152
991	0.00983189
992	0.00978428
993	0.0100562
994	0.00995103
995	0.00994423
996	0.00994969
997	0.00995176
998	0.00995192
999	0.00994422
1000	0.00995318
1001	0.00996253
1002	0.0099701
1003	0.00998862
1004	0.010014
1005	0.010052
1006	0.0100962
1007	0.0101358
1008	0.0101767
1009	0.0102114
1010	0.0102261
1011	0.0102417
1012	0.0102615
1013	0.0102965
1014	0.0103346
1015	0.0103828
1016	0.0104437
1017	0.0105124
1018	0.01058
1019	0.0106276
1020	0.0106611
1021	0.0106845
1022	0.0106962
1023	0.0107001
1024	0.010707
1025	0.0107057
1026	0.0107056
1027	0.0107087
1028	0.0107245
1029	0.0107332
1030	0.0107409
1031	0.0107147
1032	0.0106724
1033	0.0106225
1034	0.0105639
1035	0.010506
1036	0.0104643
1037	0.010433
1038	0.0104196
1039	0.0104203
1040	0.0104335
1041	0.0104409
1042	0.0106345
1043	0.0105789
1044	0.0104017
1045	0.0103789
1046	0.0103633
1047	0.0103531
1048	0.010304
1049	0.0103834
1050	0.0104473
1051	0.01022
1052	0.0100407
1053	0.0104323
1054	0.00991026
1055	0.0103313
1056	0.00982636
1057	0.0100675
1058	0.00995697
1059	0.00986561
1060	0.00982591
1061	0.009806
1062	0.00978035
1063	0.00980902
1064	0.00985608
1065	0.0102118
1066	0.00954249
1067	0.00986756
1068	0.00989715
1069	0.00958157
1070	0.0094701
1071	0.00939948
1072	0.00932779
1073	0.0092685
1074	0.00923357
1075	0.00928359
1076	0.0101862
1077	0.00936725
1078	0.0096443
1079	0.0100177
1080	0.0101187
1081	0.010214
1082	0.0101432
1083	0.00997865
1084	0.00992424
1085	0.00981383
1086	0.00977929
1087	0.00968929
1088	0.00968478
1089	0.0096553
1090	0.00966023
1091	0.00968263
1092	0.00966021
1093	0.0096895
1094	0.00971346
1095	0.00970962
1096	0.00974436
1097	0.00974843
1098	0.00981707
1099	0.00987768
1100	0.00999723
1101	0.00996417
1102	0.0100446
1103	0.0101495
1104	0.0101799
1105	0.0102841
1106	0.0103333
1107	0.0103691
1108	0.0104166
1109	0.0104938
1110	0.0105862
1111	0.0106919
1112	0.0107761
1113	0.0108391
1114	0.0108841
1115	0.0109055
1116	0.0109024
1117	0.0108818
1118	0.0108492
1119	0.010809
1120	0.0107715
1121	0.0106933
1122	0.0105856
1123	0.0104732
1124	0.0103497
1125	0.0102912
1126	0.0102715
1127	0.0102756
1128	0.0103223
1129	0.0103416
1130	0.0103791
1131	0.010376
1132	0.0104088
1133	0.0104271
1134	0.0105007
1135	0.0105136
1136	0.0105192
1137	0.0105586
1138	0.0105835
1139	0.0106191
1140	0.0106571
1141	0.0106826
1142	0.010695
1143	0.0106898
1144	0.0106865
1145	0.0106953
1146	0.0106893
1147	0.0106858
1148	0.0106717
1149	0.0106601
1150	0.0106642
1151	0.010666
1152	0.0106617
1153	0.0106824
1154	0.0108541
1155	0.0106622
1156	0.0109012
1157	0.0107908
1158	0.0107673
1159	0.0107139
1160	0.0106762
1161	0.0109733
1162	0.010593
1163	0.0105991
1164	0.0105573
1165	0.010543
1166	0.0105929
1167	0.0106074
1168	0.0105526
1169	0.0104764
1170	0.0104023
1171	0.0103364
1172	0.0102913
1173	0.0102447
1174	0.0102156
1175	0.0101896
1176	0.0101561
1177	0.0101445
1178	0.0101413
1179	0.010137
1180	0.0101293
1181	0.0101155
1182	0.01011
1183	0.0101001
1184	0.0100686
1185	0.0100312
1186	0.00998958
1187	0.00709754
1188	0.00853814
1189	0.0090653
1190	0.00911491
1191	0.00671471
1192	0.00783835
1193	0.00856201
1194	0.00909583
1195	0.00927655
1196	0.00656634
1197	0.00821812
1198	0.00841873
1199	0.00856397
1200	0.00892174
1201	0.00916316
1202	0.0066145
1203	0.00807339
1204	0.00824605
1205	0.00854977
1206	0.00883397
1207	0.00896222
1208	0.00895781
1209	0.00887752
1210	0.00877212
1211	0.00865959
1212	0.00854509
1213	0.00843619
1214	0.00832836
1215	0.00822952
1216	0.00812568
1217	0.00801995
1218	0.00791074
1219	0.0078751
1220	0.00788713
1221	0.00789294
1222	0.00789507
1223	0.00789437
1224	0.00789668
1225	0.00790164
1226	0.0079037
1227	0.00790601
1228	0.0079071
1229	0.00587114
1230	0.00647068
1231	0.00686276
1232	0.00738895
1233	0.00559808
1234	0.00635969
1235	0.00691257
1236	0.00549435
1237	0.0062193
1238	0.00681555
1239	0.00544488
1240	0.00612863
1241	0.00672768
1242	0.00542147
1243	0.0060587
1244	0.00658672
1245	0.00535927
1246	0.00596686
1247	0.00643684
1248	0.00531049
1249	0.00585951
1250	0.00626788
1251	0.0053627
1252	0.00580199
1253	0.00481706
1254	0.0055531
1255	0.00474644
1256	0.00549328
1257	0.00468867
1258	0.00539885
1259	0.00454659
1260	0.00535418
1261	0.00547749
1262	0.00485577
1263	0.00412575
1264	0.00446085
1265	0.00513345
1266	0.0046881
1267	0.00504973
1268	0.00384501
1269	0.00469319
1270	0.00377796
1271	0.00465465
1272	0.00367777
1273	0.00446837
1274	0.00352677
1275	0.00424013
1276	0.00329111
