1	0.185752
2	0.142999
3	0.863648
4	0.240298
5	-0.0136486
6	0.0438134
7	0.0311312
8	0.0231652
9	0.019841
10	0.0213008
11	0.0207671
12	0.00452621
13	0.044456
14	0.00323387
15	0.0463379
16	0.068627
17	0.0971585
18	0.077815
19	-0.050484
20	0.0207879
21	-0.0350139
22	-0.0358847
23	-0.0276779
24	-0.0138067
25	-0.000510307
26	0.00848243
27	0.0130423
28	0.00644237
29	0.00437161
30	0.00424596
31	0.0068684
32	0.00606523
33	0.0047582
34	0.00572306
35	0.0090047
36	0.0111566
37	0.0115263
38	0.0114484
39	-0.00983751
40	-0.000770434
41	0.00103837
42	-0.0039401
43	0.00283683
44	0.00372181
45	-0.00370394
46	-0.00231193
47	-0.00182061
48	0.000466475
49	0.00103133
50	0.000693251
51	0.000415624
52	0.000271953
53	0.000771557
54	0.00278458
55	0.00184944
56	0.00251892
57	0.00164061
58	0.00276639
59	0.00234761
60	0.00187801
61	0.00145563
62	0.00100728
63	0.000705671
64	-0.000413153
65	-0.000441666
66	-0.000816273
67	-0.00106111
68	-0.00133165
69	-0.00149084
70	-0.00156592
71	-0.00159613
72	-0.00159036
73	-0.00154382
74	-0.00268167
75	-0.00283461
76	-0.00267182
77	-0.00245133
78	-0.00222458
79	-0.00197511
80	-0.00174747
81	-0.00159373
82	-0.00180295
83	-0.00158461
84	-0.00105359
85	-0.00109468
86	-0.00154452
87	-0.00106967
88	-0.00137843
89	-0.0013713
90	-0.00145605
91	-0.00128006
92	-0.00128133
93	-0.001205
94	-0.000676467
95	-0.000311595
96	2.69631e-05
97	0.000167629
98	0.00023135
99	0.000258144
100	0.000278671
101	0.000318681
102	0.000304155
103	0.000215954
104	9.29058e-05
105	4.814e-06
106	-1.62212e-05
107	1.50275e-05
108	6.09548e-05
109	9.2295e-05
110	0.000110899
111	0.00013237
112	0.000130058
113	0.000124502
114	0.000116301
115	0.000107021
116	0.000101202
117	0.00010315
118	0.000111935
119	0.000124062
120	0.000133682
121	0.000122861
122	0.000104184
123	7.61718e-05
124	3.45116e-05
125	-1.68485e-05
126	-7.44271e-05
127	-0.000153735
128	-0.000213007
129	-0.000260397
130	-0.000328028
131	-0.00038111
132	-0.00042618
133	-0.000342679
134	-0.000400726
135	-0.000285814
136	-0.000355651
137	-0.000206874
138	-6.01183e-05
139	-0.000154586
140	2.99577e-05
141	-9.48365e-05
142	4.38542e-05
143	0.000137285
144	0.000261853
145	0.000413713
146	9.78234e-05
147	-1.72751e-05
148	6.28987e-06
149	-7.28076e-06
150	-2.3195e-05
151	-3.80747e-05
152	-4.84956e-05
153	-2.36362e-05
154	2.92977e-05
155	0.000106783
156	-7.63416e-06
157	7.406e-05
158	0.000150886
159	0.000233508
160	8.5548e-05
161	0.000143969
162	0.000200629
163	0.000263621
164	0.000326167
165	0.000195471
166	0.000228389
167	0.000275497
168	0.0003301
169	0.000388233
170	0.000449888
171	0.000504736
172	0.000544661
173	0.000569352
174	0.000577821
175	0.000571967
176	0.000565132
177	0.000568285
178	0.000585873
179	0.00061309
180	0.000630864
181	0.000636679
182	0.000630403
183	0.00061303
184	0.00059972
185	0.000594774
186	0.000598356
187	0.000613762
188	0.000641388
189	0.000667081
190	0.000673557
191	0.000672857
192	0.000685747
193	0.000537849
194	0.000497576
195	0.000485736
196	0.000483237
197	0.000492967
198	0.000520118
199	0.000583733
200	0.000485895
201	0.000511483
202	0.000560753
203	0.000617883
204	0.000493543
205	0.000497434
206	0.000511806
207	0.0005241
208	0.00053474
209	0.000547432
210	0.00056688
211	0.000596596
212	0.00063032
213	0.000664875
214	0.000696383
215	0.000445589
216	0.000422406
217	0.000398674
218	0.000377634
219	0.000361765
220	0.000353235
221	0.000351429
222	0.000354519
223	0.000363266
224	0.000378475
225	0.000400459
226	0.000426042
227	0.000452375
228	0.000478547
229	0.000346083
230	0.000342816
231	0.000272953
232	0.000259296
233	0.000253107
234	0.000251179
235	0.000252971
236	0.000260202
237	0.000278043
238	0.000206157
239	0.000203502
240	0.000205955
241	0.000218395
242	0.000234947
243	0.000254106
244	0.000272145
245	0.000296207
246	0.000326262
247	0.000362599
248	0.000404854
249	0.000451611
250	0.000499813
251	0.000544732
252	0.000522661
253	0.000524511
254	0.000527293
255	0.000525422
256	0.000517289
257	0.000503085
258	0.000484547
259	0.000463595
260	0.000441975
261	0.000421051
262	0.000400498
263	0.000378368
264	0.000354202
265	0.000330385
266	0.000310093
267	0.000295545
268	0.000287948
269	0.000287623
270	0.0002941
271	0.000306361
272	0.000323464
273	0.000343874
274	0.000366247
275	0.000388803
276	0.000406306
277	0.000416867
278	0.000423262
279	0.000426215
280	0.000427966
281	0.000430656
282	0.000435661
283	0.000443253
284	0.000452777
285	0.000462785
286	0.00046877
287	0.000470816
288	0.000469686
289	0.000465865
290	0.000463256
291	0.000459763
292	0.000455134
293	0.000451563
294	0.000451458
295	0.000455883
296	0.000464508
297	0.000476153
298	0.000489224
299	0.000502289
300	0.000514702
301	0.000526551
302	0.000397113
303	0.000376564
304	0.000368506
305	0.000364176
306	0.000361779
307	0.000362957
308	0.000369579
309	0.00038175
310	0.000397786
311	0.000415092
312	0.000431541
313	0.000446311
314	0.000459999
315	0.000474269
316	0.000490926
317	0.000511113
318	0.000378648
319	0.000371784
320	0.000377683
321	0.000390128
322	0.000409674
323	0.000437641
324	0.000473782
325	0.000516121
326	0.000562197
327	0.00045178
328	0.000468304
329	0.000498027
330	0.00053158
331	0.000433276
332	0.000444531
333	0.00047107
334	0.000496895
335	0.000411058
336	0.000418647
337	0.000439367
338	0.000464525
339	0.000491833
340	0.000520179
341	0.000410836
342	0.000427456
343	0.000453609
344	0.000481213
345	0.000372455
346	0.000382495
347	0.000400425
348	0.000421853
349	0.000447763
350	0.000481241
351	0.000522956
352	0.000416996
353	0.000449611
354	0.000490951
355	0.000385026
356	0.000406638
357	0.000434137
358	0.000463053
359	0.000494809
360	0.000393122
361	0.000413671
362	0.000446495
363	0.000370327
364	0.000396337
365	0.00043424
366	0.000448986
367	0.000371442
368	0.000405215
369	0.000419019
370	0.000350686
371	0.000390574
372	0.000333073
373	0.00036852
374	0.000416761
375	0.000361988
376	0.000394946
377	0.000445242
378	0.000387842
379	0.000435294
380	0.000409105
381	0.000461886
382	0.000430106
383	0.000397874
384	0.000370785
385	0.000352644
386	0.000422344
387	0.000377284
388	0.000425394
389	0.000471036
390	0.0004907
391	0.000508518
392	0.000434681
393	0.000469086
394	0.000490072
395	0.000419549
396	0.000451713
397	0.00047156
398	0.000493627
399	0.000430908
400	0.000384283
401	0.00040884
402	0.000380789
403	0.000408894
404	0.000443589
405	0.000407618
406	0.000439551
407	0.000476657
408	0.000427853
409	0.000382284
410	0.000412961
411	0.000368642
412	0.000396239
413	0.000356874
414	0.000384068
415	0.000415952
416	0.000375247
417	0.00040001
418	0.000432046
419	0.000387423
420	0.000417677
421	0.00045575
422	0.000399494
423	0.000468676
424	0.000504591
425	0.000424771
426	0.000488867
427	0.000414741
428	0.000470389
429	0.000490216
430	0.000556835
431	0.000461826
432	0.000513543
433	0.00052895
434	0.000452755
435	0.000511681
436	0.00059284
437	0.00048969
438	0.000544125
439	0.000559525
440	0.000639435
441	0.000534298
442	0.000590026
443	0.000508718
444	0.000558318
445	0.000578179
446	0.00059743
447	0.000618573
448	0.000641982
449	0.000554612
450	0.000621125
451	0.000531749
452	0.000590838
453	0.00060937
454	0.000621316
455	0.000629517
456	0.000512994
457	0.000553689
458	0.000618012
459	0.000632356
460	0.000643132
461	0.000655353
462	0.000739297
463	0.000602701
464	0.000656793
465	0.000740331
466	0.000596787
467	0.000636365
468	0.000702473
469	0.000576187
470	0.00060363
471	0.000655166
472	0.000655198
473	0.000647221
474	0.000542136
475	0.000572765
476	0.000633131
477	0.000530566
478	0.000566692
479	0.000624703
480	0.000509552
481	0.000539018
482	0.000587864
483	0.000643054
484	0.000507553
485	0.000526162
486	0.000567691
487	0.000620344
488	0.000682698
489	0.000756129
490	0.000841144
491	0.000623142
492	0.000649085
493	0.000710227
494	0.000783977
495	0.000604286
496	0.000623157
497	0.00067192
498	0.000734151
499	0.000590314
500	0.000611936
501	0.000505179
502	0.000525434
503	0.000514423
504	0.000504853
505	0.000498541
506	0.000495911
507	0.000496214
508	0.000409998
509	0.000460645
510	0.000383239
511	0.000432695
512	0.000448714
513	0.000464834
514	0.000481702
515	0.000405789
516	0.000460577
517	0.000481979
518	0.000402101
519	0.000451516
520	0.000468231
521	0.000383649
522	0.000428439
523	0.000353133
524	0.000393644
525	0.000412552
526	0.000342904
527	0.000382577
528	0.000323011
529	0.000360719
530	0.000405698
531	0.000456749
532	0.000360641
533	0.00028612
534	0.000329342
535	0.000265517
536	0.000317835
537	0.000260696
538	0.00031726
539	0.000267301
540	0.000323895
541	0.000275223
542	0.000326744
543	0.000275434
544	0.000326586
545	0.000394078
546	0.000324209
547	0.000387894
548	0.000319986
549	0.000387643
550	0.000475789
551	0.000388119
552	0.000464583
553	0.000387911
554	0.000460973
555	0.000548528
556	0.000445065
557	0.000491982
558	0.000552222
559	0.000556204
560	0.000537748
561	0.000506491
562	0.000506505
563	0.00051931
564	0.000518054
565	0.000486324
566	0.00037771
567	0.000413383
568	0.000469638
569	0.00037533
570	0.000409742
571	0.000461964
572	0.000522695
573	0.000412636
574	0.000457371
575	0.00052109
576	0.00040443
577	0.000449325
578	0.000511314
579	0.000397097
580	0.000439321
581	0.000498791
582	0.000564561
583	0.000436734
584	0.000474132
585	0.000534296
586	0.000412602
587	0.000455134
588	0.000519023
589	0.000395664
590	0.000443269
591	0.000509992
592	0.000391253
593	0.000441163
594	0.000511303
595	0.000399724
596	0.000450398
597	0.000523764
598	0.000404801
599	0.000461297
600	0.000542771
601	0.000409312
602	0.000470243
603	0.000552323
604	0.000408621
605	0.000480243
606	0.000555617
607	0.000548258
608	0.000545551
609	0.000422955
610	0.000491457
611	0.000560532
612	0.000585616
613	0.000607019
614	0.000566105
615	0.000434216
616	0.000480692
617	0.000546236
618	0.000414932
619	0.000480824
620	0.000557516
621	0.000487962
622	0.000378714
623	0.00040061
624	0.000446794
625	0.000501308
626	0.00057047
627	0.000410087
628	0.000474938
629	0.000555717
630	0.000408503
631	0.000468642
632	0.000539838
633	0.000428467
634	0.000478094
635	0.000411559
636	0.000475791
637	0.000562162
638	0.000492927
639	0.000575361
640	0.000681067
641	0.000520332
642	0.000594912
643	0.000688657
644	0.000517058
645	0.000578963
646	0.000663083
647	0.000515027
648	0.000578801
649	0.000489368
650	0.000505617
651	0.000551938
652	0.000624155
653	0.000515256
654	0.000588318
655	0.000499182
656	0.000577844
657	0.000673867
658	0.000532812
659	0.000608213
660	0.00070931
661	0.00056837
662	0.000638278
663	0.000740758
664	0.000630179
665	0.00068097
666	0.000771929
667	0.000807898
668	0.000812071
669	0.000805212
670	0.000791424
671	0.000775589
672	0.000761702
673	0.000752283
674	0.000748711
675	0.00075217
676	0.000806905
677	0.000897535
678	0.000960236
679	0.000867874
680	0.000816818
681	0.000864856
682	0.000891709
683	0.00090359
684	0.000912322
685	0.000966624
686	0.0010009
687	0.00100847
688	0.0010048
689	0.000990955
690	0.000969103
691	0.000943126
692	0.000916898
693	0.000893983
694	0.000922158
695	0.000937161
696	0.000939681
697	0.000943114
698	0.000945812
699	0.000948425
700	0.000952111
701	0.000957249
702	0.000965338
703	0.000977643
704	0.000995242
705	0.00101782
706	0.00104471
707	0.00107385
708	0.00110444
709	0.00113392
710	0.0011623
711	0.00118998
712	0.00121742
713	0.00124591
714	0.00127514
715	0.00130456
716	0.00141493
717	0.00146839
718	0.00155654
719	0.00160897
720	0.0016651
721	0.00171154
722	0.00173927
723	0.00175602
724	0.00175959
725	0.00175923
726	0.00175905
727	0.0017952
728	0.00177972
729	0.00178127
730	0.00179669
731	0.00181869
732	0.00188254
733	0.00193801
734	0.00195823
735	0.00196894
736	0.00202394
737	0.00206325
738	0.00209881
739	0.00213181
740	0.00216182
741	0.00218999
742	0.00221782
743	0.00224579
744	0.00227376
745	0.0023028
746	0.00233192
747	0.00236017
748	0.00238597
749	0.00241089
750	0.00243358
751	0.00245443
752	0.00247288
753	0.00248976
754	0.00250322
755	0.00251382
756	0.00252325
757	0.00253149
758	0.00254103
759	0.00255015
760	0.002558
761	0.00256314
762	0.00256607
763	0.00256827
764	0.0025695
765	0.0025696
766	0.00256926
767	0.00257021
768	0.00257422
769	0.00258149
770	0.00259106
771	0.00260191
772	0.00261454
773	0.00262671
774	0.00263896
775	0.00265191
776	0.0026631
777	0.00267215
778	0.0026801
779	0.00268661
780	0.00269166
781	0.00269609
782	0.00269904
783	0.00270104
784	0.00270293
785	0.00270605
786	0.00271069
787	0.00271623
788	0.00272133
789	0.00272883
790	0.00273601
791	0.00274346
792	0.00275134
793	0.0027584
794	0.00276252
795	0.00276476
796	0.00276602
797	0.00276448
798	0.00275899
799	0.00275229
800	0.00274364
801	0.00273399
802	0.00272595
803	0.00271958
804	0.00271208
805	0.00270034
806	0.00268822
807	0.0026769
808	0.00266886
809	0.00266318
810	0.00266001
811	0.00265769
812	0.00266151
813	0.00267
814	0.00268058
815	0.00269191
816	0.00269754
817	0.00269876
818	0.00269721
819	0.00269155
820	0.00268193
821	0.00266625
822	0.00264672
823	0.00262464
824	0.00260091
825	0.00258121
826	0.0025666
827	0.00255287
828	0.00253955
829	0.00252859
830	0.00251685
831	0.00250791
832	0.00250229
833	0.00249649
834	0.00249444
835	0.00249752
836	0.00250353
837	0.00251534
838	0.00253006
839	0.00254344
840	0.0025563
841	0.00256505
842	0.00257022
843	0.00257019
844	0.0025659
845	0.00256198
846	0.00255908
847	0.00255408
848	0.0025474
849	0.0025375
850	0.00252909
851	0.00252197
852	0.00251889
853	0.00251949
854	0.00252258
855	0.00252633
856	0.00252591
857	0.00252646
858	0.00252768
859	0.00252997
860	0.00253118
861	0.00253134
862	0.00252973
863	0.00252613
864	0.00252026
865	0.00251175
866	0.00249892
867	0.00250719
868	0.00235976
869	0.00238613
870	0.00237871
871	0.00234011
872	0.00230881
873	0.00230718
874	0.00222492
875	0.00218589
876	0.00217152
877	0.00210144
878	0.00208513
879	0.00202495
880	0.00201391
881	0.00195435
882	0.00194084
883	0.00196816
884	0.00197002
885	0.00196958
886	0.0020287
887	0.00204809
888	0.00197111
889	0.00192668
890	0.00195633
891	0.00196414
892	0.00196532
893	0.00196122
894	0.00195105
895	0.00194097
896	0.00192944
897	0.00189709
898	0.00189763
899	0.00187992
900	0.00184088
901	0.0018033
902	0.00177554
903	0.00175818
904	0.00174695
905	0.00174525
906	0.00174949
907	0.00175521
908	0.00175952
909	0.00170722
910	0.00161668
911	0.00158868
912	0.00159767
913	0.00158813
914	0.00158532
915	0.00160837
916	0.00165934
917	0.00174203
918	0.00184064
919	0.00193976
920	0.00203003
921	0.00210671
922	0.00215542
923	0.00166415
924	0.00162499
925	0.00152905
926	0.00142567
927	0.00135141
928	0.0013061
929	0.00127144
930	0.00124306
931	0.00123973
932	0.0012409
933	0.00124512
934	0.00126063
935	0.00128054
936	0.00129919
937	0.00131874
938	0.00134359
939	0.00137666
940	0.00140406
941	0.0014302
942	0.00145824
943	0.00148274
944	0.00139414
945	0.00124089
946	0.00106931
947	0.00108442
948	0.00111658
949	0.00112911
950	0.00111224
951	0.00110525
952	0.0011101
953	0.00111932
954	0.00102935
955	0.00107326
956	0.0010976
957	0.00111904
958	0.00113471
959	0.00114039
960	0.00113453
961	0.00111814
962	0.00109424
963	0.00103349
964	0.000998968
965	0.000979166
966	0.000973093
967	0.000981084
968	0.000999148
969	0.00102407
970	0.00104741
971	0.00106131
972	0.00106454
973	0.00105893
974	0.00104761
975	0.00103609
976	0.00102714
977	0.00101965
978	0.00101568
979	0.00101642
980	0.000933711
981	0.000900331
982	0.00102202
983	0.00101266
984	0.000987665
985	0.000970286
986	0.000947641
987	0.00095704
988	0.000963206
989	0.00100389
990	0.00103443
991	0.00106258
992	0.00112727
993	0.00110565
994	0.00108852
995	0.00107681
996	0.0010621
997	0.00104596
998	0.00103419
999	0.0010344
1000	0.0010432
1001	0.001061
1002	0.00108517
1003	0.00111808
1004	0.00115901
1005	0.001204
1006	0.00125019
1007	0.00129539
1008	0.00134005
1009	0.00137441
1010	0.00140642
1011	0.00144233
1012	0.00148327
1013	0.0015198
1014	0.00155623
1015	0.001595
1016	0.00163354
1017	0.00166771
1018	0.00169394
1019	0.0017116
1020	0.00172245
1021	0.00172723
1022	0.00172753
1023	0.00172581
1024	0.00172313
1025	0.00171911
1026	0.00171401
1027	0.00172358
1028	0.00172351
1029	0.00171189
1030	0.00169269
1031	0.00166695
1032	0.00163789
1033	0.00161007
1034	0.00158392
1035	0.00156142
1036	0.00154424
1037	0.00152966
1038	0.00151778
1039	0.00150786
1040	0.0014981
1041	0.00148835
1042	0.00140162
1043	0.0013806
1044	0.00135029
1045	0.00133975
1046	0.00133851
1047	0.001318
1048	0.00132483
1049	0.00125485
1050	0.0012542
1051	0.00123596
1052	0.00117345
1053	0.00122558
1054	0.00113134
1055	0.00117546
1056	0.00108863
1057	0.00108375
1058	0.00105136
1059	0.0010236
1060	0.00100529
1061	0.000991475
1062	0.000981484
1063	0.000972083
1064	0.000955517
1065	0.000818877
1066	0.000820689
1067	0.000787094
1068	0.000630009
1069	0.000538121
1070	0.000483923
1071	0.000442063
1072	0.000405645
1073	0.000367215
1074	0.000317055
1075	0.000219154
1076	-0.000220324
1077	-0.00024891
1078	-0.00041715
1079	-0.000639282
1080	-0.000723662
1081	-0.000740801
1082	-0.000719638
1083	-0.000728737
1084	-0.000700413
1085	-0.000696542
1086	-0.000658291
1087	-0.000656898
1088	-0.000653654
1089	-0.000611235
1090	-0.000624761
1091	-0.000631161
1092	-0.000596303
1093	-0.00063157
1094	-0.000655981
1095	-0.00068692
1096	-0.000691704
1097	-0.000734707
1098	-0.000775394
1099	-0.000811747
1100	-0.000834529
1101	-0.000847061
1102	-0.000828813
1103	-0.000842611
1104	-0.000832451
1105	-0.000828209
1106	-0.000829294
1107	-0.000833068
1108	-0.000839451
1109	-0.000852091
1110	-0.000869987
1111	-0.000890514
1112	-0.000907481
1113	-0.000917519
1114	-0.000923942
1115	-0.000929211
1116	-0.000934077
1117	-0.000935406
1118	-0.000925102
1119	-0.000896545
1120	-0.000857849
1121	-0.000816073
1122	-0.000773249
1123	-0.000733357
1124	-0.000712133
1125	-0.000696507
1126	-0.000704441
1127	-0.000697343
1128	-0.000719051
1129	-0.000715187
1130	-0.000738412
1131	-0.000726971
1132	-0.000746939
1133	-0.000734818
1134	-0.000722005
1135	-0.00073634
1136	-0.000731676
1137	-0.000721049
1138	-0.000706169
1139	-0.000699839
1140	-0.000705709
1141	-0.000711782
1142	-0.000713702
1143	-0.000711153
1144	-0.000704861
1145	-0.000705108
1146	-0.000695119
1147	-0.000674838
1148	-0.000651277
1149	-0.00062709
1150	-0.000608598
1151	-0.000590337
1152	-0.000569028
1153	-0.000544485
1154	-0.000564521
1155	-0.000483929
1156	-0.000489737
1157	-0.000463053
1158	-0.000410626
1159	-0.000341491
1160	-0.000253886
1161	-3.37704e-05
1162	0.000272706
1163	0.000532814
1164	0.000697798
1165	0.000772271
1166	0.000781541
1167	0.000762389
1168	0.000731088
1169	0.000698879
1170	0.000669111
1171	0.000641109
1172	0.000615993
1173	0.000589702
1174	0.000565396
1175	0.000542251
1176	0.000520459
1177	0.000499427
1178	0.000483717
1179	0.000470346
1180	0.000459183
1181	0.000452698
1182	0.000449907
1183	0.000450373
1184	0.000451149
1185	0.00045082
1186	0.000449423
1187	-0.000292451
1188	-0.000251447
1189	-0.000412798
1190	-0.000404198
1191	-0.000186938
1192	0.000211104
1193	0.000330525
1194	0.000432584
1195	0.000492982
1196	-0.000301032
1197	7.98315e-05
1198	0.000223052
1199	0.000368326
1200	0.000507563
1201	0.000581173
1202	-0.000329396
1203	0.00022126
1204	0.000397293
1205	0.000515342
1206	0.000591446
1207	0.000631087
1208	0.000647738
1209	0.000651078
1210	0.000647738
1211	0.00064096
1212	0.00063336
1213	0.000626615
1214	0.000621462
1215	0.000621251
1216	0.000620836
1217	0.000621142
1218	0.000621495
1219	0.000622622
1220	0.00062167
1221	0.000619674
1222	0.000616979
1223	0.000613169
1224	0.000608872
1225	0.000604456
1226	0.000599805
1227	0.000595296
1228	0.000590347
1229	-0.000407982
1230	0.000236227
1231	0.000414794
1232	0.000492642
1233	-0.000346085
1234	0.000248865
1235	0.000425649
1236	-0.000351504
1237	0.000236393
1238	0.000415685
1239	-0.000344828
1240	0.000231932
1241	0.000405714
1242	-0.000348247
1243	0.000225582
1244	0.000393427
1245	-0.000349955
1246	0.000223131
1247	0.000389317
1248	-0.000354238
1249	0.000235348
1250	0.000396289
1251	-0.000388643
1252	0.000216089
1253	-0.000303652
1254	0.000218006
1255	-0.000298776
1256	0.000224528
1257	-0.000310229
1258	0.000213469
1259	-0.000304431
1260	0.000198837
1261	0.000371551
1262	-0.00035921
1263	-5.36157e-05
1264	0.000202857
1265	0.000334111
1266	-0.000337962
1267	9.12359e-05
1268	-0.00019491
1269	0.000147707
1270	-0.00018191
1271	0.000131673
1272	-0.000168142
1273	0.000109757
1274	-0.000131218
1275	9.73969e-05
1276	-4.59315e-05
