1	0.101861
2	0.0041086
3	0.0146009
4	0.0165478
5	0.0224281
6	0.0215106
7	0.0197835
8	0.0129077
9	0.00809997
10	0.00626312
11	0.00609743
12	0.00382268
13	0.00474108
14	0.00386991
15	0.00396851
16	0.00406972
17	0.0047715
18	0.00544077
19	0.00574999
20	0.00574812
21	0.00544
22	0.00505912
23	0.00467369
24	0.00425614
25	0.00396382
26	0.00370767
27	0.00350073
28	0.00329777
29	0.00312022
30	0.00296942
31	0.00287679
32	0.00280698
33	0.00274307
34	0.00266293
35	0.00262815
36	0.00257388
37	0.00252147
38	0.00247565
39	0.00245284
40	0.00242768
41	0.00239421
42	0.00235802
43	0.00232264
44	0.00228857
45	0.00226203
46	0.00223255
47	0.00220794
48	0.00218848
49	0.00218232
50	0.00217913
51	0.00216996
52	0.00216632
53	0.00216193
54	0.00215088
55	0.00213548
56	0.00211257
57	0.00208302
58	0.00205779
59	0.00202355
60	0.00199371
61	0.00195893
62	0.00192545
63	0.00189567
64	0.00186481
65	0.00183521
66	0.00181382
67	0.00179304
68	0.00176724
69	0.00174272
70	0.00171626
71	0.00168769
72	0.00166033
73	0.00163381
74	0.00160771
75	0.001581
76	0.00155973
77	0.00153718
78	0.00151377
79	0.00149078
80	0.00146679
81	0.00144383
82	0.00141924
83	0.00139637
84	0.00137577
85	0.00135602
86	0.00133844
87	0.00132097
88	0.00130526
89	0.00128902
90	0.00127235
91	0.00125566
92	0.00123936
93	0.00122317
94	0.00120634
95	0.00119145
96	0.00117565
97	0.00115925
98	0.00114262
99	0.00112543
100	0.00111113
101	0.00109875
102	0.00108634
103	0.00107536
104	0.00106373
105	0.00105314
106	0.00104292
107	0.00103386
108	0.00102439
109	0.00101396
110	0.00100289
111	0.000991093
112	0.000980645
113	0.000970841
114	0.000962328
115	0.000954976
116	0.00094772
117	0.000939764
118	0.000931697
119	0.000925195
120	0.000917515
121	0.000909136
122	0.000899957
123	0.000890473
124	0.000882282
125	0.000874389
126	0.000865908
127	0.000859335
128	0.000854023
129	0.00084746
130	0.000842315
131	0.000838426
132	0.000833614
133	0.000828636
134	0.00082221
135	0.000815906
136	0.000808089
137	0.000801397
138	0.000794848
139	0.000788887
140	0.000783854
141	0.000777914
142	0.000773784
143	0.000770011
144	0.000767118
145	0.00076392
146	0.000759845
147	0.000755753
148	0.000749422
149	0.000744714
150	0.000739634
151	0.000733658
152	0.000729549
153	0.000724375
154	0.000719841
155	0.000716447
156	0.000713255
157	0.000710558
158	0.000704598
159	0.000702765
160	0.000698803
161	0.000695124
162	0.000691948
163	0.000686982
164	0.000684478
165	0.000679721
166	0.00067489
167	0.000671702
168	0.00066858
169	0.00066695
170	0.000661147
171	0.000658914
172	0.000655542
173	0.000651812
174	0.00064975
175	0.000646738
176	0.000645084
177	0.000642102
178	0.000638067
179	0.000634311
180	0.000632304
181	0.000631511
182	0.000626907
183	0.000623727
184	0.000620102
185	0.000617266
186	0.000615807
187	0.000613289
188	0.000611909
189	0.000609987
190	0.000607179
191	0.000603195
192	0.000601096
193	0.000600018
194	0.000596756
195	0.000593519
196	0.000590442
197	0.000586678
198	0.000585655
199	0.00058345
200	0.000582054
201	0.000580525
202	0.000578389
203	0.000575134
204	0.000573517
205	0.000572356
206	0.000569418
207	0.000567549
208	0.000564065
209	0.000560968
210	0.000560175
211	0.000558104
212	0.000556374
213	0.000555512
214	0.000553338
215	0.000550647
216	0.000549018
217	0.000547971
218	0.000546038
219	0.000544483
220	0.000541433
221	0.000538925
222	0.000537334
223	0.00053466
224	0.000533324
225	0.000532413
226	0.000530227
227	0.000528138
228	0.000526727
229	0.000525843
230	0.000524184
231	0.000522486
232	0.000520163
233	0.000517956
234	0.000515457
235	0.000514393
236	0.000513238
237	0.000511584
238	0.000509008
239	0.000507046
240	0.000506162
241	0.000505349
242	0.000504386
243	0.000503162
244	0.000500645
245	0.00049821
246	0.000496138
247	0.000495226
248	0.000493923
249	0.00049307
250	0.000491131
251	0.000489429
252	0.000488118
253	0.000486975
254	0.000485889
255	0.000484945
256	0.000482992
257	0.000480999
258	0.000479229
259	0.000478138
260	0.000476843
261	0.000475703
262	0.000474219
263	0.000473146
264	0.000471907
265	0.000471203
266	0.000469635
267	0.000468108
268	0.000465734
269	0.000464905
270	0.000463298
271	0.000462595
272	0.000461274
273	0.000459567
274	0.000458128
275	0.000457819
276	0.000456085
277	0.000455655
278	0.000454347
279	0.000453111
280	0.000450886
281	0.000449726
282	0.000449208
283	0.000448174
284	0.000447003
285	0.000445445
286	0.000444568
287	0.000443548
288	0.000442696
289	0.000441926
290	0.000440967
291	0.000439616
292	0.000438352
293	0.000436913
294	0.00043597
295	0.000435314
296	0.000434351
297	0.000433187
298	0.000432692
299	0.000431852
300	0.000430876
301	0.00042975
302	0.000428823
303	0.000427369
304	0.000426686
305	0.000425804
306	0.000425052
307	0.000423882
308	0.000422718
309	0.000422102
310	0.00042156
311	0.000420938
312	0.000420335
313	0.000419286
314	0.000418438
315	0.000417682
316	0.000416805
317	0.00041637
318	0.000415823
319	0.00041476
320	0.000413899
321	0.000413259
322	0.000412628
323	0.000412267
324	0.000411633
325	0.000411258
326	0.000410397
327	0.000409313
328	0.000408694
329	0.000408114
330	0.000407672
331	0.000407299
332	0.000406738
333	0.000406154
334	0.000405359
335	0.000404572
336	0.000404235
337	0.000404017
338	0.000403967
339	0.000403753
340	0.000403233
341	0.000402551
342	0.000401806
343	0.00040124
344	0.000401225
345	0.000401202
346	0.00040103
347	0.000400537
348	0.000399839
349	0.000399348
350	0.000398889
351	0.000398916
352	0.000398911
353	0.000398818
354	0.000398429
355	0.000397933
356	0.000397564
357	0.000397487
358	0.000397584
359	0.000397659
360	0.000397617
361	0.00039725
362	0.000396731
363	0.000396213
364	0.000396032
365	0.000396137
366	0.000396339
367	0.00039635
368	0.00039618
369	0.000395839
370	0.000395613
371	0.000395506
372	0.000395418
373	0.000395615
374	0.000395621
375	0.000395404
376	0.000395127
377	0.00039501
378	0.000394975
379	0.000395062
380	0.000395207
381	0.00039533
382	0.000395151
383	0.000394681
384	0.000394506
385	0.000394552
386	0.000394654
387	0.000394818
388	0.000395075
389	0.000394976
390	0.00039473
391	0.000394502
392	0.000394515
393	0.000394693
394	0.000394785
395	0.00039509
396	0.000394953
397	0.000394752
398	0.000394566
399	0.000394707
400	0.00039489
401	0.000395042
402	0.0003953
403	0.000395307
404	0.000395078
405	0.000394999
406	0.000395007
407	0.000395249
408	0.000395479
409	0.00039562
410	0.000395652
411	0.000395384
412	0.000395357
413	0.00039546
414	0.000395712
415	0.000395966
416	0.000396207
417	0.000396172
418	0.000395996
419	0.000395933
420	0.000396024
421	0.000396386
422	0.000396624
423	0.000396939
424	0.000396923
425	0.000396802
426	0.00039677
427	0.000396872
428	0.000397237
429	0.000397517
430	0.000397805
431	0.000397804
432	0.000397693
433	0.000397776
434	0.000397852
435	0.000398219
436	0.000398533
437	0.000398781
438	0.000398843
439	0.000398829
440	0.000398949
441	0.000398979
442	0.000399374
443	0.000399703
444	0.00039998
445	0.0004
446	0.000400026
447	0.000400142
448	0.000400357
449	0.000400745
450	0.000401036
451	0.000401364
452	0.000401507
453	0.000401342
454	0.000401453
455	0.000401688
456	0.000402104
457	0.000402481
458	0.000402877
459	0.000403043
460	0.000403056
461	0.000403121
462	0.000403383
463	0.000403945
464	0.00040436
465	0.00040464
466	0.000404821
467	0.000404812
468	0.000404958
469	0.000405246
470	0.000405834
471	0.000406298
472	0.000406485
473	0.000406545
474	0.000406572
475	0.000406758
476	0.000407066
477	0.000407726
478	0.000408164
479	0.000408389
480	0.000408405
481	0.000408461
482	0.00040866
483	0.000409047
484	0.000409764
485	0.000410256
486	0.0004106
487	0.000410585
488	0.000410643
489	0.000410848
490	0.000411239
491	0.000412082
492	0.000412514
493	0.000412804
494	0.000412873
495	0.000413048
496	0.000413309
497	0.00041368
498	0.000414496
499	0.000414944
500	0.000415325
501	0.000415371
502	0.000415549
503	0.000415845
504	0.000416207
505	0.000417006
506	0.000417454
507	0.000417843
508	0.000417936
509	0.000418084
510	0.000418476
511	0.000419032
512	0.000419839
513	0.000420215
514	0.000420562
515	0.000420641
516	0.000420957
517	0.000421403
518	0.000422056
519	0.000422904
520	0.000423233
521	0.00042355
522	0.000423642
523	0.000423983
524	0.000424444
525	0.00042519
526	0.000425919
527	0.00042631
528	0.000426629
529	0.000426812
530	0.000427165
531	0.000427776
532	0.000428599
533	0.000429337
534	0.000429762
535	0.000430204
536	0.000430549
537	0.000430864
538	0.000431595
539	0.000432468
540	0.00043328
541	0.000433798
542	0.000434111
543	0.000434404
544	0.000434889
545	0.000435624
546	0.000436398
547	0.000437168
548	0.000437691
549	0.000438079
550	0.000438408
551	0.000438906
552	0.000439651
553	0.000440492
554	0.000441163
555	0.000441641
556	0.000442128
557	0.000442475
558	0.000443101
559	0.000443908
560	0.000444751
561	0.000445336
562	0.000445888
563	0.000446283
564	0.000446716
565	0.000447434
566	0.000448232
567	0.000449062
568	0.000449701
569	0.000450317
570	0.000450747
571	0.00045127
572	0.000452002
573	0.000452816
574	0.00045368
575	0.000454291
576	0.00045496
577	0.000455411
578	0.000455957
579	0.000456724
580	0.000457562
581	0.000458426
582	0.000459068
583	0.000459633
584	0.000460052
585	0.000460677
586	0.000461452
587	0.000462344
588	0.000463313
589	0.000463986
590	0.000464581
591	0.000465016
592	0.000465717
593	0.000466604
594	0.000467464
595	0.000468458
596	0.000469036
597	0.00046963
598	0.000470235
599	0.000470946
600	0.000471941
601	0.000472834
602	0.000473648
603	0.00047431
604	0.00047504
605	0.000475673
606	0.000476362
607	0.000477264
608	0.000478136
609	0.000479064
610	0.000479747
611	0.000480534
612	0.000481174
613	0.000481823
614	0.000482747
615	0.000483728
616	0.000484523
617	0.000485367
618	0.000486039
619	0.000486636
620	0.000487297
621	0.000488374
622	0.000489246
623	0.00049005
624	0.000490854
625	0.000491631
626	0.000492174
627	0.000492944
628	0.000493912
629	0.0004949
630	0.000495788
631	0.000496638
632	0.000497182
633	0.000497748
634	0.000498607
635	0.00049955
636	0.000500654
637	0.000501623
638	0.00050239
639	0.000502893
640	0.000503488
641	0.000504418
642	0.000505491
643	0.000506637
644	0.000507528
645	0.000508242
646	0.000508747
647	0.000509366
648	0.000510386
649	0.00051149
650	0.000512737
651	0.000513619
652	0.000514366
653	0.000514853
654	0.000515484
655	0.000516573
656	0.000517788
657	0.000518889
658	0.000519837
659	0.000520578
660	0.000521118
661	0.000521806
662	0.000522914
663	0.00052417
664	0.000525271
665	0.000526116
666	0.000526779
667	0.000527269
668	0.000528058
669	0.000529413
670	0.000530686
671	0.000531697
672	0.000532468
673	0.000533221
674	0.000533802
675	0.000534746
676	0.000536046
677	0.000537216
678	0.000538174
679	0.000538912
680	0.000539665
681	0.000540248
682	0.000541451
683	0.000542663
684	0.000543692
685	0.00054469
686	0.000545461
687	0.000546125
688	0.000546877
689	0.000548018
690	0.000549196
691	0.00055024
692	0.000551106
693	0.000551874
694	0.000552547
695	0.000553455
696	0.000554539
697	0.000555678
698	0.000556655
699	0.000557539
700	0.000558233
701	0.000559119
702	0.000560117
703	0.00056105
704	0.000562156
705	0.000563192
706	0.000564146
707	0.000565005
708	0.000566011
709	0.000566913
710	0.000567925
711	0.000569083
712	0.000570089
713	0.000570994
714	0.00057188
715	0.000572814
716	0.000573853
717	0.000574842
718	0.000575748
719	0.000576737
720	0.000577702
721	0.000578757
722	0.000579705
723	0.000580508
724	0.000581365
725	0.000582248
726	0.000583267
727	0.000584301
728	0.000585173
729	0.000586118
730	0.000586972
731	0.000587816
732	0.000588661
733	0.000589637
734	0.000590723
735	0.000591601
736	0.000592533
737	0.00059343
738	0.000594257
739	0.00059523
740	0.000596225
741	0.000597145
742	0.0005981
743	0.000598901
744	0.000599858
745	0.000600765
746	0.000601704
747	0.000602505
748	0.000603304
749	0.000604204
750	0.000605244
751	0.000605973
752	0.000606802
753	0.000607554
754	0.00060825
755	0.000609059
756	0.000610024
757	0.000610763
758	0.000611487
759	0.000612179
760	0.000613006
761	0.00061372
762	0.000614478
763	0.00061499
764	0.000615826
765	0.00061649
766	0.000617135
767	0.000617891
768	0.000618701
769	0.000619342
770	0.000619995
771	0.000620635
772	0.000621237
773	0.000621852
774	0.000622582
775	0.000623298
776	0.000623905
777	0.000624514
778	0.000624945
779	0.000625566
780	0.000626164
781	0.00062683
782	0.000627293
783	0.000627711
784	0.000628189
785	0.000628703
786	0.000629199
787	0.000629707
788	0.000629967
789	0.000630543
790	0.000630885
791	0.000631288
792	0.000631538
793	0.000632009
794	0.000632452
795	0.000632751
796	0.000633122
797	0.000633268
798	0.00063373
799	0.000634097
800	0.000634325
801	0.00063446
802	0.00063462
803	0.000634783
804	0.000635059
805	0.000635311
806	0.000635463
807	0.000635511
808	0.000635783
809	0.00063581
810	0.000636148
811	0.000636442
812	0.000636361
813	0.000636511
814	0.000636414
815	0.000636331
816	0.000636441
817	0.000636572
818	0.000636539
819	0.000636439
820	0.000636323
821	0.000636204
822	0.000636027
823	0.000636126
824	0.000636057
825	0.000635766
826	0.000635592
827	0.000635137
828	0.000635097
829	0.000634931
830	0.000634898
831	0.000634755
832	0.000634381
833	0.000633919
834	0.000633625
835	0.000633523
836	0.000633221
837	0.000632844
838	0.000632455
839	0.000631815
840	0.00063146
841	0.000631052
842	0.000630755
843	0.000630154
844	0.000629725
845	0.000629261
846	0.00062877
847	0.000628126
848	0.000627451
849	0.000626998
850	0.000626543
851	0.000625848
852	0.000625181
853	0.000624244
854	0.000623534
855	0.000623118
856	0.000622338
857	0.000621569
858	0.000620725
859	0.00061997
860	0.000619213
861	0.000618384
862	0.000617363
863	0.00061657
864	0.000615484
865	0.000614769
866	0.000613686
867	0.000612892
868	0.000611903
869	0.000610654
870	0.000609679
871	0.000608695
872	0.000607605
873	0.000606706
874	0.000605485
875	0.000604434
876	0.000603288
877	0.00060207
878	0.000601152
879	0.00059997
880	0.000598991
881	0.000597692
882	0.000596471
883	0.000595224
884	0.000594308
885	0.000592964
886	0.000591567
887	0.000590287
888	0.000589033
889	0.000587553
890	0.000586251
891	0.000584748
892	0.0005835
893	0.000581866
894	0.000580356
895	0.000578767
896	0.000577175
897	0.000575796
898	0.000574273
899	0.000572682
900	0.000570976
901	0.000569508
902	0.00056783
903	0.000566371
904	0.000564788
905	0.000563106
906	0.000561519
907	0.000559828
908	0.000558128
909	0.000556469
910	0.000554645
911	0.000553041
912	0.000551416
913	0.000549681
914	0.000548005
915	0.000546218
916	0.000544452
917	0.000542616
918	0.000540982
919	0.000539386
920	0.000537669
921	0.000535821
922	0.000533849
923	0.000531929
924	0.000530327
925	0.000528819
926	0.000527076
927	0.000525337
928	0.000523374
929	0.000521408
930	0.000519623
931	0.000517994
932	0.000516312
933	0.000514696
934	0.000512819
935	0.000510653
936	0.000508909
937	0.00050735
938	0.000505739
939	0.000503981
940	0.000501979
941	0.000500035
942	0.000498081
943	0.00049662
944	0.0004952
945	0.000493457
946	0.000491497
947	0.000489483
948	0.000487637
949	0.000486386
950	0.000484961
951	0.000483249
952	0.000481341
953	0.000479255
954	0.000477642
955	0.000476246
956	0.000474842
957	0.000473179
958	0.000471271
959	0.000469334
960	0.000467718
961	0.00046631
962	0.000464933
963	0.000463318
964	0.000461481
965	0.000459618
966	0.00045821
967	0.000456742
968	0.000455356
969	0.000453726
970	0.000452019
971	0.000450343
972	0.000448902
973	0.000447438
974	0.000445949
975	0.00044447
976	0.00044305
977	0.000441489
978	0.000440019
979	0.000438535
980	0.000437105
981	0.000435619
982	0.000434275
983	0.000432845
984	0.000431399
985	0.000429834
986	0.000428458
987	0.000427084
988	0.000425914
989	0.000424522
990	0.000423151
991	0.000421712
992	0.000420248
993	0.000418942
994	0.000417825
995	0.000416586
996	0.000415297
997	0.00041382
998	0.000412623
999	0.000411347
1000	0.000410131
1001	0.000408984
1002	0.000407851
1003	0.000406533
1004	0.00040526
1005	0.000404077
1006	0.00040287
1007	0.000401736
1008	0.000400573
1009	0.00039937
1010	0.000398298
1011	0.000397167
1012	0.000396096
1013	0.000394905
1014	0.000393702
1015	0.000392718
1016	0.000391743
1017	0.000390597
1018	0.000389536
1019	0.000388381
1020	0.000387304
1021	0.000386196
1022	0.000385219
1023	0.000384261
1024	0.000383214
1025	0.000382039
1026	0.000380934
1027	0.000379826
1028	0.000378733
1029	0.000377764
1030	0.000376778
1031	0.000375659
1032	0.000374556
1033	0.000373454
1034	0.000372457
1035	0.000371429
1036	0.000370493
1037	0.000369438
1038	0.000368333
1039	0.00036727
1040	0.00036628
1041	0.000365174
1042	0.000364023
1043	0.000362959
1044	0.00036199
1045	0.000360895
1046	0.000359819
1047	0.000358761
1048	0.000357679
1049	0.000356448
1050	0.000355356
1051	0.000354336
1052	0.000353403
1053	0.000352349
1054	0.00035126
1055	0.000350081
1056	0.000348889
1057	0.000347717
1058	0.000346663
1059	0.000345771
1060	0.00034486
1061	0.000343873
1062	0.000342778
1063	0.000341586
1064	0.000340464
1065	0.000339333
1066	0.000338527
1067	0.000337683
1068	0.000336677
1069	0.000335662
1070	0.000334548
1071	0.000333414
1072	0.00033227
1073	0.000331457
1074	0.000330565
1075	0.000329577
1076	0.000328533
1077	0.000327582
1078	0.000326463
1079	0.00032535
1080	0.000324328
1081	0.000323456
1082	0.000322643
1083	0.000321711
1084	0.000320872
1085	0.000319954
1086	0.000318996
1087	0.000318048
1088	0.000317131
1089	0.000316354
1090	0.000315559
1091	0.000314647
1092	0.000313722
1093	0.000312902
1094	0.000311959
1095	0.000311067
1096	0.000310264
1097	0.000309401
1098	0.000308553
1099	0.000307725
1100	0.000306871
1101	0.000306013
1102	0.000305139
1103	0.000304351
1104	0.000303547
1105	0.000302708
1106	0.000301907
1107	0.00030116
1108	0.000300432
1109	0.00029968
1110	0.000298868
1111	0.000298028
1112	0.000297193
1113	0.000296408
1114	0.000295663
1115	0.000294817
1116	0.000293963
1117	0.000293138
1118	0.000292222
1119	0.000291353
1120	0.00029051
1121	0.000289647
1122	0.000288707
1123	0.000287743
1124	0.000286851
1125	0.000286002
1126	0.000285217
1127	0.00028441
1128	0.000283591
1129	0.000282837
1130	0.000281942
1131	0.000281078
1132	0.000280168
1133	0.000279262
1134	0.000278423
1135	0.000277645
1136	0.000276815
1137	0.00027592
1138	0.00027511
1139	0.000274228
1140	0.000273373
1141	0.000272518
1142	0.000271707
1143	0.000270851
1144	0.000270048
1145	0.000269261
1146	0.000268382
1147	0.000267475
1148	0.000266575
1149	0.000265713
1150	0.000264886
1151	0.000264035
1152	0.000263162
1153	0.000262243
1154	0.000261295
1155	0.000260369
1156	0.000259483
1157	0.000258593
1158	0.000257623
1159	0.000256624
1160	0.000255638
1161	0.000254645
1162	0.000253644
1163	0.000252663
1164	0.000251619
1165	0.000250656
1166	0.000249614
1167	0.000248549
1168	0.000247524
1169	0.000246452
1170	0.000245335
1171	0.000244279
1172	0.000243255
1173	0.00024218
1174	0.000241031
1175	0.000239918
1176	0.000238814
1177	0.000237699
1178	0.000236568
1179	0.00023547
1180	0.000234312
1181	0.000233127
1182	0.000231908
1183	0.000230747
1184	0.000229524
1185	0.000228348
1186	0.000227125
1187	0.00022597
1188	0.000224784
1189	0.000223582
1190	0.000222323
1191	0.000221066
1192	0.000219848
1193	0.000218606
1194	0.000217378
1195	0.000216123
1196	0.000214839
1197	0.000213601
1198	0.000212294
1199	0.000211054
1200	0.000209829
1201	0.000208555
1202	0.000207303
1203	0.000205984
1204	0.000204723
1205	0.000203418
1206	0.000202147
1207	0.000200845
1208	0.000199582
1209	0.000198358
1210	0.000197088
1211	0.000195842
1212	0.000194595
1213	0.000193361
1214	0.000192101
1215	0.000190862
1216	0.000189647
1217	0.000188451
1218	0.000187253
1219	0.000186111
1220	0.000184942
1221	0.000183776
1222	0.000182619
1223	0.00018146
1224	0.000180323
1225	0.000179168
1226	0.000178024
1227	0.000176896
1228	0.000175722
1229	0.000174601
1230	0.000173453
1231	0.000172377
1232	0.000171266
1233	0.000170182
1234	0.000169049
1235	0.000167982
1236	0.000166939
1237	0.000165875
1238	0.000164869
1239	0.000163859
1240	0.000162789
1241	0.000161809
1242	0.000160816
1243	0.000159833
1244	0.000158834
1245	0.000157853
1246	0.000156849
1247	0.000155912
1248	0.000154925
1249	0.000153943
1250	0.000152983
1251	0.000152025
1252	0.000151074
1253	0.000150135
1254	0.000149193
1255	0.00014819
1256	0.000147263
1257	0.000146333
1258	0.000145421
1259	0.00014447
1260	0.000143557
1261	0.000142629
1262	0.000141636
1263	0.000140702
1264	0.000139775
1265	0.000138847
1266	0.00013788
1267	0.000136985
1268	0.000136039
1269	0.000135131
1270	0.000134187
1271	0.000133289
1272	0.000132375
1273	0.0001315
1274	0.000130578
1275	0.000129678
1276	0.000128761
