1	0.00112113
2	0.000240141
3	0.000913427
4	0.000882921
5	0.00102115
6	0.000819396
7	0.000522113
8	0.000259601
9	0.000161072
10	0.000117646
11	0.00010196
12	8.70535e-05
13	8.69141e-05
14	8.23999e-05
15	8.3937e-05
16	8.90184e-05
17	9.80822e-05
18	0.000106982
19	0.000113726
20	0.000117852
21	0.000120877
22	0.000124021
23	0.000125042
24	0.000126844
25	0.00012667
26	0.000126407
27	0.000127717
28	0.000127397
29	0.000128208
30	0.000128337
31	0.000129987
32	0.000129513
33	0.000129506
34	0.000131218
35	0.000132056
36	0.000130226
37	0.000131817
38	0.000133227
39	0.000134562
40	0.000135409
41	0.000135059
42	0.000135637
43	0.00013572
44	0.000135919
45	0.000136688
46	0.000137874
47	0.000138288
48	0.000139749
49	0.000141076
50	0.000141838
51	0.000142238
52	0.000142957
53	0.000143583
54	0.000143554
55	0.00014331
56	0.000143513
57	0.000143389
58	0.000142974
59	0.000142617
60	0.000141867
61	0.000140542
62	0.000140057
63	0.000138698
64	0.000136992
65	0.000135979
66	0.000135202
67	0.000134367
68	0.000133603
69	0.00013252
70	0.00013159
71	0.000130287
72	0.00012926
73	0.000128148
74	0.00012704
75	0.000125841
76	0.000124316
77	0.000123231
78	0.000121746
79	0.000120461
80	0.000119121
81	0.000117899
82	0.00011664
83	0.000115132
84	0.000114361
85	0.000113077
86	0.000111678
87	0.000110515
88	0.000109162
89	0.000107951
90	0.00010691
91	0.000105902
92	0.000104613
93	0.000103789
94	0.000102739
95	0.000101671
96	0.0001005
97	9.94012e-05
98	9.82888e-05
99	9.7177e-05
100	9.60292e-05
101	9.52075e-05
102	9.4272e-05
103	9.33198e-05
104	9.23838e-05
105	9.1536e-05
106	9.08266e-05
107	9.00086e-05
108	8.90762e-05
109	8.80675e-05
110	8.71628e-05
111	8.63509e-05
112	8.55974e-05
113	8.47645e-05
114	8.3951e-05
115	8.31319e-05
116	8.23075e-05
117	8.15243e-05
118	8.08918e-05
119	8.03524e-05
120	7.97044e-05
121	7.90606e-05
122	7.82035e-05
123	7.74383e-05
124	7.69395e-05
125	7.62299e-05
126	7.55643e-05
127	7.49688e-05
128	7.42645e-05
129	7.36148e-05
130	7.29667e-05
131	7.25755e-05
132	7.21003e-05
133	7.17388e-05
134	7.13141e-05
135	7.06737e-05
136	7.00891e-05
137	6.9582e-05
138	6.91603e-05
139	6.86842e-05
140	6.81035e-05
141	6.77334e-05
142	6.73219e-05
143	6.68588e-05
144	6.66317e-05
145	6.63526e-05
146	6.59547e-05
147	6.55577e-05
148	6.52419e-05
149	6.47491e-05
150	6.4333e-05
151	6.38467e-05
152	6.34413e-05
153	6.30417e-05
154	6.27704e-05
155	6.26013e-05
156	6.23647e-05
157	6.20492e-05
158	6.16819e-05
159	6.14044e-05
160	6.10135e-05
161	6.07826e-05
162	6.04637e-05
163	6.01672e-05
164	5.97348e-05
165	5.91953e-05
166	5.89804e-05
167	5.87513e-05
168	5.8588e-05
169	5.84545e-05
170	5.81312e-05
171	5.7788e-05
172	5.74234e-05
173	5.71646e-05
174	5.69511e-05
175	5.67736e-05
176	5.64534e-05
177	5.60663e-05
178	5.57131e-05
179	5.54937e-05
180	5.53311e-05
181	5.52081e-05
182	5.50478e-05
183	5.48239e-05
184	5.45157e-05
185	5.42336e-05
186	5.404e-05
187	5.37482e-05
188	5.34415e-05
189	5.33927e-05
190	5.31276e-05
191	5.29067e-05
192	5.27604e-05
193	5.25658e-05
194	5.22493e-05
195	5.20093e-05
196	5.19676e-05
197	5.18462e-05
198	5.16423e-05
199	5.13676e-05
200	5.108e-05
201	5.07642e-05
202	5.05226e-05
203	5.04543e-05
204	5.04311e-05
205	5.02934e-05
206	5.00691e-05
207	4.97825e-05
208	4.94864e-05
209	4.94005e-05
210	4.93608e-05
211	4.92779e-05
212	4.89931e-05
213	4.87476e-05
214	4.85524e-05
215	4.83014e-05
216	4.82012e-05
217	4.80928e-05
218	4.8101e-05
219	4.78853e-05
220	4.76357e-05
221	4.74734e-05
222	4.72978e-05
223	4.71022e-05
224	4.68946e-05
225	4.68081e-05
226	4.66747e-05
227	4.64806e-05
228	4.63624e-05
229	4.62782e-05
230	4.60981e-05
231	4.58761e-05
232	4.58384e-05
233	4.57544e-05
234	4.55189e-05
235	4.54076e-05
236	4.5184e-05
237	4.49551e-05
238	4.47989e-05
239	4.47009e-05
240	4.47397e-05
241	4.46584e-05
242	4.45343e-05
243	4.43285e-05
244	4.41144e-05
245	4.39496e-05
246	4.385e-05
247	4.38682e-05
248	4.37017e-05
249	4.35167e-05
250	4.33476e-05
251	4.32077e-05
252	4.31667e-05
253	4.31028e-05
254	4.30803e-05
255	4.29307e-05
256	4.2836e-05
257	4.26562e-05
258	4.24712e-05
259	4.24182e-05
260	4.22456e-05
261	4.21277e-05
262	4.19864e-05
263	4.20222e-05
264	4.18844e-05
265	4.17624e-05
266	4.1656e-05
267	4.15365e-05
268	4.14168e-05
269	4.12954e-05
270	4.12779e-05
271	4.11594e-05
272	4.09922e-05
273	4.08064e-05
274	4.06889e-05
275	4.06953e-05
276	4.05949e-05
277	4.06145e-05
278	4.04829e-05
279	4.03516e-05
280	4.02144e-05
281	4.00978e-05
282	4.00724e-05
283	4.00228e-05
284	3.99176e-05
285	3.98201e-05
286	3.96839e-05
287	3.96005e-05
288	3.95311e-05
289	3.9453e-05
290	3.93798e-05
291	3.93189e-05
292	3.92273e-05
293	3.91563e-05
294	3.90994e-05
295	3.9003e-05
296	3.89005e-05
297	3.88198e-05
298	3.87432e-05
299	3.86836e-05
300	3.86078e-05
301	3.85458e-05
302	3.84881e-05
303	3.8376e-05
304	3.83218e-05
305	3.82693e-05
306	3.82257e-05
307	3.81066e-05
308	3.80049e-05
309	3.79636e-05
310	3.78853e-05
311	3.78347e-05
312	3.7793e-05
313	3.77174e-05
314	3.76944e-05
315	3.75991e-05
316	3.75732e-05
317	3.75297e-05
318	3.74625e-05
319	3.73836e-05
320	3.72885e-05
321	3.72443e-05
322	3.71831e-05
323	3.71621e-05
324	3.71399e-05
325	3.70753e-05
326	3.70153e-05
327	3.69413e-05
328	3.69239e-05
329	3.68553e-05
330	3.68054e-05
331	3.67514e-05
332	3.67081e-05
333	3.66187e-05
334	3.65839e-05
335	3.65124e-05
336	3.65185e-05
337	3.64923e-05
338	3.64504e-05
339	3.64166e-05
340	3.6378e-05
341	3.63032e-05
342	3.6234e-05
343	3.62606e-05
344	3.62319e-05
345	3.6211e-05
346	3.61728e-05
347	3.61081e-05
348	3.60491e-05
349	3.59891e-05
350	3.60398e-05
351	3.60286e-05
352	3.60194e-05
353	3.59781e-05
354	3.59281e-05
355	3.58767e-05
356	3.58444e-05
357	3.58264e-05
358	3.58832e-05
359	3.58786e-05
360	3.58299e-05
361	3.57922e-05
362	3.57397e-05
363	3.57048e-05
364	3.56915e-05
365	3.57078e-05
366	3.57462e-05
367	3.57262e-05
368	3.56788e-05
369	3.56245e-05
370	3.56114e-05
371	3.56009e-05
372	3.56078e-05
373	3.56408e-05
374	3.56389e-05
375	3.56063e-05
376	3.55617e-05
377	3.55433e-05
378	3.55338e-05
379	3.55259e-05
380	3.55528e-05
381	3.55736e-05
382	3.5544e-05
383	3.55045e-05
384	3.54827e-05
385	3.54853e-05
386	3.54779e-05
387	3.5483e-05
388	3.55247e-05
389	3.55094e-05
390	3.5467e-05
391	3.54493e-05
392	3.54545e-05
393	3.5465e-05
394	3.54541e-05
395	3.54988e-05
396	3.54883e-05
397	3.54482e-05
398	3.54404e-05
399	3.54488e-05
400	3.54634e-05
401	3.54659e-05
402	3.54832e-05
403	3.55029e-05
404	3.54696e-05
405	3.54553e-05
406	3.54574e-05
407	3.54658e-05
408	3.54886e-05
409	3.5505e-05
410	3.55083e-05
411	3.54814e-05
412	3.54915e-05
413	3.54873e-05
414	3.54969e-05
415	3.55092e-05
416	3.55148e-05
417	3.55312e-05
418	3.55136e-05
419	3.55096e-05
420	3.5519e-05
421	3.55501e-05
422	3.55637e-05
423	3.5576e-05
424	3.55705e-05
425	3.55652e-05
426	3.55705e-05
427	3.5579e-05
428	3.55977e-05
429	3.56218e-05
430	3.56449e-05
431	3.56483e-05
432	3.56312e-05
433	3.56491e-05
434	3.5661e-05
435	3.56859e-05
436	3.57091e-05
437	3.57286e-05
438	3.57336e-05
439	3.57236e-05
440	3.57531e-05
441	3.57619e-05
442	3.5782e-05
443	3.58023e-05
444	3.58256e-05
445	3.58368e-05
446	3.58392e-05
447	3.58494e-05
448	3.58792e-05
449	3.59022e-05
450	3.59169e-05
451	3.59499e-05
452	3.59832e-05
453	3.59748e-05
454	3.59839e-05
455	3.60165e-05
456	3.60472e-05
457	3.60725e-05
458	3.60981e-05
459	3.61219e-05
460	3.61265e-05
461	3.61461e-05
462	3.61769e-05
463	3.62349e-05
464	3.62661e-05
465	3.62949e-05
466	3.63073e-05
467	3.6306e-05
468	3.63351e-05
469	3.63713e-05
470	3.64335e-05
471	3.64796e-05
472	3.65021e-05
473	3.65083e-05
474	3.65101e-05
475	3.65384e-05
476	3.6577e-05
477	3.6648e-05
478	3.66829e-05
479	3.67123e-05
480	3.67172e-05
481	3.67325e-05
482	3.67513e-05
483	3.68014e-05
484	3.68781e-05
485	3.69222e-05
486	3.69573e-05
487	3.69577e-05
488	3.697e-05
489	3.7001e-05
490	3.70489e-05
491	3.71314e-05
492	3.71778e-05
493	3.72018e-05
494	3.72037e-05
495	3.72345e-05
496	3.72738e-05
497	3.73216e-05
498	3.74041e-05
499	3.74479e-05
500	3.74877e-05
501	3.74892e-05
502	3.75152e-05
503	3.75555e-05
504	3.76128e-05
505	3.7703e-05
506	3.77481e-05
507	3.77827e-05
508	3.77952e-05
509	3.78227e-05
510	3.78673e-05
511	3.79315e-05
512	3.80237e-05
513	3.80699e-05
514	3.81002e-05
515	3.81104e-05
516	3.81516e-05
517	3.82062e-05
518	3.82781e-05
519	3.83712e-05
520	3.84171e-05
521	3.84484e-05
522	3.84584e-05
523	3.85082e-05
524	3.85705e-05
525	3.86538e-05
526	3.87377e-05
527	3.87848e-05
528	3.88158e-05
529	3.88398e-05
530	3.88867e-05
531	3.89528e-05
532	3.90457e-05
533	3.9133e-05
534	3.91902e-05
535	3.9239e-05
536	3.92767e-05
537	3.93193e-05
538	3.94018e-05
539	3.94989e-05
540	3.95832e-05
541	3.96418e-05
542	3.96877e-05
543	3.97241e-05
544	3.97842e-05
545	3.98697e-05
546	3.99619e-05
547	4.00454e-05
548	4.01081e-05
549	4.01496e-05
550	4.01951e-05
551	4.02509e-05
552	4.03405e-05
553	4.04394e-05
554	4.05159e-05
555	4.05715e-05
556	4.06274e-05
557	4.06649e-05
558	4.07395e-05
559	4.08338e-05
560	4.09335e-05
561	4.10078e-05
562	4.10702e-05
563	4.11142e-05
564	4.11686e-05
565	4.12481e-05
566	4.1343e-05
567	4.14425e-05
568	4.15187e-05
569	4.15883e-05
570	4.16409e-05
571	4.17055e-05
572	4.17913e-05
573	4.18862e-05
574	4.19914e-05
575	4.20708e-05
576	4.21425e-05
577	4.21936e-05
578	4.22572e-05
579	4.23494e-05
580	4.24455e-05
581	4.25527e-05
582	4.26286e-05
583	4.2699e-05
584	4.27467e-05
585	4.28169e-05
586	4.29136e-05
587	4.30121e-05
588	4.31332e-05
589	4.32124e-05
590	4.32808e-05
591	4.33317e-05
592	4.34128e-05
593	4.3514e-05
594	4.3612e-05
595	4.37307e-05
596	4.3802e-05
597	4.38746e-05
598	4.39398e-05
599	4.40201e-05
600	4.41347e-05
601	4.42377e-05
602	4.43404e-05
603	4.44228e-05
604	4.45059e-05
605	4.4581e-05
606	4.46565e-05
607	4.47656e-05
608	4.48635e-05
609	4.49771e-05
610	4.50604e-05
611	4.51553e-05
612	4.52277e-05
613	4.53031e-05
614	4.54088e-05
615	4.5526e-05
616	4.56215e-05
617	4.57238e-05
618	4.58028e-05
619	4.58779e-05
620	4.59548e-05
621	4.60768e-05
622	4.61864e-05
623	4.62837e-05
624	4.63719e-05
625	4.64691e-05
626	4.65324e-05
627	4.66252e-05
628	4.67389e-05
629	4.68584e-05
630	4.69648e-05
631	4.70684e-05
632	4.71408e-05
633	4.72131e-05
634	4.73083e-05
635	4.74215e-05
636	4.75518e-05
637	4.76703e-05
638	4.77613e-05
639	4.78299e-05
640	4.79093e-05
641	4.8017e-05
642	4.81432e-05
643	4.828e-05
644	4.83901e-05
645	4.84817e-05
646	4.85413e-05
647	4.86182e-05
648	4.87383e-05
649	4.88708e-05
650	4.90147e-05
651	4.91234e-05
652	4.92111e-05
653	4.92788e-05
654	4.93581e-05
655	4.94828e-05
656	4.96305e-05
657	4.97637e-05
658	4.98776e-05
659	4.99684e-05
660	5.00337e-05
661	5.01189e-05
662	5.02461e-05
663	5.03956e-05
664	5.0523e-05
665	5.06221e-05
666	5.07096e-05
667	5.07768e-05
668	5.08718e-05
669	5.10236e-05
670	5.11733e-05
671	5.12955e-05
672	5.13912e-05
673	5.14792e-05
674	5.15551e-05
675	5.16684e-05
676	5.18155e-05
677	5.19517e-05
678	5.20678e-05
679	5.21593e-05
680	5.22549e-05
681	5.23272e-05
682	5.24673e-05
683	5.26005e-05
684	5.27228e-05
685	5.28458e-05
686	5.29389e-05
687	5.30197e-05
688	5.31136e-05
689	5.32463e-05
690	5.33782e-05
691	5.34987e-05
692	5.36055e-05
693	5.3701e-05
694	5.37845e-05
695	5.38899e-05
696	5.4018e-05
697	5.41456e-05
698	5.42604e-05
699	5.43696e-05
700	5.44555e-05
701	5.45583e-05
702	5.46672e-05
703	5.47801e-05
704	5.49064e-05
705	5.50284e-05
706	5.51347e-05
707	5.52356e-05
708	5.53492e-05
709	5.54527e-05
710	5.55688e-05
711	5.56995e-05
712	5.58095e-05
713	5.59133e-05
714	5.60155e-05
715	5.61197e-05
716	5.62334e-05
717	5.63431e-05
718	5.64438e-05
719	5.65531e-05
720	5.66592e-05
721	5.67743e-05
722	5.68792e-05
723	5.69724e-05
724	5.70702e-05
725	5.71622e-05
726	5.72701e-05
727	5.73819e-05
728	5.74822e-05
729	5.75864e-05
730	5.76801e-05
731	5.77664e-05
732	5.78591e-05
733	5.79641e-05
734	5.80801e-05
735	5.81756e-05
736	5.82755e-05
737	5.83727e-05
738	5.84603e-05
739	5.85567e-05
740	5.86666e-05
741	5.87584e-05
742	5.88633e-05
743	5.89471e-05
744	5.90476e-05
745	5.91409e-05
746	5.92351e-05
747	5.93217e-05
748	5.94052e-05
749	5.95052e-05
750	5.96093e-05
751	5.96845e-05
752	5.9767e-05
753	5.98486e-05
754	5.99238e-05
755	6.00106e-05
756	6.00996e-05
757	6.01743e-05
758	6.02525e-05
759	6.03272e-05
760	6.04098e-05
761	6.04846e-05
762	6.05529e-05
763	6.06071e-05
764	6.06895e-05
765	6.07595e-05
766	6.08243e-05
767	6.08971e-05
768	6.09775e-05
769	6.10354e-05
770	6.1093e-05
771	6.11568e-05
772	6.12215e-05
773	6.12878e-05
774	6.13498e-05
775	6.14128e-05
776	6.14633e-05
777	6.15259e-05
778	6.15825e-05
779	6.16414e-05
780	6.16891e-05
781	6.17424e-05
782	6.17902e-05
783	6.18288e-05
784	6.18795e-05
785	6.19315e-05
786	6.19657e-05
787	6.2011e-05
788	6.20349e-05
789	6.20808e-05
790	6.21135e-05
791	6.21459e-05
792	6.21777e-05
793	6.22096e-05
794	6.22442e-05
795	6.22642e-05
796	6.22936e-05
797	6.23089e-05
798	6.23525e-05
799	6.23701e-05
800	6.23833e-05
801	6.23889e-05
802	6.24086e-05
803	6.24247e-05
804	6.24366e-05
805	6.2443e-05
806	6.24445e-05
807	6.24599e-05
808	6.24835e-05
809	6.24771e-05
810	6.24886e-05
811	6.25025e-05
812	6.25016e-05
813	6.25033e-05
814	6.24892e-05
815	6.24755e-05
816	6.2474e-05
817	6.24787e-05
818	6.24685e-05
819	6.24404e-05
820	6.24161e-05
821	6.23973e-05
822	6.238e-05
823	6.23685e-05
824	6.23492e-05
825	6.23062e-05
826	6.22818e-05
827	6.22306e-05
828	6.22213e-05
829	6.21835e-05
830	6.21571e-05
831	6.21367e-05
832	6.20989e-05
833	6.20464e-05
834	6.20011e-05
835	6.19712e-05
836	6.19287e-05
837	6.18935e-05
838	6.18415e-05
839	6.17644e-05
840	6.17153e-05
841	6.16566e-05
842	6.16257e-05
843	6.15587e-05
844	6.14978e-05
845	6.14285e-05
846	6.13695e-05
847	6.13097e-05
848	6.12382e-05
849	6.11783e-05
850	6.11139e-05
851	6.10211e-05
852	6.09459e-05
853	6.0857e-05
854	6.07845e-05
855	6.07205e-05
856	6.06146e-05
857	6.0526e-05
858	6.04392e-05
859	6.03682e-05
860	6.02708e-05
861	6.01634e-05
862	6.00338e-05
863	5.9954e-05
864	5.98507e-05
865	5.97631e-05
866	5.96456e-05
867	5.95359e-05
868	5.9419e-05
869	5.93019e-05
870	5.91955e-05
871	5.9085e-05
872	5.89486e-05
873	5.88361e-05
874	5.87109e-05
875	5.86015e-05
876	5.84753e-05
877	5.83336e-05
878	5.82251e-05
879	5.80975e-05
880	5.80012e-05
881	5.78582e-05
882	5.77199e-05
883	5.75673e-05
884	5.74739e-05
885	5.73277e-05
886	5.71912e-05
887	5.70504e-05
888	5.68989e-05
889	5.67425e-05
890	5.66048e-05
891	5.64375e-05
892	5.62965e-05
893	5.6126e-05
894	5.59606e-05
895	5.57866e-05
896	5.56128e-05
897	5.5457e-05
898	5.52878e-05
899	5.512e-05
900	5.49432e-05
901	5.47795e-05
902	5.45961e-05
903	5.44223e-05
904	5.42563e-05
905	5.40727e-05
906	5.39087e-05
907	5.37247e-05
908	5.35271e-05
909	5.33443e-05
910	5.31661e-05
911	5.29885e-05
912	5.28045e-05
913	5.26163e-05
914	5.24239e-05
915	5.22319e-05
916	5.20613e-05
917	5.18683e-05
918	5.16839e-05
919	5.14991e-05
920	5.13107e-05
921	5.11258e-05
922	5.09234e-05
923	5.0733e-05
924	5.05577e-05
925	5.03806e-05
926	5.01964e-05
927	5.00151e-05
928	4.98121e-05
929	4.96217e-05
930	4.94257e-05
931	4.92468e-05
932	4.9064e-05
933	4.88868e-05
934	4.86969e-05
935	4.84842e-05
936	4.8313e-05
937	4.81478e-05
938	4.79628e-05
939	4.77648e-05
940	4.75569e-05
941	4.73785e-05
942	4.71915e-05
943	4.70305e-05
944	4.686e-05
945	4.66622e-05
946	4.64732e-05
947	4.62942e-05
948	4.6114e-05
949	4.59775e-05
950	4.57915e-05
951	4.56116e-05
952	4.5421e-05
953	4.52493e-05
954	4.51057e-05
955	4.49578e-05
956	4.4781e-05
957	4.46099e-05
958	4.4417e-05
959	4.42514e-05
960	4.41048e-05
961	4.39603e-05
962	4.37954e-05
963	4.36225e-05
964	4.34447e-05
965	4.32677e-05
966	4.31302e-05
967	4.29849e-05
968	4.28392e-05
969	4.26722e-05
970	4.25068e-05
971	4.23364e-05
972	4.21885e-05
973	4.20494e-05
974	4.19108e-05
975	4.17687e-05
976	4.16238e-05
977	4.14582e-05
978	4.13078e-05
979	4.11713e-05
980	4.104e-05
981	4.0902e-05
982	4.07682e-05
983	4.06261e-05
984	4.04719e-05
985	4.03157e-05
986	4.01884e-05
987	4.0065e-05
988	3.99457e-05
989	3.98108e-05
990	3.96647e-05
991	3.95214e-05
992	3.93849e-05
993	3.92768e-05
994	3.91769e-05
995	3.90539e-05
996	3.89204e-05
997	3.87704e-05
998	3.8654e-05
999	3.85396e-05
1000	3.84296e-05
1001	3.8324e-05
1002	3.82039e-05
1003	3.80722e-05
1004	3.79542e-05
1005	3.78541e-05
1006	3.77472e-05
1007	3.76387e-05
1008	3.75255e-05
1009	3.74104e-05
1010	3.73002e-05
1011	3.7198e-05
1012	3.71e-05
1013	3.69885e-05
1014	3.68803e-05
1015	3.67833e-05
1016	3.66908e-05
1017	3.65835e-05
1018	3.6491e-05
1019	3.63865e-05
1020	3.62808e-05
1021	3.61806e-05
1022	3.60895e-05
1023	3.59959e-05
1024	3.59073e-05
1025	3.58045e-05
1026	3.56965e-05
1027	3.55828e-05
1028	3.54873e-05
1029	3.54031e-05
1030	3.53147e-05
1031	3.52158e-05
1032	3.51141e-05
1033	3.49965e-05
1034	3.48908e-05
1035	3.48072e-05
1036	3.47228e-05
1037	3.46305e-05
1038	3.45319e-05
1039	3.44207e-05
1040	3.43162e-05
1041	3.42077e-05
1042	3.41109e-05
1043	3.40241e-05
1044	3.39384e-05
1045	3.3839e-05
1046	3.37266e-05
1047	3.36122e-05
1048	3.35113e-05
1049	3.34147e-05
1050	3.33287e-05
1051	3.32379e-05
1052	3.31472e-05
1053	3.30334e-05
1054	3.29167e-05
1055	3.2803e-05
1056	3.27052e-05
1057	3.26122e-05
1058	3.25219e-05
1059	3.24325e-05
1060	3.23305e-05
1061	3.2224e-05
1062	3.21136e-05
1063	3.20095e-05
1064	3.19265e-05
1065	3.18375e-05
1066	3.17485e-05
1067	3.16546e-05
1068	3.15511e-05
1069	3.14447e-05
1070	3.13437e-05
1071	3.12466e-05
1072	3.11619e-05
1073	3.10793e-05
1074	3.09822e-05
1075	3.08781e-05
1076	3.07782e-05
1077	3.06818e-05
1078	3.05814e-05
1079	3.04939e-05
1080	3.04089e-05
1081	3.03188e-05
1082	3.02341e-05
1083	3.01384e-05
1084	3.0045e-05
1085	2.99574e-05
1086	2.98743e-05
1087	2.97925e-05
1088	2.97113e-05
1089	2.96333e-05
1090	2.95491e-05
1091	2.94531e-05
1092	2.93679e-05
1093	2.92887e-05
1094	2.91981e-05
1095	2.9117e-05
1096	2.90429e-05
1097	2.89679e-05
1098	2.88816e-05
1099	2.87919e-05
1100	2.87137e-05
1101	2.86217e-05
1102	2.85453e-05
1103	2.84673e-05
1104	2.83972e-05
1105	2.83239e-05
1106	2.8247e-05
1107	2.81703e-05
1108	2.80979e-05
1109	2.80196e-05
1110	2.79388e-05
1111	2.786e-05
1112	2.77822e-05
1113	2.77103e-05
1114	2.76358e-05
1115	2.7561e-05
1116	2.74765e-05
1117	2.73951e-05
1118	2.73203e-05
1119	2.72277e-05
1120	2.71429e-05
1121	2.7063e-05
1122	2.69776e-05
1123	2.68945e-05
1124	2.68148e-05
1125	2.67268e-05
1126	2.6641e-05
1127	2.6567e-05
1128	2.64776e-05
1129	2.64043e-05
1130	2.63225e-05
1131	2.62365e-05
1132	2.61508e-05
1133	2.60708e-05
1134	2.59876e-05
1135	2.59163e-05
1136	2.58277e-05
1137	2.5752e-05
1138	2.56649e-05
1139	2.55921e-05
1140	2.55062e-05
1141	2.54244e-05
1142	2.53511e-05
1143	2.52676e-05
1144	2.51935e-05
1145	2.51089e-05
1146	2.50326e-05
1147	2.49447e-05
1148	2.4859e-05
1149	2.47752e-05
1150	2.46944e-05
1151	2.46026e-05
1152	2.45251e-05
1153	2.44313e-05
1154	2.43424e-05
1155	2.42546e-05
1156	2.41699e-05
1157	2.40809e-05
1158	2.3983e-05
1159	2.38835e-05
1160	2.37833e-05
1161	2.36897e-05
1162	2.3589e-05
1163	2.34952e-05
1164	2.33906e-05
1165	2.33009e-05
1166	2.31909e-05
1167	2.31046e-05
1168	2.30005e-05
1169	2.28946e-05
1170	2.28011e-05
1171	2.27042e-05
1172	2.2608e-05
1173	2.24971e-05
1174	2.23891e-05
1175	2.22741e-05
1176	2.21694e-05
1177	2.20684e-05
1178	2.19514e-05
1179	2.18419e-05
1180	2.17261e-05
1181	2.16164e-05
1182	2.15009e-05
1183	2.13977e-05
1184	2.12821e-05
1185	2.11781e-05
1186	2.10536e-05
1187	2.09378e-05
1188	2.08119e-05
1189	2.07027e-05
1190	2.05806e-05
1191	2.04705e-05
1192	2.03573e-05
1193	2.02357e-05
1194	2.01175e-05
1195	2.00029e-05
1196	1.98828e-05
1197	1.97566e-05
1198	1.96276e-05
1199	1.95061e-05
1200	1.93814e-05
1201	1.92588e-05
1202	1.91408e-05
1203	1.90192e-05
1204	1.88994e-05
1205	1.87756e-05
1206	1.86564e-05
1207	1.85361e-05
1208	1.84098e-05
1209	1.82913e-05
1210	1.8173e-05
1211	1.80576e-05
1212	1.79371e-05
1213	1.78193e-05
1214	1.77035e-05
1215	1.75779e-05
1216	1.74637e-05
1217	1.73507e-05
1218	1.72317e-05
1219	1.7119e-05
1220	1.70061e-05
1221	1.68936e-05
1222	1.67826e-05
1223	1.66731e-05
1224	1.6564e-05
1225	1.64511e-05
1226	1.63423e-05
1227	1.62317e-05
1228	1.61162e-05
1229	1.60073e-05
1230	1.58985e-05
1231	1.57951e-05
1232	1.56917e-05
1233	1.55876e-05
1234	1.54872e-05
1235	1.53859e-05
1236	1.52844e-05
1237	1.51855e-05
1238	1.50866e-05
1239	1.49899e-05
1240	1.48904e-05
1241	1.47962e-05
1242	1.47057e-05
1243	1.46145e-05
1244	1.45225e-05
1245	1.44304e-05
1246	1.43407e-05
1247	1.42513e-05
1248	1.4162e-05
1249	1.40721e-05
1250	1.39828e-05
1251	1.38956e-05
1252	1.38112e-05
1253	1.37243e-05
1254	1.36389e-05
1255	1.3558e-05
1256	1.34768e-05
1257	1.33896e-05
1258	1.33073e-05
1259	1.32285e-05
1260	1.31522e-05
1261	1.30702e-05
1262	1.29826e-05
1263	1.28984e-05
1264	1.28165e-05
1265	1.27397e-05
1266	1.26593e-05
1267	1.25776e-05
1268	1.24918e-05
1269	1.24126e-05
1270	1.23361e-05
1271	1.22587e-05
1272	1.21821e-05
1273	1.21025e-05
1274	1.20223e-05
1275	1.19438e-05
1276	1.18663e-05
