1	0.24
2	0.3
3	0.35
4	0.4
5	0.44
6	0.49
7	0.54
8	0.59
9	0.64
10	0.68
11	0.72
12	0.77
13	0.81
14	0.85
15	0.89
16	0.93
17	0.97
18	1.02
19	1.06
20	1.11
21	1.15
22	1.19
23	1.23
24	1.27
25	1.31
26	1.36
27	1.4
28	1.44
29	1.48
30	1.53
31	1.57
32	1.61
33	1.65
34	1.69
35	1.73
36	1.77
37	1.81
38	1.85
39	1.89
40	1.93
41	1.98
42	2.02
43	2.06
44	2.1
45	2.14
46	2.18
47	2.22
48	2.27
49	2.31
50	2.35
51	2.39
52	2.43
53	2.47
54	2.51
55	2.56
56	2.6
57	2.64
58	2.68
59	2.73
60	2.77
61	2.81
62	2.85
63	2.9
64	2.94
65	2.98
66	3.03
67	3.07
68	3.11
69	3.15
70	3.2
71	3.24
72	3.28
73	3.33
74	3.37
75	3.41
76	3.45
77	3.49
78	3.54
79	3.58
80	3.62
81	3.67
82	3.71
83	3.75
84	3.8
85	3.84
86	3.88
87	3.93
88	3.97
89	4.02
90	4.06
91	4.11
92	4.15
93	4.19
94	4.24
95	4.28
96	4.32
97	4.36
98	4.41
99	4.45
100	4.59
101	4.96
102	5
103	5.05
104	5.1
105	5.14
106	5.18
107	5.22
108	5.27
109	5.31
110	5.35
111	5.4
112	5.47
113	5.54
114	5.59
115	5.63
116	5.69
117	5.74
118	5.78
119	5.83
120	5.88
121	5.92
122	5.97
123	6.02
124	6.06
125	6.11
126	6.15
127	6.19
128	6.24
129	6.28
130	6.33
131	6.38
132	6.42
133	6.46
134	6.5
135	6.59
136	6.66
137	6.7
138	6.75
139	6.79
140	6.83
141	6.88
142	6.92
143	6.97
144	7.01
145	7.06
146	7.1
147	7.14
148	7.18
149	7.22
150	7.27
151	7.31
152	7.35
153	7.39
154	7.43
155	7.48
156	7.52
157	7.56
158	7.6
159	7.64
160	7.68
161	7.73
162	7.77
163	7.81
164	7.85
165	7.89
166	7.93
167	7.97
168	8.01
169	8.06
170	8.1
171	8.14
172	8.18
173	8.22
174	8.26
175	8.31
176	8.35
177	8.39
178	8.43
179	8.47
180	8.52
181	8.56
182	8.6
183	8.64
184	8.68
185	8.72
186	8.76
187	8.8
188	8.85
189	8.89
190	8.93
191	8.97
192	9.01
193	9.05
194	9.1
195	9.14
196	9.18
197	9.22
198	9.26
199	9.3
200	9.43
201	9.57
202	9.61
203	9.65
204	9.7
205	9.74
206	9.78
207	9.82
208	9.87
209	9.91
210	9.95
211	9.99
212	10.03
213	10.07
214	10.12
215	10.16
216	10.2
217	10.24
218	10.28
219	10.32
220	10.36
221	10.4
222	10.45
223	10.49
224	10.53
225	10.57
226	10.61
227	10.65
228	10.7
229	10.74
230	10.78
231	10.82
232	10.86
233	10.9
234	10.94
235	10.99
236	11.03
237	11.07
238	11.11
239	11.15
240	11.19
241	11.23
242	11.29
243	11.33
244	11.37
245	11.42
246	11.46
247	11.5
248	11.54
249	11.58
250	11.63
251	11.67
252	11.71
253	11.75
254	11.79
255	11.84
256	11.88
257	11.92
258	11.97
259	12.01
260	12.05
261	12.09
262	12.13
263	12.18
264	12.22
265	12.26
266	12.3
267	12.35
268	12.39
269	12.43
270	12.47
271	12.51
272	12.56
273	12.6
274	12.64
275	12.68
276	12.73
277	12.77
278	12.81
279	12.85
280	12.9
281	12.94
282	12.98
283	13.02
284	13.07
285	13.11
286	13.15
287	13.19
288	13.23
289	13.28
290	13.32
291	13.36
292	13.41
293	13.45
294	13.5
295	13.54
296	13.59
297	13.63
298	13.67
299	13.72
300	13.86
301	14
302	14.04
303	14.09
304	14.13
305	14.17
306	14.22
307	14.26
308	14.31
309	14.35
310	14.4
311	14.44
312	14.48
313	14.53
314	14.57
315	14.62
316	14.66
317	14.71
318	14.75
319	14.79
320	14.84
321	14.88
322	14.92
323	14.97
324	15.01
325	15.05
326	15.1
327	15.14
328	15.19
329	15.23
330	15.27
331	15.32
332	15.36
333	15.4
334	15.45
335	15.49
336	15.53
337	15.58
338	15.62
339	15.66
340	15.71
341	15.75
342	15.79
343	15.84
344	15.88
345	15.93
346	15.97
347	16.02
348	16.06
349	16.11
350	16.15
351	16.19
352	16.24
353	16.28
354	16.33
355	16.37
356	16.42
357	16.46
358	16.5
359	16.55
360	16.59
361	16.63
362	16.68
363	16.72
364	16.77
365	16.81
366	16.85
367	16.9
368	16.94
369	16.99
370	17.03
371	17.07
372	17.12
373	17.16
374	17.21
375	17.25
376	17.3
377	17.34
378	17.38
379	17.42
380	17.46
381	17.51
382	17.55
383	17.59
384	17.64
385	17.68
386	17.73
387	17.77
388	17.81
389	17.86
390	17.9
391	17.94
392	17.99
393	18.03
394	18.07
395	18.12
396	18.16
397	18.2
398	18.25
399	18.29
400	18.43
401	18.57
402	18.61
403	18.65
404	18.7
405	18.74
406	18.78
407	18.83
408	18.87
409	18.92
410	18.96
411	19
412	19.05
413	19.09
414	19.13
415	19.18
416	19.22
417	19.26
418	19.31
419	19.35
420	19.39
421	19.44
422	19.48
423	19.52
424	19.57
425	19.61
426	19.65
427	19.7
428	19.74
429	19.78
430	19.83
431	19.87
432	19.91
433	19.96
434	20
435	20.05
436	20.09
437	20.13
438	20.18
439	20.22
440	20.26
441	20.31
442	20.35
443	20.39
444	20.44
445	20.48
446	20.52
447	20.57
448	20.61
449	20.65
450	20.7
451	20.74
452	20.78
453	20.82
454	20.87
455	20.91
456	20.95
457	20.99
458	21.03
459	21.08
460	21.12
461	21.16
462	21.21
463	21.25
464	21.29
465	21.33
466	21.38
467	21.42
468	21.46
469	21.5
470	21.55
471	21.59
472	21.63
473	21.68
474	21.72
475	21.76
476	21.8
477	21.84
478	21.89
479	21.93
480	21.97
481	22.01
482	22.05
483	22.1
484	22.14
485	22.18
486	22.23
487	22.27
488	22.31
489	22.35
490	22.4
491	22.44
492	22.48
493	22.53
494	22.57
495	22.61
496	22.65
497	22.7
498	22.74
499	22.78
500	22.92
501	23.06
502	23.1
503	23.14
504	23.18
505	23.22
506	23.27
507	23.31
508	23.35
509	23.4
510	23.44
511	23.48
512	23.52
513	23.57
514	23.61
515	23.65
516	23.7
517	23.74
518	23.78
519	23.82
520	23.86
521	23.91
522	23.95
523	23.99
524	24.03
525	24.07
526	24.12
527	24.16
528	24.2
529	24.24
530	24.28
531	24.32
532	24.37
533	24.41
534	24.45
535	24.49
536	24.53
537	24.58
538	24.62
539	24.66
540	24.7
541	24.74
542	24.78
543	24.82
544	24.86
545	24.9
546	24.95
547	24.99
548	25.03
549	25.07
550	25.11
551	25.15
552	25.19
553	25.23
554	25.28
555	25.32
556	25.36
557	25.4
558	25.44
559	25.48
560	25.53
561	25.57
562	25.61
563	25.65
564	25.69
565	25.73
566	25.77
567	25.82
568	25.86
569	25.9
570	25.94
571	25.99
572	26.03
573	26.07
574	26.11
575	26.15
576	26.2
577	26.24
578	26.28
579	26.32
580	26.37
581	26.41
582	26.45
583	26.49
584	26.53
585	26.58
586	26.62
587	26.66
588	26.7
589	26.74
590	26.79
591	26.83
592	26.88
593	26.92
594	26.96
595	27
596	27.04
597	27.08
598	27.13
599	27.17
600	27.3
601	27.44
602	27.48
603	27.52
604	27.56
605	27.61
606	27.65
607	27.69
608	27.73
609	27.78
610	27.82
611	27.86
612	27.9
613	27.95
614	27.99
615	28.03
616	28.07
617	28.11
618	28.16
619	28.2
620	28.24
621	28.28
622	28.33
623	28.37
624	28.41
625	28.45
626	28.49
627	28.54
628	28.58
629	28.62
630	28.66
631	28.7
632	28.74
633	28.79
634	28.83
635	28.87
636	28.91
637	28.96
638	29
639	29.04
640	29.08
641	29.13
642	29.17
643	29.21
644	29.26
645	29.3
646	29.34
647	29.38
648	29.43
649	29.47
650	29.51
651	29.55
652	29.59
653	29.63
654	29.68
655	29.72
656	29.76
657	29.8
658	29.85
659	29.89
660	29.93
661	29.97
662	30.02
663	30.06
664	30.1
665	30.14
666	30.19
667	30.23
668	30.27
669	30.31
670	30.35
671	30.4
672	30.44
673	30.48
674	30.52
675	30.57
676	30.61
677	30.65
678	30.69
679	30.73
680	30.77
681	30.82
682	30.86
683	30.9
684	30.94
685	30.98
686	31.03
687	31.07
688	31.11
689	31.15
690	31.19
691	31.24
692	31.28
693	31.32
694	31.37
695	31.41
696	31.45
697	31.49
698	31.53
699	31.58
700	31.71
701	31.85
702	31.89
703	31.93
704	31.97
705	32.02
706	32.06
707	32.1
708	32.14
709	32.19
710	32.23
711	32.27
712	32.31
713	32.35
714	32.39
715	32.44
716	32.48
717	32.52
718	32.56
719	32.61
720	32.66
721	32.7
722	32.75
723	32.79
724	32.83
725	32.87
726	32.92
727	32.96
728	33
729	33.04
730	33.08
731	33.13
732	33.17
733	33.21
734	33.25
735	33.3
736	33.34
737	33.38
738	33.42
739	33.46
740	33.5
741	33.55
742	33.59
743	33.63
744	33.67
745	33.71
746	33.75
747	33.8
748	33.84
749	33.88
750	33.92
751	33.96
752	34.01
753	34.05
754	34.09
755	34.14
756	34.18
757	34.22
758	34.27
759	34.31
760	34.35
761	34.39
762	34.44
763	34.48
764	34.52
765	34.56
766	34.6
767	34.64
768	34.68
769	34.73
770	34.77
771	34.81
772	34.85
773	34.89
774	34.93
775	34.97
776	35.01
777	35.06
778	35.1
779	35.14
780	35.18
781	35.22
782	35.26
783	35.31
784	35.35
785	35.39
786	35.43
787	35.47
788	35.51
789	35.56
790	35.6
791	35.64
792	35.68
793	35.72
794	35.78
795	35.82
796	35.86
797	35.9
798	35.95
799	35.99
800	36.12
801	36.25
802	36.29
803	36.33
804	36.37
805	36.42
806	36.46
807	36.5
808	36.54
809	36.58
810	36.63
811	36.67
812	36.71
813	36.76
814	36.8
815	36.84
816	36.88
817	36.93
818	36.97
819	37.01
820	37.06
821	37.1
822	37.14
823	37.18
824	37.22
825	37.27
826	37.31
827	37.35
828	37.39
829	37.43
830	37.48
831	37.52
832	37.56
833	37.6
834	37.64
835	37.68
836	37.72
837	37.77
838	37.81
839	37.85
840	37.89
841	37.93
842	37.97
843	38.01
844	38.05
845	38.1
846	38.14
847	38.18
848	38.22
849	38.26
850	38.3
851	38.35
852	38.39
853	38.43
854	38.47
855	38.51
856	38.56
857	38.6
858	38.64
859	38.68
860	38.72
861	38.76
862	38.8
863	38.84
864	38.89
865	38.93
866	38.97
867	39.01
868	39.05
869	39.09
870	39.14
871	39.18
872	39.22
873	39.26
874	39.3
875	39.34
876	39.39
877	39.43
878	39.47
879	39.51
880	39.55
881	39.6
882	39.64
883	39.68
884	39.72
885	39.76
886	39.8
887	39.84
888	39.89
889	39.93
890	39.97
891	40.01
892	40.06
893	40.1
894	40.14
895	40.18
896	40.22
897	40.26
898	40.3
899	40.35
900	40.48
901	40.61
902	40.65
903	40.7
904	40.74
905	40.78
906	40.82
907	40.86
908	40.91
909	40.95
910	40.99
911	41.03
912	41.07
913	41.11
914	41.16
915	41.2
916	41.24
917	41.28
918	41.32
919	41.36
920	41.41
921	41.45
922	41.49
923	41.53
924	41.58
925	41.62
926	41.66
927	41.7
928	41.75
929	41.79
930	41.83
931	41.88
932	41.93
933	41.98
934	42.03
935	42.07
936	42.11
937	42.16
938	42.2
939	42.24
940	42.29
941	42.34
942	42.38
943	42.43
944	42.47
945	42.51
946	42.55
947	42.6
948	42.64
949	42.69
950	42.73
951	42.78
952	42.83
953	42.87
954	42.91
955	42.95
956	42.99
957	43.04
958	43.08
959	43.13
960	43.17
961	43.22
962	43.26
963	43.3
964	43.35
965	43.4
966	43.44
967	43.49
968	43.53
969	43.57
970	43.61
971	43.65
972	43.69
973	43.74
974	43.78
975	43.83
976	43.87
977	43.91
978	43.95
979	43.99
980	44.04
981	44.08
982	44.12
983	44.16
984	44.2
985	44.24
986	44.28
987	44.33
988	44.37
989	44.41
990	44.45
991	44.49
992	44.54
993	44.58
994	44.62
995	44.66
996	44.7
997	44.74
998	44.78
999	44.83
1000	44.96
1001	45.09
1002	45.13
1003	45.17
1004	45.21
1005	45.25
1006	45.3
1007	45.34
1008	45.38
1009	45.42
1010	45.46
1011	45.5
1012	45.55
1013	45.59
1014	45.63
1015	45.67
1016	45.71
1017	45.75
1018	45.8
1019	45.84
1020	45.88
1021	45.92
1022	45.96
1023	46
1024	46.04
1025	46.09
1026	46.13
1027	46.17
1028	46.21
1029	46.25
1030	46.29
1031	46.33
1032	46.38
1033	46.42
1034	46.46
1035	46.5
1036	46.54
1037	46.58
1038	46.62
1039	46.67
1040	46.71
1041	46.75
1042	46.79
1043	46.83
1044	46.87
1045	46.91
1046	46.96
1047	47
1048	47.04
1049	47.08
1050	47.12
1051	47.16
1052	47.21
1053	47.25
1054	47.29
1055	47.33
1056	47.37
1057	47.41
1058	47.46
1059	47.5
1060	47.54
1061	47.58
1062	47.62
1063	47.67
1064	47.71
1065	47.75
1066	47.79
1067	47.83
1068	47.87
1069	47.92
1070	47.96
1071	48
1072	48.04
1073	48.08
1074	48.12
1075	48.16
1076	48.21
1077	48.25
1078	48.29
1079	48.33
1080	48.38
1081	48.42
1082	48.46
1083	48.51
1084	48.55
1085	48.59
1086	48.63
1087	48.67
1088	48.71
1089	48.75
1090	48.8
1091	48.84
1092	48.88
1093	48.92
1094	48.96
1095	49
1096	49.05
1097	49.09
1098	49.13
1099	49.17
1100	49.3
1101	49.44
1102	49.48
1103	49.52
1104	49.56
1105	49.6
1106	49.64
1107	49.69
1108	49.73
1109	49.77
1110	49.81
1111	49.85
1112	49.89
1113	49.93
1114	49.98
1115	50.02
1116	50.06
1117	50.1
1118	50.14
1119	50.18
1120	50.23
1121	50.27
1122	50.31
1123	50.35
1124	50.39
1125	50.43
1126	50.47
1127	50.51
1128	50.56
1129	50.6
1130	50.64
1131	50.68
1132	50.72
1133	50.76
1134	50.8
1135	50.84
1136	50.89
1137	50.93
1138	50.97
1139	51.02
1140	51.06
1141	51.1
1142	51.15
1143	51.19
1144	51.23
1145	51.27
1146	51.31
1147	51.36
1148	51.4
1149	51.44
1150	51.48
1151	51.52
1152	51.56
1153	51.61
1154	51.65
1155	51.69
1156	51.73
1157	51.77
1158	51.81
1159	51.85
1160	51.9
1161	51.94
1162	51.98
1163	52.02
1164	52.06
1165	52.1
1166	52.14
1167	52.18
1168	52.23
1169	52.27
1170	52.31
1171	52.35
1172	52.39
1173	52.44
1174	52.48
1175	52.53
1176	52.57
1177	52.61
1178	52.65
1179	52.7
1180	52.74
1181	52.78
1182	52.83
1183	52.87
1184	52.91
1185	52.95
1186	53
1187	53.04
1188	53.08
1189	53.12
1190	53.17
1191	53.21
1192	53.25
1193	53.29
1194	53.34
1195	53.38
1196	53.43
1197	53.47
1198	53.51
1199	53.55
1200	53.68
1201	53.82
1202	53.86
1203	53.9
1204	53.95
1205	53.99
1206	54.03
1207	54.07
1208	54.12
1209	54.16
1210	54.2
1211	54.24
1212	54.29
1213	54.33
1214	54.37
1215	54.41
1216	54.45
1217	54.49
1218	54.54
1219	54.58
1220	54.62
1221	54.66
1222	54.71
1223	54.75
1224	54.79
1225	54.84
1226	54.88
1227	54.92
1228	54.96
1229	55.01
1230	55.05
1231	55.09
1232	55.13
1233	55.18
1234	55.22
1235	55.26
1236	55.3
1237	55.35
1238	55.39
1239	55.43
1240	55.47
1241	55.52
1242	55.56
1243	55.6
1244	55.64
1245	55.69
1246	55.73
1247	55.77
1248	55.81
1249	55.86
1250	55.9
1251	55.94
1252	55.99
1253	56.03
1254	56.07
1255	56.11
1256	56.16
1257	56.2
1258	56.24
1259	56.28
1260	56.32
1261	56.37
1262	56.41
1263	56.46
1264	56.51
1265	56.56
1266	56.61
1267	56.66
1268	56.71
1269	56.76
1270	56.81
1271	56.85
1272	56.9
1273	56.95
1274	57
1275	57.04
1276	57.09
