1	1
2	0.091386
3	0.337749
4	0.217311
5	0.214094
6	0.192124
7	0.137819
8	0.101989
9	0.0860872
10	0.0766148
11	0.070054
12	0.0681829
13	0.0661917
14	0.0663788
15	0.0653545
16	0.0628956
17	0.060764
18	0.0597066
19	0.0590085
20	0.0568432
21	0.0541232
22	0.0512441
23	0.0494511
24	0.0478808
25	0.046543
26	0.0447087
27	0.0427883
28	0.0410141
29	0.0393125
30	0.0378995
31	0.0365233
32	0.0351163
33	0.0338732
34	0.0327897
35	0.0315879
36	0.0307232
37	0.0299582
38	0.0291202
39	0.0283059
40	0.0270293
41	0.0261828
42	0.0250318
43	0.0236949
44	0.0229643
45	0.0221233
46	0.0211808
47	0.0206275
48	0.0199941
49	0.0193536
50	0.0188006
51	0.0184749
52	0.0179749
53	0.0175735
54	0.0171776
55	0.0165525
56	0.0163342
57	0.015728
58	0.0152623
59	0.0145734
60	0.0141336
61	0.0136344
62	0.0131607
63	0.0127871
64	0.0123872
65	0.0119534
66	0.0116142
67	0.0111393
68	0.0107536
69	0.0104072
70	0.0100413
71	0.00972771
72	0.00946225
73	0.00920208
74	0.0090138
75	0.00892199
76	0.00873299
77	0.00850613
78	0.00828863
79	0.00807205
80	0.00787421
81	0.00774876
82	0.00766914
83	0.00748416
84	0.00736785
85	0.00725222
86	0.00713491
87	0.00705012
88	0.00688144
89	0.006724
90	0.0065637
91	0.0064396
92	0.00633089
93	0.00621222
94	0.00608099
95	0.0059918
96	0.00586696
97	0.00572807
98	0.00558908
99	0.00542887
100	0.0053113
101	0.00519321
102	0.00512843
103	0.00505509
104	0.0050052
105	0.00495426
106	0.00492202
107	0.00490428
108	0.00489067
109	0.00486595
110	0.00480315
111	0.00471367
112	0.00464042
113	0.00458313
114	0.00452394
115	0.00448009
116	0.00439087
117	0.00430175
118	0.00423217
119	0.00419361
120	0.00414606
121	0.00411391
122	0.00403129
123	0.00395832
124	0.00388391
125	0.00382714
126	0.00376773
127	0.00373011
128	0.00364901
129	0.00358251
130	0.0035175
131	0.00348949
132	0.00346735
133	0.00345578
134	0.00341659
135	0.00337195
136	0.00332567
137	0.00330036
138	0.00327108
139	0.0032535
140	0.00322354
141	0.00318714
142	0.00313421
143	0.00312802
144	0.00311494
145	0.00310603
146	0.00308303
147	0.0030635
148	0.00301671
149	0.00300465
150	0.00299254
151	0.00298358
152	0.00296364
153	0.00294382
154	0.00289085
155	0.00286851
156	0.00285838
157	0.00285041
158	0.00283414
159	0.0028103
160	0.00277282
161	0.00273389
162	0.00272525
163	0.0027146
164	0.00271146
165	0.00268019
166	0.00265057
167	0.00262673
168	0.0026198
169	0.002612
170	0.00261171
171	0.00259092
172	0.0025599
173	0.00254071
174	0.00251781
175	0.00251405
176	0.00251214
177	0.0025007
178	0.00246282
179	0.00245033
180	0.00243277
181	0.00242881
182	0.00242452
183	0.00240815
184	0.00238045
185	0.00236066
186	0.00235018
187	0.00233607
188	0.00234096
189	0.00231225
190	0.0022911
191	0.00227993
192	0.00228176
193	0.00227789
194	0.00226589
195	0.0022483
196	0.00220832
197	0.002196
198	0.0021847
199	0.00219568
200	0.00219371
201	0.00216289
202	0.00213027
203	0.00211145
204	0.00211755
205	0.00212672
206	0.00213794
207	0.00211619
208	0.00208009
209	0.00206161
210	0.00205176
211	0.00206566
212	0.00207324
213	0.0020589
214	0.00202319
215	0.00200818
216	0.00200397
217	0.002011
218	0.0020228
219	0.00201602
220	0.00199075
221	0.00196134
222	0.00194817
223	0.00194748
224	0.00195759
225	0.00194774
226	0.00192753
227	0.00191835
228	0.00191269
229	0.00191958
230	0.0019183
231	0.00190925
232	0.0018898
233	0.00187418
234	0.00186554
235	0.00186758
236	0.00186934
237	0.00184656
238	0.0018353
239	0.00183217
240	0.00184181
241	0.00185486
242	0.00185191
243	0.00183714
244	0.00180822
245	0.00178761
246	0.0017872
247	0.00179669
248	0.00179899
249	0.00178259
250	0.00176578
251	0.00175289
252	0.00176328
253	0.00178381
254	0.0017867
255	0.00177119
256	0.00175044
257	0.00172642
258	0.00171863
259	0.00172213
260	0.00172248
261	0.00171472
262	0.00170685
263	0.00170614
264	0.00171031
265	0.00171325
266	0.00171007
267	0.00169607
268	0.00168732
269	0.00167432
270	0.00167649
271	0.00167383
272	0.00165362
273	0.00164433
274	0.00163958
275	0.00164878
276	0.00165976
277	0.00166548
278	0.00165483
279	0.00162852
280	0.00161516
281	0.00161414
282	0.0016217
283	0.00162059
284	0.00161607
285	0.00160869
286	0.00159544
287	0.00159945
288	0.00160757
289	0.0016115
290	0.00160235
291	0.00159566
292	0.00158138
293	0.00156748
294	0.00156306
295	0.00155958
296	0.00156475
297	0.00156665
298	0.0015741
299	0.00157339
300	0.00155731
301	0.00154818
302	0.00154144
303	0.00154177
304	0.00154234
305	0.00154727
306	0.00154001
307	0.00152382
308	0.001518
309	0.00152192
310	0.00153032
311	0.0015337
312	0.00153577
313	0.00152254
314	0.00150268
315	0.00149408
316	0.00149862
317	0.0015066
318	0.00151032
319	0.00151906
320	0.00151144
321	0.00149873
322	0.0014922
323	0.00149351
324	0.00149418
325	0.00149265
326	0.00149731
327	0.00149273
328	0.0014791
329	0.00146862
330	0.00147173
331	0.00147829
332	0.00148651
333	0.00149194
334	0.00148414
335	0.0014676
336	0.00145506
337	0.00145707
338	0.00146033
339	0.00146562
340	0.0014694
341	0.0014642
342	0.00145043
343	0.00144075
344	0.00144865
345	0.00145375
346	0.00146105
347	0.00145952
348	0.00145146
349	0.00143197
350	0.00141804
351	0.00142364
352	0.00143115
353	0.00144331
354	0.00144295
355	0.00143684
356	0.00141876
357	0.00140516
358	0.00140966
359	0.00141533
360	0.00142797
361	0.00142976
362	0.00142421
363	0.00140214
364	0.00139061
365	0.00139605
366	0.00140371
367	0.00141259
368	0.0014145
369	0.00140683
370	0.00138681
371	0.0013809
372	0.00138641
373	0.00139874
374	0.00140434
375	0.00140143
376	0.00139621
377	0.0013764
378	0.00137134
379	0.00137748
380	0.00138926
381	0.00139751
382	0.00139579
383	0.00138956
384	0.001371
385	0.00136902
386	0.00137001
387	0.00138313
388	0.00138895
389	0.00138831
390	0.00137894
391	0.00136125
392	0.0013615
393	0.00136502
394	0.00137827
395	0.00138243
396	0.00137956
397	0.00136461
398	0.00134725
399	0.00134827
400	0.00135535
401	0.00136882
402	0.00137405
403	0.00137153
404	0.00135437
405	0.00133648
406	0.00133894
407	0.00134653
408	0.00135706
409	0.0013638
410	0.0013602
411	0.00134359
412	0.00133085
413	0.00133426
414	0.00134552
415	0.00135259
416	0.00135971
417	0.00135386
418	0.00133805
419	0.00132419
420	0.00132794
421	0.00134032
422	0.00134797
423	0.00135543
424	0.00134647
425	0.00133097
426	0.0013219
427	0.00132424
428	0.00133867
429	0.0013459
430	0.00135194
431	0.00134175
432	0.00132541
433	0.00131647
434	0.00132378
435	0.00133704
436	0.00134539
437	0.00134907
438	0.00134271
439	0.00132213
440	0.00131439
441	0.00132105
442	0.0013315
443	0.00133974
444	0.00134193
445	0.00133347
446	0.00131221
447	0.00130411
448	0.00131273
449	0.00132235
450	0.00133096
451	0.00133255
452	0.00132346
453	0.0013001
454	0.00129408
455	0.00130391
456	0.00131531
457	0.00132359
458	0.00132311
459	0.00131115
460	0.00129095
461	0.00128617
462	0.00129925
463	0.00131309
464	0.00132279
465	0.00132021
466	0.00130676
467	0.00128774
468	0.00128376
469	0.00129701
470	0.00131266
471	0.00131782
472	0.00131229
473	0.00129745
474	0.00127983
475	0.00127986
476	0.00129276
477	0.00130853
478	0.00131248
479	0.0013053
480	0.00128713
481	0.00127248
482	0.00127264
483	0.00128521
484	0.00130138
485	0.00130238
486	0.00129458
487	0.00127523
488	0.00126118
489	0.00126493
490	0.00127986
491	0.00129283
492	0.0012953
493	0.0012852
494	0.00126479
495	0.00125133
496	0.00126357
497	0.0012766
498	0.00128641
499	0.00128424
500	0.00127606
501	0.00125642
502	0.00124921
503	0.00125772
504	0.00127031
505	0.00127869
506	0.00127681
507	0.00126595
508	0.0012489
509	0.00124046
510	0.00124839
511	0.00126266
512	0.00126792
513	0.0012653
514	0.00125666
515	0.00124043
516	0.00123383
517	0.00124313
518	0.00125602
519	0.00126264
520	0.0012624
521	0.0012503
522	0.00123572
523	0.00122792
524	0.00123846
525	0.00124949
526	0.0012565
527	0.00125509
528	0.00124163
529	0.00122813
530	0.00122331
531	0.00123379
532	0.00124791
533	0.00125379
534	0.00124866
535	0.00123429
536	0.00122096
537	0.00121909
538	0.00123046
539	0.00123921
540	0.00124255
541	0.00123626
542	0.00122528
543	0.00121421
544	0.00121565
545	0.00122354
546	0.00123089
547	0.00123473
548	0.00122936
549	0.00122152
550	0.00120794
551	0.001208
552	0.00121749
553	0.001224
554	0.00122841
555	0.00122201
556	0.00121312
557	0.00120317
558	0.00120583
559	0.0012153
560	0.0012227
561	0.00122325
562	0.00121658
563	0.00120755
564	0.00119638
565	0.00120085
566	0.00120759
567	0.00121552
568	0.00121434
569	0.00120917
570	0.00120332
571	0.00119064
572	0.00119523
573	0.00120177
574	0.00121139
575	0.001208
576	0.00120131
577	0.00119396
578	0.00118279
579	0.00118837
580	0.00119551
581	0.00120155
582	0.00119551
583	0.00119089
584	0.00118423
585	0.00117398
586	0.00117898
587	0.00118617
588	0.0011916
589	0.00118588
590	0.00118344
591	0.00117275
592	0.00116467
593	0.00117382
594	0.00117991
595	0.00118232
596	0.0011789
597	0.00117492
598	0.00116298
599	0.0011577
600	0.00116317
601	0.00116904
602	0.00117182
603	0.00116705
604	0.00116228
605	0.00115155
606	0.00114702
607	0.00115207
608	0.00116051
609	0.00115968
610	0.0011577
611	0.00115194
612	0.00113949
613	0.00113725
614	0.00114149
615	0.00114768
616	0.0011472
617	0.00114443
618	0.00113706
619	0.0011276
620	0.00112398
621	0.00112748
622	0.00113363
623	0.00113392
624	0.00113108
625	0.0011204
626	0.0011094
627	0.00110912
628	0.00111539
629	0.00111851
630	0.00111491
631	0.00111539
632	0.00110693
633	0.00109621
634	0.00109605
635	0.00109842
636	0.00110178
637	0.00110053
638	0.00109758
639	0.00108855
640	0.00107883
641	0.0010776
642	0.00108309
643	0.00108636
644	0.00108272
645	0.00108069
646	0.00107021
647	0.00106227
648	0.00106394
649	0.00106607
650	0.00106856
651	0.00106838
652	0.00106344
653	0.00105341
654	0.00104885
655	0.00104712
656	0.00105204
657	0.001054
658	0.00105234
659	0.00104914
660	0.00103786
661	0.00103283
662	0.00103426
663	0.00104047
664	0.00104051
665	0.00103817
666	0.00103421
667	0.00102452
668	0.00102139
669	0.00102347
670	0.00102603
671	0.0010264
672	0.00102541
673	0.00101941
674	0.00101183
675	0.00100617
676	0.0010075
677	0.00101033
678	0.00101027
679	0.00100982
680	0.00100463
681	0.000996947
682	0.000991308
683	0.000994909
684	0.000998529
685	0.000999916
686	0.000994173
687	0.000989875
688	0.000984994
689	0.00098326
690	0.000987484
691	0.000988112
692	0.000988576
693	0.000986604
694	0.000980119
695	0.0009745
696	0.000974036
697	0.00097645
698	0.000979992
699	0.000980471
700	0.000977562
701	0.00097106
702	0.000966987
703	0.000967624
704	0.000972284
705	0.000976064
706	0.000976913
707	0.000973641
708	0.000966348
709	0.000967203
710	0.000968999
711	0.000972494
712	0.000974092
713	0.000971013
714	0.0009676
715	0.000964807
716	0.000967315
717	0.000970374
718	0.000974068
719	0.000973417
720	0.00097399
721	0.000971114
722	0.000971244
723	0.00097315
724	0.000975058
725	0.00097754
726	0.000978232
727	0.000977316
728	0.000973898
729	0.000975626
730	0.00097469
731	0.000978803
732	0.000982128
733	0.000983832
734	0.000982857
735	0.000979876
736	0.000980913
737	0.000982933
738	0.000987837
739	0.000990912
740	0.000992755
741	0.000991495
742	0.000991486
743	0.000993284
744	0.000995089
745	0.000998694
746	0.00100043
747	0.0010009
748	0.00100227
749	0.00100412
750	0.0010053
751	0.00100626
752	0.00100652
753	0.00100774
754	0.00100991
755	0.00101264
756	0.00101545
757	0.00101637
758	0.00101635
759	0.00101688
760	0.00101832
761	0.00102018
762	0.00102418
763	0.00102774
764	0.00102813
765	0.00102874
766	0.0010294
767	0.00103111
768	0.00103315
769	0.00103775
770	0.00104094
771	0.00104182
772	0.00104236
773	0.00104288
774	0.00104412
775	0.00104674
776	0.00105216
777	0.00105439
778	0.00105655
779	0.00105709
780	0.00105734
781	0.00105915
782	0.001063
783	0.00106792
784	0.00107129
785	0.00107397
786	0.00107513
787	0.00107574
788	0.00107699
789	0.00108033
790	0.00108564
791	0.0010899
792	0.00109147
793	0.00109272
794	0.00109385
795	0.00109591
796	0.00110055
797	0.00110543
798	0.00111384
799	0.00111435
800	0.00111424
801	0.0011157
802	0.00112407
803	0.00112778
804	0.00113032
805	0.00112861
806	0.00113037
807	0.00113296
808	0.00113501
809	0.00113935
810	0.0011452
811	0.00115057
812	0.00115046
813	0.00114808
814	0.0011487
815	0.00114995
816	0.00115644
817	0.00116186
818	0.0011627
819	0.00116411
820	0.00116275
821	0.00116328
822	0.00117242
823	0.00117553
824	0.0011723
825	0.00116732
826	0.00116922
827	0.00117691
828	0.00118425
829	0.00118834
830	0.0011875
831	0.00118178
832	0.00117833
833	0.00118109
834	0.00119269
835	0.00120028
836	0.00120147
837	0.00119746
838	0.00119293
839	0.00119665
840	0.00119735
841	0.00120133
842	0.00121402
843	0.00121444
844	0.00121089
845	0.00121164
846	0.00121249
847	0.00121159
848	0.00121306
849	0.00122576
850	0.0012265
851	0.00122693
852	0.00122483
853	0.00122666
854	0.00122649
855	0.00122672
856	0.00123786
857	0.00124168
858	0.00124074
859	0.00123865
860	0.00124137
861	0.00124269
862	0.00124257
863	0.00125127
864	0.00125636
865	0.00125333
866	0.00125107
867	0.00125305
868	0.00125818
869	0.00125487
870	0.00126583
871	0.00126743
872	0.00126304
873	0.001261
874	0.00126375
875	0.00126984
876	0.00126785
877	0.0012778
878	0.00127785
879	0.0012735
880	0.00127817
881	0.0012769
882	0.00127665
883	0.00128218
884	0.00129211
885	0.00129043
886	0.00129207
887	0.00129442
888	0.00129145
889	0.00129352
890	0.00128919
891	0.00130198
892	0.00130729
893	0.00130879
894	0.00130562
895	0.00130377
896	0.0013016
897	0.0013027
898	0.00131177
899	0.00131671
900	0.00131947
901	0.00131367
902	0.0013118
903	0.00130767
904	0.00132014
905	0.00132765
906	0.0013289
907	0.00132332
908	0.00132426
909	0.00132192
910	0.00132345
911	0.00133653
912	0.00134086
913	0.00133696
914	0.00133304
915	0.00132857
916	0.00132454
917	0.00133814
918	0.00134913
919	0.00134906
920	0.00134374
921	0.0013395
922	0.00133416
923	0.00133934
924	0.00135175
925	0.00135201
926	0.0013474
927	0.00134218
928	0.00133548
929	0.00133699
930	0.00134984
931	0.0013587
932	0.00135724
933	0.00135369
934	0.00134377
935	0.00133492
936	0.00134278
937	0.0013534
938	0.00135579
939	0.00135462
940	0.00135114
941	0.00134519
942	0.00134995
943	0.00135473
944	0.00135048
945	0.00135327
946	0.00135273
947	0.00134854
948	0.00135068
949	0.0013603
950	0.00136336
951	0.00136246
952	0.00134998
953	0.00134283
954	0.00134785
955	0.00135642
956	0.00136278
957	0.00136151
958	0.00135939
959	0.00135464
960	0.00134971
961	0.00134633
962	0.00135338
963	0.00135336
964	0.00135408
965	0.0013506
966	0.00134801
967	0.00135202
968	0.00135463
969	0.00134239
970	0.00134024
971	0.00133895
972	0.00133846
973	0.00134475
974	0.00134675
975	0.00134889
976	0.00134608
977	0.00132769
978	0.00132346
979	0.00133094
980	0.00133518
981	0.00134262
982	0.00133975
983	0.00133049
984	0.00132763
985	0.00131942
986	0.00132255
987	0.00132631
988	0.0013252
989	0.00131802
990	0.00131279
991	0.00131467
992	0.00131965
993	0.00130787
994	0.00130505
995	0.0012987
996	0.00129676
997	0.00130052
998	0.00130881
999	0.00131207
1000	0.00129957
1001	0.00128123
1002	0.00127668
1003	0.00128265
1004	0.00129075
1005	0.00129589
1006	0.00129
1007	0.0012768
1008	0.00126923
1009	0.00126584
1010	0.00127302
1011	0.00127783
1012	0.00127596
1013	0.00126903
1014	0.0012582
1015	0.00126012
1016	0.00126336
1017	0.00125972
1018	0.00125734
1019	0.00125453
1020	0.00125142
1021	0.0012457
1022	0.00124917
1023	0.00125243
1024	0.00124648
1025	0.00123788
1026	0.00123656
1027	0.00123927
1028	0.0012411
1029	0.0012407
1030	0.0012385
1031	0.00123754
1032	0.00123261
1033	0.00122789
1034	0.00123151
1035	0.0012358
1036	0.00123532
1037	0.00122723
1038	0.00122084
1039	0.00122305
1040	0.00122664
1041	0.00122194
1042	0.00122
1043	0.00121653
1044	0.00121208
1045	0.00121192
1046	0.00121316
1047	0.00121407
1048	0.0012112
1049	0.00120189
1050	0.00119343
1051	0.00119177
1052	0.00119628
1053	0.00119756
1054	0.00119282
1055	0.00118649
1056	0.00118017
1057	0.00117913
1058	0.00117561
1059	0.00117471
1060	0.0011723
1061	0.00116862
1062	0.00116639
1063	0.0011663
1064	0.00116828
1065	0.00117759
1066	0.00117751
1067	0.00117112
1068	0.00115932
1069	0.00114911
1070	0.00113494
1071	0.00112748
1072	0.00112537
1073	0.00112547
1074	0.00112123
1075	0.00112256
1076	0.00112274
1077	0.00112393
1078	0.00112587
1079	0.00112479
1080	0.00112475
1081	0.00112721
1082	0.00112673
1083	0.00112498
1084	0.00112523
1085	0.00112246
1086	0.00111995
1087	0.00111989
1088	0.00111721
1089	0.00111199
1090	0.00110571
1091	0.00110061
1092	0.00109763
1093	0.00109558
1094	0.00109274
1095	0.00109062
1096	0.00108773
1097	0.00108181
1098	0.0010798
1099	0.00108033
1100	0.00107715
1101	0.00107166
1102	0.00106572
1103	0.00105962
1104	0.00105681
1105	0.00105633
1106	0.00105601
1107	0.00105749
1108	0.00105356
1109	0.00104812
1110	0.00104395
1111	0.00103907
1112	0.00103288
1113	0.00102879
1114	0.00102691
1115	0.00102608
1116	0.00102667
1117	0.00102453
1118	0.00102401
1119	0.00102624
1120	0.00102726
1121	0.00102703
1122	0.00102548
1123	0.00102273
1124	0.00102207
1125	0.00101812
1126	0.00101606
1127	0.00100762
1128	0.00100003
1129	0.000996208
1130	0.000989661
1131	0.000977224
1132	0.000968216
1133	0.000956044
1134	0.00095194
1135	0.000943134
1136	0.000931855
1137	0.000928068
1138	0.00092365
1139	0.000917264
1140	0.000908541
1141	0.000903251
1142	0.000898749
1143	0.000895119
1144	0.000893412
1145	0.000892841
1146	0.000890711
1147	0.000885048
1148	0.000876497
1149	0.000871268
1150	0.000870028
1151	0.000866107
1152	0.000857011
1153	0.000848123
1154	0.000839348
1155	0.000837797
1156	0.000836866
1157	0.000828913
1158	0.000816773
1159	0.000803296
1160	0.000794527
1161	0.000794247
1162	0.000792455
1163	0.000787195
1164	0.000775848
1165	0.000763675
1166	0.000753597
1167	0.000748328
1168	0.00074168
1169	0.000732254
1170	0.000721728
1171	0.000711909
1172	0.000703973
1173	0.000694992
1174	0.000685596
1175	0.000676444
1176	0.000669007
1177	0.000661425
1178	0.000650699
1179	0.000641779
1180	0.000632098
1181	0.000625545
1182	0.000620708
1183	0.000615893
1184	0.000608798
1185	0.000601624
1186	0.000594839
1187	0.000588557
1188	0.000573871
1189	0.000573919
1190	0.000569987
1191	0.000565832
1192	0.000556069
1193	0.00055993
1194	0.000558229
1195	0.000556183
1196	0.000553815
1197	0.000544397
1198	0.000547697
1199	0.000547554
1200	0.000546344
1201	0.000545481
1202	0.000543394
1203	0.000534639
1204	0.000537015
1205	0.000537688
1206	0.000537296
1207	0.000535865
1208	0.000532696
1209	0.000530812
1210	0.000529189
1211	0.000527416
1212	0.000525174
1213	0.000522759
1214	0.000520272
1215	0.00051759
1216	0.000514787
1217	0.000511493
1218	0.000508241
1219	0.000504817
1220	0.000501563
1221	0.000498323
1222	0.000495203
1223	0.00049199
1224	0.000487584
1225	0.000482736
1226	0.000478572
1227	0.000474329
1228	0.000470074
1229	0.000465962
1230	0.000455854
1231	0.000454702
1232	0.000452864
1233	0.00044953
1234	0.000439887
1235	0.000438536
1236	0.000435923
1237	0.000426322
1238	0.000425382
1239	0.000422852
1240	0.00041307
1241	0.000412507
1242	0.000410357
1243	0.000401109
1244	0.000399999
1245	0.000397518
1246	0.000388251
1247	0.000386842
1248	0.000384074
1249	0.000374611
1250	0.000373053
1251	0.000370374
1252	0.00036085
1253	0.00035967
1254	0.000352121
1255	0.000351241
1256	0.000343913
1257	0.000342578
1258	0.000335737
1259	0.000333729
1260	0.000327127
1261	0.000325078
1262	0.000323063
1263	0.000315273
1264	0.000309051
1265	0.000309947
1266	0.000307636
1267	0.000299933
1268	0.000297543
1269	0.000292353
1270	0.000290818
1271	0.000285369
1272	0.00028419
1273	0.000279031
1274	0.000278033
1275	0.000272568
1276	0.000272224
