1	0.0685093
2	0.00876745
3	0.0245985
4	0.0197823
5	0.0196326
6	0.0183152
7	0.0137681
8	0.00977893
9	0.0080088
10	0.0074353
11	0.00628066
12	0.00629591
13	0.00567674
14	0.00620235
15	0.00615141
16	0.00524037
17	0.00600949
18	0.0052232
19	0.00528855
20	0.00522233
21	0.00518825
22	0.00472158
23	0.00405575
24	0.0036533
25	0.00374737
26	0.00361921
27	0.00413401
28	0.0040387
29	0.00355289
30	0.00307459
31	0.00289078
32	0.00270841
33	0.00247199
34	0.00228382
35	0.00240843
36	0.00247446
37	0.00260644
38	0.00278421
39	0.00219786
40	0.00245428
41	0.00260247
42	0.002066
43	0.00223235
44	0.00228557
45	0.00182645
46	0.00177936
47	0.00180759
48	0.00176497
49	0.00173783
50	0.00172379
51	0.00170454
52	0.00171328
53	0.00173915
54	0.00140925
55	0.00160778
56	0.00129729
57	0.00154619
58	0.00123099
59	0.00117453
60	0.00113455
61	0.0011999
62	0.00124704
63	0.00127739
64	0.00114617
65	0.00118352
66	0.00103881
67	0.00106292
68	0.00103828
69	0.0010009
70	0.000952064
71	0.000887267
72	0.000812348
73	0.00073761
74	0.000863348
75	0.000879998
76	0.000832393
77	0.000758651
78	0.000677297
79	0.000599162
80	0.000599534
81	0.00067175
82	0.000621616
83	0.000684951
84	0.000662919
85	0.000653458
86	0.000709993
87	0.000641915
88	0.000660729
89	0.000646749
90	0.000620466
91	0.000586118
92	0.000545038
93	0.000498044
94	0.000567368
95	0.000564679
96	0.00053152
97	0.000486652
98	0.000437701
99	0.000389865
100	0.000342515
101	0.000295372
102	0.000250751
103	0.000249958
104	0.000287845
105	0.000325027
106	0.000357241
107	0.000383767
108	0.00040344
109	0.000415388
110	0.000420039
111	0.000419078
112	0.000414538
113	0.000407309
114	0.00039737
115	0.000384966
116	0.000370021
117	0.00035346
118	0.000336485
119	0.000319062
120	0.000301067
121	0.000282833
122	0.000264459
123	0.00024691
124	0.00023093
125	0.000219346
126	0.000209782
127	0.000201362
128	0.000193891
129	0.000187794
130	0.000182767
131	0.000178563
132	0.000174135
133	0.000169717
134	0.000168707
135	0.000168289
136	0.000168522
137	0.000168352
138	0.000169034
139	0.000168593
140	0.000166629
141	0.000166785
142	0.000164972
143	0.0001658
144	0.000164244
145	0.000161097
146	0.000157957
147	0.000147399
148	0.000143215
149	0.000144588
150	0.00014509
151	0.0001447
152	0.000144351
153	0.000143557
154	0.000141896
155	0.000140938
156	0.000140775
157	0.00013749
158	0.000135824
159	0.00013304
160	0.000131253
161	0.000126321
162	0.000126505
163	0.000126196
164	0.000125841
165	0.000127691
166	0.0001271
167	0.000130149
168	0.000132483
169	0.000133864
170	0.000133585
171	0.00013248
172	0.000130788
173	0.000129844
174	0.000129717
175	0.000129822
176	0.000130323
177	0.000131049
178	0.000130127
179	0.000128749
180	0.000126496
181	0.000124789
182	0.000122939
183	0.000120621
184	0.00011848
185	0.000117101
186	0.000115645
187	0.000114302
188	0.000113043
189	0.000112012
190	0.000110029
191	0.000108855
192	0.000109119
193	0.000110504
194	0.000106329
195	0.000107036
196	0.000106966
197	0.000106209
198	0.000104871
199	0.000103294
200	0.000102179
201	9.75858e-05
202	9.73011e-05
203	9.71241e-05
204	9.86221e-05
205	9.33395e-05
206	9.32598e-05
207	9.23455e-05
208	9.1546e-05
209	9.08791e-05
210	9.02285e-05
211	8.92919e-05
212	8.8276e-05
213	8.65884e-05
214	8.49692e-05
215	8.81665e-05
216	8.31211e-05
217	8.40406e-05
218	8.45211e-05
219	8.39338e-05
220	8.26029e-05
221	8.10227e-05
222	7.99017e-05
223	7.92969e-05
224	7.89517e-05
225	7.84009e-05
226	7.72989e-05
227	7.63933e-05
228	7.53557e-05
229	7.55743e-05
230	7.23272e-05
231	7.23019e-05
232	7.04454e-05
233	6.9302e-05
234	6.79848e-05
235	6.76182e-05
236	6.84741e-05
237	6.9882e-05
238	7.07011e-05
239	7.16651e-05
240	7.24432e-05
241	7.24778e-05
242	7.21691e-05
243	7.20113e-05
244	7.20529e-05
245	7.23874e-05
246	7.26372e-05
247	7.27824e-05
248	7.29382e-05
249	7.35166e-05
250	7.46212e-05
251	7.66242e-05
252	7.83873e-05
253	7.94146e-05
254	7.95857e-05
255	7.90197e-05
256	7.78648e-05
257	7.64699e-05
258	7.50865e-05
259	7.38166e-05
260	7.29295e-05
261	7.22852e-05
262	7.20031e-05
263	7.23276e-05
264	7.322e-05
265	7.43285e-05
266	7.52689e-05
267	7.54978e-05
268	7.48815e-05
269	7.3677e-05
270	7.23713e-05
271	7.15644e-05
272	7.13124e-05
273	7.12988e-05
274	7.14093e-05
275	7.14044e-05
276	7.13588e-05
277	7.15091e-05
278	7.1961e-05
279	7.26009e-05
280	7.29881e-05
281	7.30687e-05
282	7.2744e-05
283	7.22683e-05
284	7.17314e-05
285	7.12908e-05
286	7.09282e-05
287	7.05232e-05
288	6.99443e-05
289	6.91141e-05
290	6.82359e-05
291	6.74582e-05
292	6.70751e-05
293	6.71942e-05
294	6.73047e-05
295	6.72331e-05
296	6.6926e-05
297	6.65068e-05
298	6.59037e-05
299	6.54044e-05
300	6.53707e-05
301	6.54752e-05
302	6.59163e-05
303	6.50839e-05
304	6.50232e-05
305	6.47607e-05
306	6.53222e-05
307	6.65676e-05
308	6.79338e-05
309	6.88805e-05
310	6.9149e-05
311	6.88449e-05
312	6.81852e-05
313	6.73347e-05
314	6.65249e-05
315	6.57326e-05
316	6.48961e-05
317	6.3794e-05
318	6.38204e-05
319	6.2018e-05
320	6.25811e-05
321	6.30899e-05
322	6.34613e-05
323	6.35602e-05
324	6.3247e-05
325	6.26478e-05
326	6.19613e-05
327	6.27441e-05
328	6.176e-05
329	6.23533e-05
330	6.25599e-05
331	6.32732e-05
332	6.27126e-05
333	6.33319e-05
334	6.39834e-05
335	6.53996e-05
336	6.59034e-05
337	6.67737e-05
338	6.69121e-05
339	6.64387e-05
340	6.56559e-05
341	6.6465e-05
342	6.40276e-05
343	6.31304e-05
344	6.22402e-05
345	6.36498e-05
346	6.18372e-05
347	6.20781e-05
348	6.27958e-05
349	6.38643e-05
350	6.49363e-05
351	6.55476e-05
352	6.77796e-05
353	6.55749e-05
354	6.52885e-05
355	6.70686e-05
356	6.51637e-05
357	6.53808e-05
358	6.54649e-05
359	6.54449e-05
360	6.74559e-05
361	6.64464e-05
362	6.75446e-05
363	6.99644e-05
364	6.96367e-05
365	7.01554e-05
366	7.01637e-05
367	7.087e-05
368	6.90302e-05
369	6.89102e-05
370	6.97281e-05
371	6.84924e-05
372	6.98168e-05
373	6.8758e-05
374	6.88536e-05
375	7.02624e-05
376	7.04233e-05
377	7.18345e-05
378	7.38587e-05
379	7.29955e-05
380	7.35031e-05
381	7.21194e-05
382	7.19735e-05
383	7.13725e-05
384	7.10492e-05
385	7.07411e-05
386	6.96708e-05
387	7.04756e-05
388	6.93246e-05
389	7.03511e-05
390	7.18427e-05
391	7.31543e-05
392	7.49497e-05
393	7.37105e-05
394	7.3393e-05
395	7.32477e-05
396	7.08342e-05
397	7.04297e-05
398	7.0057e-05
399	7.06714e-05
400	6.99405e-05
401	6.89199e-05
402	6.9269e-05
403	6.86533e-05
404	6.94566e-05
405	7.11424e-05
406	7.09975e-05
407	7.11397e-05
408	7.1526e-05
409	7.05073e-05
410	6.89236e-05
411	6.92878e-05
412	6.80019e-05
413	6.87351e-05
414	6.79032e-05
415	6.79712e-05
416	6.89376e-05
417	6.91274e-05
418	7.05626e-05
419	7.24121e-05
420	7.23357e-05
421	7.26278e-05
422	7.31285e-05
423	7.11971e-05
424	7.10411e-05
425	7.15358e-05
426	6.94372e-05
427	7.0716e-05
428	6.93148e-05
429	6.99618e-05
430	7.02053e-05
431	7.27216e-05
432	7.29412e-05
433	7.51587e-05
434	7.66597e-05
435	7.55176e-05
436	7.53356e-05
437	7.61224e-05
438	7.39074e-05
439	7.43744e-05
440	7.35456e-05
441	7.4386e-05
442	7.22503e-05
443	7.33309e-05
444	7.20342e-05
445	7.30602e-05
446	7.40112e-05
447	7.49805e-05
448	7.56108e-05
449	7.68618e-05
450	7.49795e-05
451	7.61504e-05
452	7.35549e-05
453	7.28645e-05
454	7.17437e-05
455	7.06882e-05
456	7.10916e-05
457	6.8966e-05
458	6.92672e-05
459	7.04371e-05
460	7.18272e-05
461	7.30904e-05
462	7.34291e-05
463	7.55893e-05
464	7.26443e-05
465	7.22938e-05
466	7.40943e-05
467	7.11225e-05
468	7.11481e-05
469	7.23672e-05
470	7.02213e-05
471	7.03205e-05
472	7.09141e-05
473	7.2143e-05
474	7.46375e-05
475	7.49118e-05
476	7.56232e-05
477	7.68937e-05
478	7.49413e-05
479	7.44095e-05
480	7.50173e-05
481	7.23946e-05
482	7.13431e-05
483	7.01234e-05
484	7.00757e-05
485	6.81799e-05
486	6.84894e-05
487	6.91662e-05
488	6.98324e-05
489	7.01045e-05
490	6.99171e-05
491	7.24671e-05
492	6.87949e-05
493	6.82008e-05
494	6.73452e-05
495	6.89418e-05
496	6.62579e-05
497	6.64176e-05
498	6.62919e-05
499	6.76806e-05
500	6.70841e-05
501	6.95572e-05
502	6.96575e-05
503	7.0328e-05
504	7.0378e-05
505	7.01539e-05
506	6.96139e-05
507	6.89035e-05
508	6.90782e-05
509	6.7219e-05
510	6.71626e-05
511	6.56022e-05
512	6.51402e-05
513	6.54092e-05
514	6.65259e-05
515	6.88628e-05
516	6.92975e-05
517	6.986e-05
518	7.09578e-05
519	6.98631e-05
520	6.94816e-05
521	6.99626e-05
522	6.85578e-05
523	6.88823e-05
524	6.73966e-05
525	6.68052e-05
526	6.72405e-05
527	6.69395e-05
528	6.84167e-05
529	6.87611e-05
530	6.94622e-05
531	6.96373e-05
532	7.05294e-05
533	6.98316e-05
534	6.90085e-05
535	6.88767e-05
536	6.7506e-05
537	6.73322e-05
538	6.62807e-05
539	6.63772e-05
540	6.5873e-05
541	6.69708e-05
542	6.74204e-05
543	6.91054e-05
544	6.9235e-05
545	6.96901e-05
546	7.03271e-05
547	6.8891e-05
548	6.97612e-05
549	6.78225e-05
550	6.73108e-05
551	6.77851e-05
552	6.5381e-05
553	6.66302e-05
554	6.51419e-05
555	6.58166e-05
556	6.88275e-05
557	6.73036e-05
558	6.83308e-05
559	6.89454e-05
560	6.87287e-05
561	6.83002e-05
562	6.73199e-05
563	6.66355e-05
564	6.61774e-05
565	6.58304e-05
566	6.72145e-05
567	6.44209e-05
568	6.46254e-05
569	6.66109e-05
570	6.49724e-05
571	6.60033e-05
572	6.61123e-05
573	6.78794e-05
574	6.47627e-05
575	6.43226e-05
576	6.61855e-05
577	6.20109e-05
578	6.11176e-05
579	6.28381e-05
580	5.89272e-05
581	5.86862e-05
582	5.85882e-05
583	6.21414e-05
584	5.98345e-05
585	6.10111e-05
586	6.45648e-05
587	6.13881e-05
588	6.1576e-05
589	6.44343e-05
590	6.06965e-05
591	6.07952e-05
592	6.36741e-05
593	6.01979e-05
594	6.05204e-05
595	6.33443e-05
596	6.03032e-05
597	6.09155e-05
598	6.42024e-05
599	6.08488e-05
600	6.09985e-05
601	6.46675e-05
602	5.98359e-05
603	5.94438e-05
604	6.33965e-05
605	5.80539e-05
606	5.76743e-05
607	5.79208e-05
608	5.76095e-05
609	6.17667e-05
610	5.72624e-05
611	5.7518e-05
612	5.75197e-05
613	5.73096e-05
614	5.7972e-05
615	6.24642e-05
616	5.83548e-05
617	5.84718e-05
618	6.16945e-05
619	5.85688e-05
620	5.90727e-05
621	6.30463e-05
622	6.24462e-05
623	6.10067e-05
624	6.25205e-05
625	6.31141e-05
626	6.32779e-05
627	6.69698e-05
628	6.24894e-05
629	6.31303e-05
630	6.68447e-05
631	6.19766e-05
632	6.21181e-05
633	6.45471e-05
634	6.04417e-05
635	6.28489e-05
636	5.94814e-05
637	5.94025e-05
638	6.24508e-05
639	5.82986e-05
640	5.85501e-05
641	6.45755e-05
642	5.86328e-05
643	5.88574e-05
644	6.51616e-05
645	5.87555e-05
646	5.88357e-05
647	6.44854e-05
648	5.84554e-05
649	6.27861e-05
650	5.97338e-05
651	5.94126e-05
652	5.92693e-05
653	6.39549e-05
654	5.92087e-05
655	6.40787e-05
656	5.92877e-05
657	5.89921e-05
658	6.48538e-05
659	5.77051e-05
660	5.75002e-05
661	6.33241e-05
662	5.66246e-05
663	5.63461e-05
664	6.09719e-05
665	5.56343e-05
666	5.55362e-05
667	5.61794e-05
668	5.61562e-05
669	5.59261e-05
670	5.55287e-05
671	5.50722e-05
672	5.45949e-05
673	5.41418e-05
674	5.36733e-05
675	5.32272e-05
676	5.20429e-05
677	5.13098e-05
678	5.1838e-05
679	5.68047e-05
680	5.18086e-05
681	5.0991e-05
682	5.12064e-05
683	5.1194e-05
684	5.1223e-05
685	4.99607e-05
686	5.08716e-05
687	5.12686e-05
688	5.14852e-05
689	5.1526e-05
690	5.14529e-05
691	5.13301e-05
692	5.11463e-05
693	5.08924e-05
694	4.94065e-05
695	5.01188e-05
696	5.02375e-05
697	5.02432e-05
698	5.01563e-05
699	5.00377e-05
700	4.99335e-05
701	4.98456e-05
702	4.97735e-05
703	4.97485e-05
704	4.97047e-05
705	4.97249e-05
706	4.97992e-05
707	4.99655e-05
708	5.02235e-05
709	5.05238e-05
710	5.07965e-05
711	5.10688e-05
712	5.14092e-05
713	5.17571e-05
714	5.24112e-05
715	5.31497e-05
716	5.25995e-05
717	5.44641e-05
718	5.43496e-05
719	5.65957e-05
720	5.62202e-05
721	5.81869e-05
722	5.73652e-05
723	5.90297e-05
724	5.7865e-05
725	5.91617e-05
726	5.78102e-05
727	5.77602e-05
728	5.90897e-05
729	5.80391e-05
730	5.94711e-05
731	5.83622e-05
732	5.88343e-05
733	5.96466e-05
734	6.22825e-05
735	6.15674e-05
736	6.25993e-05
737	6.36129e-05
738	6.47824e-05
739	6.59301e-05
740	6.69292e-05
741	6.78137e-05
742	6.86102e-05
743	6.9327e-05
744	6.99298e-05
745	7.04306e-05
746	7.0837e-05
747	7.11683e-05
748	7.14254e-05
749	7.16554e-05
750	7.18515e-05
751	7.20209e-05
752	7.21447e-05
753	7.22514e-05
754	7.23379e-05
755	7.24395e-05
756	7.25806e-05
757	7.276e-05
758	7.2955e-05
759	7.31829e-05
760	7.34651e-05
761	7.3779e-05
762	7.40995e-05
763	7.44389e-05
764	7.47624e-05
765	7.50797e-05
766	7.53546e-05
767	7.56178e-05
768	7.58644e-05
769	7.60809e-05
770	7.62593e-05
771	7.63965e-05
772	7.6527e-05
773	7.66904e-05
774	7.68877e-05
775	7.71204e-05
776	7.7351e-05
777	7.75758e-05
778	7.78129e-05
779	7.80863e-05
780	7.83451e-05
781	7.86573e-05
782	7.89702e-05
783	7.92786e-05
784	7.9595e-05
785	7.99365e-05
786	8.02571e-05
787	8.05788e-05
788	8.08762e-05
789	8.11325e-05
790	8.13345e-05
791	8.15536e-05
792	8.17777e-05
793	8.19908e-05
794	8.21533e-05
795	8.22535e-05
796	8.2348e-05
797	8.24548e-05
798	8.25501e-05
799	8.26469e-05
800	8.27509e-05
801	8.29017e-05
802	8.3112e-05
803	8.33574e-05
804	8.3528e-05
805	8.36267e-05
806	8.36969e-05
807	8.38057e-05
808	8.39599e-05
809	8.41622e-05
810	8.43805e-05
811	8.46091e-05
812	8.49041e-05
813	8.5309e-05
814	8.5736e-05
815	8.61325e-05
816	8.6388e-05
817	8.64738e-05
818	8.64769e-05
819	8.6418e-05
820	8.62649e-05
821	8.59813e-05
822	8.55507e-05
823	8.50077e-05
824	8.44314e-05
825	8.39344e-05
826	8.35756e-05
827	8.3361e-05
828	8.31278e-05
829	8.28866e-05
830	8.26153e-05
831	8.24246e-05
832	8.23583e-05
833	8.23117e-05
834	8.23193e-05
835	8.23916e-05
836	8.25189e-05
837	8.27287e-05
838	8.30909e-05
839	8.34532e-05
840	8.37249e-05
841	8.39342e-05
842	8.41664e-05
843	8.43449e-05
844	8.44323e-05
845	8.44817e-05
846	8.45046e-05
847	8.44787e-05
848	8.44585e-05
849	8.44167e-05
850	8.43453e-05
851	8.4324e-05
852	8.43881e-05
853	8.45505e-05
854	8.47756e-05
855	8.50213e-05
856	8.5194e-05
857	8.53556e-05
858	8.54987e-05
859	8.56568e-05
860	8.57468e-05
861	8.57275e-05
862	8.55151e-05
863	8.52578e-05
864	8.50428e-05
865	8.48806e-05
866	8.46795e-05
867	8.62117e-05
868	8.28673e-05
869	8.38821e-05
870	8.48613e-05
871	8.30568e-05
872	8.22342e-05
873	8.21063e-05
874	8.22429e-05
875	8.13842e-05
876	8.07973e-05
877	8.07249e-05
878	8.02942e-05
879	8.03976e-05
880	8.01012e-05
881	8.03224e-05
882	8.02425e-05
883	7.94533e-05
884	8.21751e-05
885	7.9585e-05
886	8.08744e-05
887	8.07585e-05
888	8.22753e-05
889	7.95022e-05
890	8.06044e-05
891	8.04073e-05
892	8.01073e-05
893	8.0048e-05
894	7.99566e-05
895	7.98463e-05
896	7.97041e-05
897	7.94507e-05
898	7.92068e-05
899	7.86182e-05
900	7.77015e-05
901	7.70469e-05
902	7.66291e-05
903	7.63384e-05
904	7.61485e-05
905	7.61654e-05
906	7.63491e-05
907	7.66229e-05
908	7.68912e-05
909	7.77639e-05
910	7.67952e-05
911	7.76524e-05
912	7.77605e-05
913	7.71814e-05
914	7.70013e-05
915	7.68385e-05
916	7.67294e-05
917	7.69681e-05
918	7.70876e-05
919	7.71573e-05
920	7.72357e-05
921	7.72469e-05
922	8.89792e-05
923	7.06563e-05
924	7.72742e-05
925	7.64859e-05
926	7.45159e-05
927	7.37839e-05
928	7.36813e-05
929	7.36152e-05
930	7.35638e-05
931	7.35941e-05
932	7.35346e-05
933	7.35682e-05
934	7.37075e-05
935	7.38632e-05
936	7.38458e-05
937	7.3649e-05
938	7.32644e-05
939	7.27515e-05
940	7.20989e-05
941	7.15415e-05
942	7.1013e-05
943	7.0649e-05
944	7.11798e-05
945	7.11022e-05
946	7.05879e-05
947	6.9757e-05
948	6.85017e-05
949	6.75744e-05
950	6.65407e-05
951	6.66934e-05
952	6.69259e-05
953	6.68126e-05
954	6.70635e-05
955	6.66225e-05
956	6.56977e-05
957	6.52551e-05
958	6.51854e-05
959	6.52578e-05
960	6.53437e-05
961	6.53714e-05
962	6.5209e-05
963	6.49117e-05
964	6.50047e-05
965	6.4726e-05
966	6.41407e-05
967	6.35765e-05
968	6.32006e-05
969	6.32065e-05
970	6.32808e-05
971	6.32203e-05
972	6.31381e-05
973	6.30223e-05
974	6.28135e-05
975	6.25809e-05
976	6.22676e-05
977	6.18144e-05
978	6.1378e-05
979	6.09729e-05
980	6.17527e-05
981	6.1029e-05
982	5.94126e-05
983	5.99967e-05
984	5.97954e-05
985	6.00227e-05
986	5.99627e-05
987	5.94114e-05
988	5.92492e-05
989	5.87921e-05
990	5.86341e-05
991	5.84438e-05
992	5.81471e-05
993	5.9759e-05
994	5.91289e-05
995	5.9081e-05
996	5.91033e-05
997	5.91026e-05
998	5.90919e-05
999	5.90326e-05
1000	5.90778e-05
1001	5.91281e-05
1002	5.91642e-05
1003	5.92641e-05
1004	5.94044e-05
1005	5.96171e-05
1006	5.98672e-05
1007	6.00914e-05
1008	6.03214e-05
1009	6.05202e-05
1010	6.05976e-05
1011	6.06785e-05
1012	6.07821e-05
1013	6.09755e-05
1014	6.11894e-05
1015	6.14626e-05
1016	6.18099e-05
1017	6.22055e-05
1018	6.25919e-05
1019	6.28582e-05
1020	6.30437e-05
1021	6.31714e-05
1022	6.32261e-05
1023	6.32321e-05
1024	6.32578e-05
1025	6.32377e-05
1026	6.32249e-05
1027	6.32286e-05
1028	6.33077e-05
1029	6.33444e-05
1030	6.33731e-05
1031	6.32038e-05
1032	6.29385e-05
1033	6.26317e-05
1034	6.22718e-05
1035	6.19135e-05
1036	6.1653e-05
1037	6.14556e-05
1038	6.1361e-05
1039	6.13479e-05
1040	6.14075e-05
1041	6.1437e-05
1042	6.25623e-05
1043	6.22181e-05
1044	6.11591e-05
1045	6.10071e-05
1046	6.08983e-05
1047	6.08234e-05
1048	6.05183e-05
1049	6.09693e-05
1050	6.13287e-05
1051	5.99786e-05
1052	5.89128e-05
1053	6.11943e-05
1054	5.81171e-05
1055	6.05689e-05
1056	5.75912e-05
1057	5.89887e-05
1058	5.83274e-05
1059	5.7777e-05
1060	5.75292e-05
1061	5.73964e-05
1062	5.72317e-05
1063	5.73839e-05
1064	5.76439e-05
1065	5.97157e-05
1066	5.57978e-05
1067	5.7703e-05
1068	5.78825e-05
1069	5.60448e-05
1070	5.54089e-05
1071	5.50127e-05
1072	5.46107e-05
1073	5.42814e-05
1074	5.40954e-05
1075	5.4406e-05
1076	5.97151e-05
1077	5.49301e-05
1078	5.65731e-05
1079	5.8782e-05
1080	5.93917e-05
1081	5.99713e-05
1082	5.95746e-05
1083	5.86262e-05
1084	5.83228e-05
1085	5.76922e-05
1086	5.75069e-05
1087	5.69953e-05
1088	5.69846e-05
1089	5.6826e-05
1090	5.68714e-05
1091	5.70198e-05
1092	5.69034e-05
1093	5.70918e-05
1094	5.72481e-05
1095	5.72417e-05
1096	5.74631e-05
1097	5.7504e-05
1098	5.79245e-05
1099	5.82991e-05
1100	5.90214e-05
1101	5.88425e-05
1102	5.93323e-05
1103	5.99681e-05
1104	6.01611e-05
1105	6.0791e-05
1106	6.10951e-05
1107	6.13203e-05
1108	6.16132e-05
1109	6.20811e-05
1110	6.26387e-05
1111	6.32747e-05
1112	6.37821e-05
1113	6.41637e-05
1114	6.44405e-05
1115	6.45762e-05
1116	6.45667e-05
1117	6.44527e-05
1118	6.42676e-05
1119	6.40359e-05
1120	6.38208e-05
1121	6.33639e-05
1122	6.27336e-05
1123	6.20744e-05
1124	6.13488e-05
1125	6.10068e-05
1126	6.0895e-05
1127	6.09225e-05
1128	6.12043e-05
1129	6.1324e-05
1130	6.15534e-05
1131	6.15397e-05
1132	6.17403e-05
1133	6.18533e-05
1134	6.22965e-05
1135	6.23788e-05
1136	6.24171e-05
1137	6.26596e-05
1138	6.28149e-05
1139	6.3034e-05
1140	6.32674e-05
1141	6.34262e-05
1142	6.35075e-05
1143	6.34833e-05
1144	6.34713e-05
1145	6.35331e-05
1146	6.35074e-05
1147	6.34957e-05
1148	6.34205e-05
1149	6.33598e-05
1150	6.33924e-05
1151	6.34101e-05
1152	6.33912e-05
1153	6.35215e-05
1154	6.45501e-05
1155	6.34154e-05
1156	6.48436e-05
1157	6.41916e-05
1158	6.40567e-05
1159	6.37429e-05
1160	6.35221e-05
1161	6.52926e-05
1162	6.30344e-05
1163	6.30747e-05
1164	6.28291e-05
1165	6.27459e-05
1166	6.30442e-05
1167	6.31316e-05
1168	6.28067e-05
1169	6.23533e-05
1170	6.19122e-05
1171	6.15193e-05
1172	6.12518e-05
1173	6.09744e-05
1174	6.0801e-05
1175	6.06455e-05
1176	6.04452e-05
1177	6.03748e-05
1178	6.03546e-05
1179	6.03269e-05
1180	6.02791e-05
1181	6.01948e-05
1182	6.01601e-05
1183	6.00997e-05
1184	5.991e-05
1185	5.96859e-05
1186	5.9436e-05
1187	4.22273e-05
1188	5.07958e-05
1189	5.39292e-05
1190	5.42215e-05
1191	3.99422e-05
1192	4.66254e-05
1193	5.09278e-05
1194	5.41012e-05
1195	5.5174e-05
1196	3.9053e-05
1197	4.88746e-05
1198	5.00661e-05
1199	5.09287e-05
1200	5.30551e-05
1201	5.44891e-05
1202	3.93322e-05
1203	4.80052e-05
1204	4.90305e-05
1205	5.08349e-05
1206	5.25231e-05
1207	5.3284e-05
1208	5.32568e-05
1209	5.27784e-05
1210	5.21507e-05
1211	5.14806e-05
1212	5.07988e-05
1213	5.01502e-05
1214	4.95081e-05
1215	4.89193e-05
1216	4.83009e-05
1217	4.76711e-05
1218	4.70207e-05
1219	4.68075e-05
1220	4.68776e-05
1221	4.69107e-05
1222	4.69218e-05
1223	4.6916e-05
1224	4.69283e-05
1225	4.69567e-05
1226	4.69677e-05
1227	4.69801e-05
1228	4.69852e-05
1229	3.48862e-05
1230	3.84468e-05
1231	4.07749e-05
1232	4.39003e-05
1233	3.32592e-05
1234	3.77822e-05
1235	4.10651e-05
1236	3.26388e-05
1237	3.69434e-05
1238	4.04833e-05
1239	3.23404e-05
1240	3.63995e-05
1241	3.99555e-05
1242	3.21965e-05
1243	3.59786e-05
1244	3.91121e-05
1245	3.18218e-05
1246	3.54269e-05
1247	3.82152e-05
1248	3.15265e-05
1249	3.47831e-05
1250	3.72055e-05
1251	3.18306e-05
1252	3.4435e-05
1253	2.8588e-05
1254	3.29535e-05
1255	2.81651e-05
1256	3.25941e-05
1257	2.78184e-05
1258	3.2029e-05
1259	2.69714e-05
1260	3.17591e-05
1261	3.24884e-05
1262	2.87986e-05
1263	2.44662e-05
1264	2.64513e-05
1265	3.04374e-05
1266	2.77945e-05
1267	2.99349e-05
1268	2.27917e-05
1269	2.78162e-05
1270	2.239e-05
1271	2.75826e-05
1272	2.17921e-05
1273	2.64737e-05
1274	2.08934e-05
1275	2.51166e-05
1276	1.94936e-05
