1	1
2	0.24658
3	0.201094
4	0.0838707
5	0.0399788
6	0.0240518
7	0.0164405
8	0.010832
9	0.00808779
10	0.00674822
11	0.00605846
12	0.00514643
13	0.00479498
14	0.00469633
15	0.00459052
16	0.00455714
17	0.00450983
18	0.00450257
19	0.00445509
20	0.00438531
21	0.00430007
22	0.00419962
23	0.00412061
24	0.004038
25	0.00394168
26	0.00383739
27	0.00373854
28	0.00364944
29	0.00357677
30	0.00350303
31	0.00345624
32	0.0034172
33	0.00338732
34	0.00337473
35	0.00335961
36	0.00335182
37	0.00334594
38	0.00334114
39	0.00334285
40	0.00334146
41	0.00333712
42	0.00333102
43	0.00332461
44	0.00332156
45	0.00331475
46	0.00330892
47	0.00330439
48	0.00330131
49	0.00329641
50	0.00329279
51	0.00328851
52	0.00328099
53	0.00327414
54	0.00327242
55	0.00326962
56	0.0032666
57	0.00326004
58	0.00325055
59	0.00323935
60	0.00322789
61	0.00321513
62	0.00320033
63	0.00318706
64	0.00317203
65	0.00315844
66	0.00314564
67	0.00313309
68	0.00312298
69	0.00311308
70	0.00310552
71	0.00309644
72	0.00308638
73	0.00307765
74	0.00306667
75	0.00305307
76	0.00304379
77	0.00303794
78	0.00303017
79	0.00302522
80	0.00302066
81	0.00301554
82	0.0030109
83	0.00300696
84	0.00300312
85	0.00299936
86	0.00299477
87	0.00299217
88	0.00299073
89	0.00298897
90	0.00298856
91	0.00298853
92	0.00298835
93	0.00298945
94	0.0029893
95	0.00298999
96	0.00298925
97	0.00299083
98	0.00299029
99	0.00299135
100	0.00299273
101	0.00299447
102	0.00299659
103	0.00299856
104	0.00300163
105	0.00300399
106	0.00300596
107	0.00300898
108	0.00301206
109	0.00301352
110	0.00301726
111	0.00302167
112	0.00302643
113	0.00303215
114	0.00303672
115	0.00304082
116	0.00304479
117	0.00304942
118	0.00305426
119	0.00305994
120	0.00306522
121	0.003069
122	0.00307409
123	0.00307992
124	0.00308499
125	0.00309199
126	0.00309688
127	0.00310365
128	0.00310961
129	0.00311495
130	0.00312137
131	0.00312709
132	0.00313273
133	0.0031381
134	0.00314365
135	0.00314932
136	0.00315461
137	0.00316039
138	0.00316675
139	0.00317308
140	0.00317994
141	0.00318646
142	0.0031946
143	0.00319984
144	0.00320609
145	0.00321235
146	0.00321971
147	0.00322524
148	0.00323233
149	0.00323868
150	0.00324572
151	0.00325002
152	0.00325552
153	0.00326295
154	0.00326859
155	0.00327631
156	0.00328376
157	0.00329009
158	0.00329812
159	0.00330403
160	0.00331071
161	0.00331659
162	0.00332245
163	0.00332939
164	0.00333594
165	0.00334126
166	0.00334725
167	0.00335357
168	0.00336043
169	0.00336672
170	0.00337433
171	0.0033809
172	0.00338864
173	0.0033937
174	0.0034015
175	0.00340712
176	0.00341293
177	0.00341926
178	0.00342512
179	0.0034302
180	0.00343584
181	0.0034428
182	0.0034504
183	0.00345625
184	0.00346405
185	0.00346904
186	0.00347675
187	0.00348393
188	0.00348928
189	0.00349647
190	0.00350276
191	0.00350982
192	0.00351477
193	0.00352161
194	0.00352838
195	0.00353542
196	0.00354072
197	0.0035482
198	0.00355434
199	0.0035602
200	0.00356903
201	0.00357462
202	0.00358148
203	0.00358779
204	0.00359382
205	0.00360031
206	0.00360676
207	0.00361341
208	0.00362039
209	0.00362556
210	0.00363103
211	0.00363792
212	0.00364609
213	0.00365163
214	0.00365718
215	0.00366334
216	0.00367004
217	0.00367549
218	0.00368024
219	0.00368676
220	0.00369451
221	0.00370016
222	0.00370577
223	0.00371124
224	0.00371777
225	0.00372287
226	0.00373197
227	0.00373657
228	0.00374303
229	0.00374748
230	0.00375359
231	0.00376117
232	0.00376641
233	0.00377183
234	0.00377646
235	0.00378108
236	0.00378769
237	0.00379259
238	0.0037986
239	0.00380381
240	0.0038092
241	0.00381484
242	0.00382051
243	0.00382554
244	0.00383071
245	0.00383503
246	0.00384011
247	0.00384402
248	0.00384778
249	0.00385223
250	0.00385627
251	0.00386092
252	0.00386667
253	0.00387102
254	0.00387333
255	0.00387553
256	0.00388175
257	0.00388639
258	0.00389081
259	0.00389396
260	0.00389761
261	0.00390085
262	0.00390391
263	0.00390673
264	0.0039096
265	0.00391345
266	0.0039165
267	0.003919
268	0.0039213
269	0.00392481
270	0.00392674
271	0.0039296
272	0.00393285
273	0.00393512
274	0.00393746
275	0.00393991
276	0.00394074
277	0.00394243
278	0.00394412
279	0.00394754
280	0.00394903
281	0.00394973
282	0.0039498
283	0.00394967
284	0.00395074
285	0.00395222
286	0.00395223
287	0.00395394
288	0.00395215
289	0.0039527
290	0.00395113
291	0.00395136
292	0.00395098
293	0.00394963
294	0.00394862
295	0.00394835
296	0.00394618
297	0.00394432
298	0.00394238
299	0.00394166
300	0.00393856
301	0.0039362
302	0.00393374
303	0.00393166
304	0.00392883
305	0.00392493
306	0.00392294
307	0.00391967
308	0.00391664
309	0.00391394
310	0.00390876
311	0.00390532
312	0.00390077
313	0.00389729
314	0.00389223
315	0.00388935
316	0.00388437
317	0.0038788
318	0.00387518
319	0.00387019
320	0.00386435
321	0.00385993
322	0.00385421
323	0.00385014
324	0.00384538
325	0.00383974
326	0.00383354
327	0.00382863
328	0.00382278
329	0.00381947
330	0.00381347
331	0.00380703
332	0.00380123
333	0.00379503
334	0.00378986
335	0.00378489
336	0.00377941
337	0.00377313
338	0.00376788
339	0.0037615
340	0.00375603
341	0.00374964
342	0.00374322
343	0.00373797
344	0.00373229
345	0.00372631
346	0.00372036
347	0.00371432
348	0.00370856
349	0.00370214
350	0.00369621
351	0.00369047
352	0.00368513
353	0.0036789
354	0.00367215
355	0.00366589
356	0.00366012
357	0.00365413
358	0.00364962
359	0.00364343
360	0.00363678
361	0.00363057
362	0.00362434
363	0.00361843
364	0.00361324
365	0.00360857
366	0.00360273
367	0.00359532
368	0.00359035
369	0.0035834
370	0.00357745
371	0.00357242
372	0.00356746
373	0.00356096
374	0.00355435
375	0.00354785
376	0.0035422
377	0.00353536
378	0.00353127
379	0.00352606
380	0.00351964
381	0.00351261
382	0.00350628
383	0.00350225
384	0.00349648
385	0.00349013
386	0.00348504
387	0.00347916
388	0.00347211
389	0.00346582
390	0.00346038
391	0.00345527
392	0.00344919
393	0.00344525
394	0.00343849
395	0.00343079
396	0.00342491
397	0.00341953
398	0.00341403
399	0.00340924
400	0.003404
401	0.00339672
402	0.00338945
403	0.00338484
404	0.00337945
405	0.00337469
406	0.00336838
407	0.00336349
408	0.00335637
409	0.00335113
410	0.00334559
411	0.00333998
412	0.00333495
413	0.00332937
414	0.00332433
415	0.00331796
416	0.00331258
417	0.00330717
418	0.00330259
419	0.00329701
420	0.00329134
421	0.00328668
422	0.00328024
423	0.00327553
424	0.00327096
425	0.00326563
426	0.00326039
427	0.00325562
428	0.00325094
429	0.00324431
430	0.0032392
431	0.00323501
432	0.00322953
433	0.00322414
434	0.00321884
435	0.00321475
436	0.00320904
437	0.00320335
438	0.00319813
439	0.00319401
440	0.00318895
441	0.00318433
442	0.00318054
443	0.00317467
444	0.00316925
445	0.00316631
446	0.00316076
447	0.00315591
448	0.00315211
449	0.0031482
450	0.0031423
451	0.00313825
452	0.00313325
453	0.00312896
454	0.00312463
455	0.00312019
456	0.00311598
457	0.00311136
458	0.00310744
459	0.00310429
460	0.00309977
461	0.00309523
462	0.00309131
463	0.0030872
464	0.00308285
465	0.00307857
466	0.00307493
467	0.0030719
468	0.00306805
469	0.003064
470	0.00306074
471	0.00305576
472	0.00305215
473	0.00304886
474	0.00304474
475	0.00304287
476	0.00303891
477	0.00303502
478	0.00303117
479	0.00302804
480	0.0030244
481	0.00302134
482	0.00301899
483	0.00301548
484	0.00301087
485	0.00300762
486	0.00300455
487	0.00300173
488	0.0029987
489	0.00299533
490	0.00299174
491	0.00298878
492	0.00298518
493	0.00298377
494	0.00298072
495	0.00297743
496	0.00297442
497	0.00297104
498	0.00296838
499	0.0029653
500	0.00296352
501	0.00296061
502	0.00295703
503	0.00295406
504	0.00295186
505	0.00294972
506	0.00294767
507	0.0029453
508	0.00294188
509	0.0029392
510	0.00293682
511	0.00293439
512	0.00293266
513	0.00292992
514	0.00292814
515	0.00292536
516	0.00292344
517	0.0029206
518	0.00291863
519	0.00291623
520	0.00291394
521	0.00291189
522	0.00291024
523	0.00290797
524	0.00290577
525	0.00290458
526	0.00290162
527	0.00289952
528	0.00289693
529	0.0028965
530	0.00289455
531	0.0028924
532	0.0028896
533	0.00288788
534	0.00288628
535	0.00288493
536	0.00288324
537	0.00288193
538	0.0028803
539	0.00287758
540	0.00287498
541	0.00287427
542	0.00287306
543	0.00287104
544	0.00287013
545	0.00286882
546	0.00286647
547	0.00286398
548	0.00286303
549	0.00286189
550	0.00286011
551	0.00285802
552	0.00285781
553	0.00285535
554	0.00285345
555	0.00285305
556	0.00285172
557	0.00285111
558	0.00284902
559	0.00284775
560	0.00284623
561	0.00284491
562	0.00284326
563	0.00284175
564	0.00284099
565	0.00283943
566	0.00283748
567	0.00283698
568	0.0028361
569	0.00283527
570	0.00283423
571	0.00283256
572	0.00283101
573	0.00282936
574	0.00282854
575	0.00282693
576	0.00282659
577	0.00282588
578	0.00282408
579	0.00282351
580	0.00282233
581	0.00282115
582	0.00282069
583	0.0028204
584	0.00282004
585	0.00281831
586	0.00281643
587	0.0028156
588	0.00281441
589	0.00281349
590	0.0028133
591	0.00281201
592	0.0028107
593	0.00281043
594	0.0028098
595	0.00280917
596	0.00280862
597	0.00280764
598	0.00280668
599	0.00280644
600	0.00280549
601	0.00280469
602	0.00280397
603	0.00280271
604	0.00280117
605	0.00279986
606	0.0027997
607	0.00279852
608	0.00279731
609	0.00279685
610	0.00279617
611	0.00279479
612	0.0027947
613	0.00279376
614	0.00279286
615	0.00279202
616	0.00279164
617	0.00279092
618	0.00279048
619	0.00278971
620	0.00278918
621	0.00278727
622	0.00278583
623	0.00278464
624	0.00278361
625	0.00278445
626	0.00278315
627	0.00278158
628	0.00278065
629	0.00277948
630	0.0027791
631	0.00277827
632	0.00277785
633	0.00277678
634	0.00277694
635	0.00277536
636	0.0027745
637	0.00277349
638	0.00277245
639	0.00277109
640	0.0027694
641	0.0027683
642	0.00276737
643	0.00276589
644	0.0027648
645	0.00276381
646	0.00276307
647	0.00276198
648	0.00276004
649	0.00275845
650	0.00275844
651	0.00275679
652	0.00275609
653	0.00275482
654	0.00275384
655	0.00275215
656	0.00275108
657	0.00275116
658	0.00274923
659	0.00274808
660	0.00274655
661	0.0027451
662	0.0027436
663	0.00274155
664	0.00273977
665	0.00273872
666	0.00273774
667	0.00273595
668	0.00273445
669	0.00273333
670	0.00273161
671	0.00272966
672	0.00272871
673	0.0027277
674	0.00272614
675	0.00272508
676	0.00272325
677	0.00272269
678	0.00272018
679	0.00271833
680	0.00271624
681	0.00271428
682	0.00271266
683	0.00271085
684	0.00270833
685	0.00270591
686	0.00270371
687	0.00270248
688	0.00270077
689	0.00269854
690	0.00269646
691	0.00269417
692	0.00269202
693	0.00268993
694	0.00268819
695	0.00268591
696	0.00268377
697	0.00268087
698	0.00267821
699	0.0026766
700	0.00267439
701	0.0026712
702	0.00266924
703	0.00266681
704	0.00266404
705	0.00266226
706	0.00265893
707	0.00265606
708	0.00265332
709	0.0026513
710	0.00264898
711	0.00264735
712	0.00264405
713	0.00264022
714	0.00263626
715	0.00263346
716	0.00263043
717	0.0026278
718	0.00262468
719	0.00262169
720	0.00261824
721	0.00261374
722	0.00261181
723	0.00260944
724	0.00260578
725	0.00260215
726	0.00259783
727	0.00259472
728	0.00259157
729	0.00258861
730	0.00258543
731	0.00258127
732	0.00257749
733	0.0025749
734	0.00257127
735	0.00256775
736	0.00256353
737	0.00255898
738	0.00255434
739	0.00254973
740	0.00254631
741	0.00254236
742	0.00253858
743	0.00253434
744	0.00252924
745	0.00252472
746	0.00252102
747	0.00251732
748	0.00251281
749	0.00250807
750	0.00250288
751	0.00249838
752	0.00249429
753	0.00249058
754	0.00248551
755	0.00248053
756	0.00247507
757	0.00247036
758	0.0024665
759	0.00246196
760	0.00245707
761	0.00245193
762	0.00244622
763	0.00244079
764	0.00243625
765	0.00243267
766	0.00242749
767	0.00242241
768	0.00241618
769	0.00240989
770	0.00240552
771	0.00240121
772	0.00239699
773	0.00239105
774	0.00238471
775	0.00237836
776	0.00237352
777	0.00236922
778	0.00236448
779	0.0023585
780	0.0023522
781	0.00234611
782	0.00234026
783	0.00233546
784	0.00233051
785	0.00232465
786	0.00231889
787	0.00231216
788	0.00230566
789	0.00230041
790	0.00229585
791	0.00229047
792	0.00228421
793	0.00227722
794	0.00227006
795	0.00226483
796	0.0022607
797	0.00225443
798	0.00224798
799	0.0022411
800	0.00223451
801	0.00222863
802	0.0022238
803	0.00221741
804	0.0022111
805	0.00220456
806	0.00219723
807	0.00219034
808	0.00218482
809	0.00217897
810	0.00217302
811	0.00216647
812	0.00215896
813	0.00215206
814	0.00214589
815	0.0021404
816	0.00213433
817	0.00212759
818	0.00211974
819	0.00211282
820	0.0021065
821	0.00210083
822	0.00209462
823	0.0020877
824	0.0020806
825	0.00207343
826	0.00206669
827	0.0020601
828	0.00205408
829	0.00204739
830	0.00204025
831	0.00203294
832	0.00202601
833	0.00201915
834	0.00201302
835	0.00200629
836	0.00199923
837	0.00199144
838	0.00198429
839	0.0019782
840	0.00197175
841	0.00196502
842	0.00195756
843	0.00195042
844	0.00194346
845	0.00193678
846	0.00192959
847	0.00192303
848	0.00191591
849	0.00190877
850	0.00190171
851	0.00189478
852	0.00188776
853	0.00188072
854	0.00187406
855	0.00186656
856	0.00185927
857	0.00185253
858	0.0018455
859	0.00183789
860	0.00183102
861	0.00182401
862	0.00181649
863	0.00180994
864	0.001803
865	0.00179579
866	0.0017888
867	0.00178132
868	0.00177405
869	0.00176719
870	0.00176049
871	0.00175297
872	0.00174589
873	0.00173844
874	0.00173166
875	0.00172416
876	0.00171701
877	0.00171
878	0.00170293
879	0.00169571
880	0.00168854
881	0.00168134
882	0.00167389
883	0.00166639
884	0.00165981
885	0.00165269
886	0.0016454
887	0.00163805
888	0.00163081
889	0.00162336
890	0.00161672
891	0.0016095
892	0.00160214
893	0.00159463
894	0.00158722
895	0.00158061
896	0.001574
897	0.00156647
898	0.001559
899	0.00155162
900	0.00154441
901	0.00153793
902	0.00153096
903	0.00152365
904	0.00151657
905	0.00150895
906	0.00150203
907	0.00149531
908	0.00148864
909	0.00148133
910	0.00147416
911	0.00146692
912	0.00146035
913	0.00145341
914	0.00144673
915	0.00143954
916	0.00143231
917	0.00142599
918	0.00141907
919	0.00141226
920	0.00140511
921	0.0013981
922	0.00139137
923	0.00138547
924	0.00137869
925	0.00137184
926	0.00136495
927	0.00135791
928	0.0013523
929	0.00134598
930	0.00133912
931	0.00133268
932	0.00132559
933	0.00131943
934	0.00131372
935	0.00130785
936	0.00130141
937	0.00129524
938	0.00128823
939	0.00128238
940	0.00127698
941	0.0012714
942	0.00126524
943	0.00125889
944	0.00125288
945	0.00124752
946	0.00124257
947	0.00123668
948	0.00123064
949	0.00122486
950	0.00121944
951	0.0012148
952	0.00120944
953	0.00120401
954	0.0011987
955	0.0011933
956	0.00118814
957	0.00118331
958	0.00117787
959	0.00117288
960	0.00116802
961	0.00116327
962	0.00115851
963	0.00115367
964	0.00114885
965	0.00114425
966	0.00113964
967	0.00113465
968	0.00112994
969	0.00112577
970	0.00112129
971	0.00111708
972	0.00111221
973	0.00110747
974	0.00110343
975	0.00109917
976	0.00109505
977	0.00109064
978	0.00108632
979	0.00108207
980	0.0010781
981	0.001074
982	0.00106996
983	0.00106588
984	0.00106188
985	0.00105798
986	0.00105419
987	0.00105051
988	0.00104675
989	0.00104315
990	0.00103902
991	0.00103521
992	0.00103152
993	0.00102787
994	0.00102477
995	0.0010211
996	0.0010171
997	0.00101332
998	0.00100966
999	0.00100589
1000	0.00100275
1001	0.000998847
1002	0.0009953
1003	0.000992083
1004	0.000988478
1005	0.000985031
1006	0.000981829
1007	0.000978558
1008	0.000975089
1009	0.000971636
1010	0.000968078
1011	0.000964405
1012	0.000961126
1013	0.000957968
1014	0.000954435
1015	0.000950971
1016	0.000947569
1017	0.000944007
1018	0.000940458
1019	0.000937192
1020	0.00093405
1021	0.000930833
1022	0.000927405
1023	0.000923661
1024	0.000919894
1025	0.000916664
1026	0.000913625
1027	0.000910525
1028	0.000907175
1029	0.000903746
1030	0.000900203
1031	0.000896774
1032	0.000893204
1033	0.000890303
1034	0.000887536
1035	0.000884342
1036	0.000881049
1037	0.000877571
1038	0.000874157
1039	0.000871306
1040	0.000868892
1041	0.000866124
1042	0.000863192
1043	0.000860311
1044	0.000856861
1045	0.000853418
1046	0.000850558
1047	0.000848392
1048	0.000845948
1049	0.000843311
1050	0.000840387
1051	0.000837047
1052	0.000833658
1053	0.000830732
1054	0.0008284
1055	0.000826176
1056	0.000823532
1057	0.000820659
1058	0.000817338
1059	0.000814123
1060	0.000810688
1061	0.000807932
1062	0.000805434
1063	0.000802744
1064	0.000799942
1065	0.000797041
1066	0.000793747
1067	0.000790456
1068	0.000787174
1069	0.000784753
1070	0.000782206
1071	0.000779615
1072	0.000776721
1073	0.000773541
1074	0.000770312
1075	0.0007674
1076	0.000764572
1077	0.000761982
1078	0.00075941
1079	0.000756738
1080	0.000754155
1081	0.000751362
1082	0.00074854
1083	0.000745586
1084	0.000743163
1085	0.000740696
1086	0.000738162
1087	0.000735588
1088	0.000733293
1089	0.000730636
1090	0.00072796
1091	0.000725335
1092	0.000723092
1093	0.000720595
1094	0.000718135
1095	0.00071584
1096	0.000713693
1097	0.000711345
1098	0.000709109
1099	0.000706696
1100	0.000704314
1101	0.00070198
1102	0.000699679
1103	0.000697549
1104	0.000695447
1105	0.000693397
1106	0.000691371
1107	0.00068928
1108	0.000686806
1109	0.000684676
1110	0.000682577
1111	0.000680699
1112	0.000678703
1113	0.000676641
1114	0.000674629
1115	0.000672494
1116	0.000670242
1117	0.000668334
1118	0.000666219
1119	0.000664152
1120	0.000662271
1121	0.000660038
1122	0.000657898
1123	0.000655685
1124	0.000653672
1125	0.000651427
1126	0.000649254
1127	0.00064698
1128	0.000644969
1129	0.000642749
1130	0.000640506
1131	0.000638221
1132	0.000635911
1133	0.000633428
1134	0.000631003
1135	0.000628707
1136	0.000626349
1137	0.000624008
1138	0.000621697
1139	0.000619313
1140	0.000616859
1141	0.000614281
1142	0.000611699
1143	0.000609017
1144	0.000606406
1145	0.000603975
1146	0.000601499
1147	0.000598978
1148	0.000596248
1149	0.00059365
1150	0.000590865
1151	0.000588264
1152	0.000585373
1153	0.000582669
1154	0.000579967
1155	0.000577218
1156	0.000574538
1157	0.000571741
1158	0.000569057
1159	0.000566182
1160	0.000563326
1161	0.000560528
1162	0.000557502
1163	0.000554595
1164	0.000551784
1165	0.000548845
1166	0.000545944
1167	0.000542926
1168	0.000539956
1169	0.000537088
1170	0.000534207
1171	0.000531312
1172	0.000528427
1173	0.00052541
1174	0.000522423
1175	0.000519565
1176	0.000516631
1177	0.000513591
1178	0.00051074
1179	0.000507752
1180	0.000504718
1181	0.000501792
1182	0.00049889
1183	0.000495963
1184	0.000492914
1185	0.00049007
1186	0.00048707
1187	0.000484095
1188	0.000481186
1189	0.000478267
1190	0.000475323
1191	0.000472381
1192	0.000469499
1193	0.000466596
1194	0.000463652
1195	0.000460791
1196	0.000457804
1197	0.000454914
1198	0.000452195
1199	0.000449393
1200	0.000446443
1201	0.000443581
1202	0.000440749
1203	0.000437907
1204	0.000435036
1205	0.000432216
1206	0.000429408
1207	0.000426594
1208	0.000423798
1209	0.000421195
1210	0.000418446
1211	0.000415691
1212	0.000413055
1213	0.000410295
1214	0.000407619
1215	0.000404908
1216	0.000402207
1217	0.000399645
1218	0.000396938
1219	0.000394317
1220	0.00039168
1221	0.000389141
1222	0.000386527
1223	0.000384106
1224	0.000381488
1225	0.000378907
1226	0.000376371
1227	0.00037389
1228	0.000371392
1229	0.000368969
1230	0.000366445
1231	0.000363956
1232	0.000361444
1233	0.000358954
1234	0.000356557
1235	0.000354136
1236	0.00035171
1237	0.000349356
1238	0.000346846
1239	0.000344418
1240	0.000341992
1241	0.000339578
1242	0.000337374
1243	0.000335033
1244	0.000332671
1245	0.000330241
1246	0.000327945
1247	0.000325562
1248	0.000323222
1249	0.000321112
1250	0.000318839
1251	0.000316566
1252	0.000314383
1253	0.000312132
1254	0.000309916
1255	0.00030781
1256	0.00030566
1257	0.000303479
1258	0.000301407
1259	0.000299341
1260	0.000297278
1261	0.000295326
1262	0.000293321
1263	0.000291405
1264	0.000289495
1265	0.000287568
1266	0.00028566
1267	0.000283822
1268	0.000282156
1269	0.000280315
1270	0.000278512
1271	0.000276897
1272	0.000275205
1273	0.000273555
1274	0.000271895
1275	0.00027029
1276	0.000268733
