1	0.0944147
2	0.0193967
3	0.0132984
4	0.00571368
5	0.00237104
6	0.00136487
7	0.000867047
8	0.000609166
9	0.000463668
10	0.000387387
11	0.000350156
12	0.00031229
13	0.000294445
14	0.000285488
15	0.000278857
16	0.000277579
17	0.000279201
18	0.000281272
19	0.000282048
20	0.00028424
21	0.000284497
22	0.000284747
23	0.00028519
24	0.000285524
25	0.000283769
26	0.000282138
27	0.00028027
28	0.000279309
29	0.000278236
30	0.00027785
31	0.00027691
32	0.000277782
33	0.000278661
34	0.000279526
35	0.000281986
36	0.00028333
37	0.000285422
38	0.000287289
39	0.000289328
40	0.00029126
41	0.000292861
42	0.000294556
43	0.000296263
44	0.000298097
45	0.000299585
46	0.000301143
47	0.00030263
48	0.000303903
49	0.000305225
50	0.000306216
51	0.000306911
52	0.000307803
53	0.000308478
54	0.000309106
55	0.000309812
56	0.000310443
57	0.000310805
58	0.000311151
59	0.000311083
60	0.000310911
61	0.000310963
62	0.0003107
63	0.00031058
64	0.000310483
65	0.000310339
66	0.000310152
67	0.000309995
68	0.000309804
69	0.00030965
70	0.000309274
71	0.000308956
72	0.000308534
73	3.19498e-05
74	3.19487e-05
75	3.19447e-05
76	3.19381e-05
77	3.19328e-05
78	3.19362e-05
79	3.19417e-05
80	3.19632e-05
81	3.19675e-05
82	3.19938e-05
83	3.20039e-05
84	3.2021e-05
85	3.2046e-05
86	3.20704e-05
87	3.20864e-05
88	3.21108e-05
89	3.2142e-05
90	3.21693e-05
91	3.22047e-05
92	3.22389e-05
93	3.22747e-05
94	3.23048e-05
95	3.23411e-05
96	3.23776e-05
97	3.24183e-05
98	3.24584e-05
99	3.25118e-05
100	3.25604e-05
101	3.2604e-05
102	3.26548e-05
103	3.27021e-05
104	3.27588e-05
105	3.28126e-05
106	3.28661e-05
107	3.29318e-05
108	3.30033e-05
109	3.30696e-05
110	3.31463e-05
111	3.32151e-05
112	3.32824e-05
113	3.33522e-05
114	3.34169e-05
115	3.3482e-05
116	3.35467e-05
117	3.36138e-05
118	3.36783e-05
119	3.37485e-05
120	3.38185e-05
121	3.38895e-05
122	3.39739e-05
123	3.40604e-05
124	3.41343e-05
125	3.42169e-05
126	3.42951e-05
127	3.43753e-05
128	3.4455e-05
129	3.45339e-05
130	3.46115e-05
131	3.46816e-05
132	3.47596e-05
133	3.48427e-05
134	3.49168e-05
135	3.49959e-05
136	3.50808e-05
137	3.51598e-05
138	3.52428e-05
139	3.5319e-05
140	3.54065e-05
141	3.54793e-05
142	3.55706e-05
143	3.56398e-05
144	3.57229e-05
145	3.57999e-05
146	3.58916e-05
147	3.59623e-05
148	3.60439e-05
149	3.61187e-05
150	3.6199e-05
151	3.62739e-05
152	3.63466e-05
153	3.64311e-05
154	3.65103e-05
155	3.6588e-05
156	3.66704e-05
157	3.67408e-05
158	3.68341e-05
159	3.69084e-05
160	3.69899e-05
161	3.7056e-05
162	3.71237e-05
163	3.7204e-05
164	3.72829e-05
165	3.73463e-05
166	3.74324e-05
167	3.75036e-05
168	3.75844e-05
169	3.76553e-05
170	3.77246e-05
171	3.78095e-05
172	3.78841e-05
173	3.79526e-05
174	3.80199e-05
175	3.80921e-05
176	3.81471e-05
177	3.82247e-05
178	3.82997e-05
179	3.83759e-05
180	3.84421e-05
181	3.85138e-05
182	3.858e-05
183	3.86541e-05
184	3.87408e-05
185	3.88115e-05
186	3.88901e-05
187	3.8956e-05
188	3.90166e-05
189	3.90885e-05
190	3.9162e-05
191	3.9243e-05
192	3.9311e-05
193	3.93871e-05
194	3.94539e-05
195	3.95296e-05
196	3.95959e-05
197	3.96774e-05
198	3.97558e-05
199	3.98318e-05
200	3.99147e-05
201	3.99784e-05
202	4.00482e-05
203	4.01209e-05
204	4.01948e-05
205	4.02711e-05
206	4.0346e-05
207	4.04221e-05
208	4.04987e-05
209	4.05673e-05
210	4.06418e-05
211	4.07236e-05
212	4.08144e-05
213	4.089e-05
214	4.09613e-05
215	4.10322e-05
216	4.11106e-05
217	4.11832e-05
218	4.12507e-05
219	4.13216e-05
220	4.14064e-05
221	4.14777e-05
222	4.15514e-05
223	4.16253e-05
224	4.16979e-05
225	4.17729e-05
226	4.18636e-05
227	4.19451e-05
228	4.20227e-05
229	4.20882e-05
230	4.21598e-05
231	4.2242e-05
232	4.2306e-05
233	4.23719e-05
234	4.24455e-05
235	4.2507e-05
236	4.25797e-05
237	4.26426e-05
238	4.27106e-05
239	4.27765e-05
240	4.28531e-05
241	4.2923e-05
242	4.29954e-05
243	4.30574e-05
244	4.3117e-05
245	4.31782e-05
246	4.32483e-05
247	4.33044e-05
248	4.33711e-05
249	4.34259e-05
250	4.34792e-05
251	4.35417e-05
252	4.3606e-05
253	4.36775e-05
254	4.37194e-05
255	4.37746e-05
256	4.38384e-05
257	4.38904e-05
258	4.39449e-05
259	4.39917e-05
260	4.4053e-05
261	4.41058e-05
262	4.4148e-05
263	4.41992e-05
264	4.4244e-05
265	4.42929e-05
266	4.43362e-05
267	4.43804e-05
268	4.44242e-05
269	4.44701e-05
270	4.45112e-05
271	4.45422e-05
272	4.45809e-05
273	4.46156e-05
274	4.46536e-05
275	4.46927e-05
276	4.47173e-05
277	4.47584e-05
278	4.47807e-05
279	4.48212e-05
280	4.48446e-05
281	4.4869e-05
282	4.4877e-05
283	4.48932e-05
284	4.49197e-05
285	4.49354e-05
286	4.49395e-05
287	4.49495e-05
288	4.49609e-05
289	4.49716e-05
290	4.49745e-05
291	4.49793e-05
292	4.49782e-05
293	4.49794e-05
294	4.49762e-05
295	4.49771e-05
296	4.49607e-05
297	4.49543e-05
298	4.49428e-05
299	4.49318e-05
300	4.49054e-05
301	4.48905e-05
302	4.48694e-05
303	4.48475e-05
304	4.48301e-05
305	4.48007e-05
306	4.47758e-05
307	4.47451e-05
308	4.47103e-05
309	4.46891e-05
310	4.46434e-05
311	4.46151e-05
312	4.45749e-05
313	4.45407e-05
314	4.44937e-05
315	4.44562e-05
316	4.44052e-05
317	4.43516e-05
318	4.43056e-05
319	4.42672e-05
320	4.42121e-05
321	4.41596e-05
322	4.41019e-05
323	4.40559e-05
324	4.40021e-05
325	4.39454e-05
326	4.38852e-05
327	4.38326e-05
328	4.37753e-05
329	4.37236e-05
330	4.36601e-05
331	4.35932e-05
332	4.35342e-05
333	4.34725e-05
334	4.34157e-05
335	4.33635e-05
336	4.32918e-05
337	4.32253e-05
338	4.31674e-05
339	4.30995e-05
340	4.30398e-05
341	4.29787e-05
342	4.29149e-05
343	4.28516e-05
344	4.27775e-05
345	4.27161e-05
346	4.26537e-05
347	4.25882e-05
348	4.25243e-05
349	4.24592e-05
350	4.23881e-05
351	4.23225e-05
352	4.22658e-05
353	4.22014e-05
354	4.21242e-05
355	4.20552e-05
356	4.19912e-05
357	4.19196e-05
358	4.18633e-05
359	4.17942e-05
360	4.17245e-05
361	4.16595e-05
362	4.15902e-05
363	4.15256e-05
364	4.14675e-05
365	4.14021e-05
366	4.13309e-05
367	4.12656e-05
368	4.11997e-05
369	4.11317e-05
370	4.10698e-05
371	4.10103e-05
372	4.09424e-05
373	4.08673e-05
374	4.08041e-05
375	4.07311e-05
376	4.067e-05
377	4.05957e-05
378	4.05464e-05
379	4.04751e-05
380	4.04044e-05
381	4.03394e-05
382	4.02703e-05
383	4.02083e-05
384	4.01482e-05
385	4.00796e-05
386	4.00131e-05
387	3.99412e-05
388	3.98837e-05
389	3.98143e-05
390	3.9743e-05
391	3.96797e-05
392	3.96137e-05
393	3.95558e-05
394	3.94888e-05
395	3.94212e-05
396	3.93507e-05
397	3.92859e-05
398	3.92172e-05
399	3.91572e-05
400	3.90916e-05
401	3.90274e-05
402	3.89634e-05
403	3.8892e-05
404	3.88303e-05
405	3.87636e-05
406	3.87022e-05
407	3.86407e-05
408	3.85755e-05
409	3.85132e-05
410	3.84471e-05
411	3.83834e-05
412	3.83195e-05
413	3.82569e-05
414	3.81962e-05
415	3.81284e-05
416	3.80739e-05
417	3.80113e-05
418	3.79494e-05
419	3.78815e-05
420	3.78185e-05
421	3.77602e-05
422	3.76981e-05
423	3.76375e-05
424	3.75799e-05
425	3.75146e-05
426	3.74528e-05
427	3.73928e-05
428	3.73353e-05
429	3.72704e-05
430	3.72117e-05
431	3.71574e-05
432	3.70944e-05
433	3.7034e-05
434	3.69773e-05
435	3.69193e-05
436	3.68634e-05
437	3.68062e-05
438	3.67499e-05
439	3.66916e-05
440	3.66346e-05
441	3.65846e-05
442	3.65337e-05
443	3.6477e-05
444	3.6416e-05
445	3.63654e-05
446	3.6314e-05
447	3.62631e-05
448	3.62128e-05
449	3.61626e-05
450	3.61084e-05
451	3.60549e-05
452	3.60027e-05
453	3.5957e-05
454	3.59074e-05
455	3.58569e-05
456	3.58101e-05
457	3.5759e-05
458	3.57108e-05
459	3.56632e-05
460	3.56131e-05
461	3.55726e-05
462	3.55251e-05
463	3.54819e-05
464	3.54377e-05
465	3.53879e-05
466	3.53441e-05
467	3.53003e-05
468	3.52582e-05
469	3.52135e-05
470	3.51721e-05
471	3.51306e-05
472	3.50814e-05
473	3.50434e-05
474	3.50009e-05
475	3.49645e-05
476	3.4925e-05
477	3.48867e-05
478	3.48468e-05
479	3.4803e-05
480	3.47652e-05
481	3.47285e-05
482	3.46864e-05
483	3.46534e-05
484	3.46152e-05
485	3.45789e-05
486	3.45392e-05
487	3.45029e-05
488	3.44692e-05
489	3.44311e-05
490	3.4394e-05
491	3.43612e-05
492	3.43258e-05
493	3.42934e-05
494	3.42612e-05
495	3.42245e-05
496	3.41955e-05
497	3.41572e-05
498	3.41259e-05
499	3.40937e-05
500	3.40666e-05
501	3.40381e-05
502	3.40014e-05
503	3.39724e-05
504	3.39403e-05
505	3.39116e-05
506	3.38805e-05
507	3.38508e-05
508	3.38235e-05
509	3.37918e-05
510	3.37641e-05
511	3.37321e-05
512	3.3709e-05
513	3.36852e-05
514	3.36601e-05
515	3.36309e-05
516	3.36081e-05
517	3.35797e-05
518	3.35484e-05
519	3.35273e-05
520	3.351e-05
521	3.34854e-05
522	3.34612e-05
523	3.34337e-05
524	3.34085e-05
525	3.33933e-05
526	3.33715e-05
527	3.33498e-05
528	3.33252e-05
529	3.33012e-05
530	3.32772e-05
531	3.3254e-05
532	3.32334e-05
533	3.32166e-05
534	3.31983e-05
535	3.31817e-05
536	3.31561e-05
537	3.31316e-05
538	3.3117e-05
539	3.30959e-05
540	3.30783e-05
541	3.30623e-05
542	3.30396e-05
543	3.30195e-05
544	3.30028e-05
545	3.29848e-05
546	3.29707e-05
547	3.29525e-05
548	3.29341e-05
549	3.29188e-05
550	3.29036e-05
551	3.28801e-05
552	3.28666e-05
553	3.28509e-05
554	3.28326e-05
555	3.28211e-05
556	3.28035e-05
557	3.27963e-05
558	3.2777e-05
559	3.27592e-05
560	3.27451e-05
561	3.27311e-05
562	3.27154e-05
563	3.27006e-05
564	3.26916e-05
565	3.26755e-05
566	3.26564e-05
567	3.26423e-05
568	3.26386e-05
569	3.26266e-05
570	3.2616e-05
571	3.26012e-05
572	3.25848e-05
573	3.25667e-05
574	3.25561e-05
575	3.2546e-05
576	3.254e-05
577	3.2528e-05
578	3.251e-05
579	3.2504e-05
580	3.24898e-05
581	3.24844e-05
582	3.24742e-05
583	3.24699e-05
584	3.2463e-05
585	3.24467e-05
586	3.24303e-05
587	3.24202e-05
588	3.24124e-05
589	3.24026e-05
590	3.23964e-05
591	3.2377e-05
592	3.23694e-05
593	3.2365e-05
594	3.23581e-05
595	3.23509e-05
596	3.23388e-05
597	3.23287e-05
598	3.23203e-05
599	3.23183e-05
600	3.23146e-05
601	3.23042e-05
602	3.22926e-05
603	3.22799e-05
604	3.22642e-05
605	3.22551e-05
606	3.22564e-05
607	3.22389e-05
608	3.22272e-05
609	3.22162e-05
610	3.22153e-05
611	3.21939e-05
612	3.21973e-05
613	3.21884e-05
614	3.21771e-05
615	3.21643e-05
616	3.21543e-05
617	3.21528e-05
618	3.21494e-05
619	3.21396e-05
620	3.21311e-05
621	3.21201e-05
622	3.21031e-05
623	3.20926e-05
624	3.20901e-05
625	3.20897e-05
626	3.20785e-05
627	3.20614e-05
628	3.20479e-05
629	3.204e-05
630	3.20347e-05
631	3.20291e-05
632	3.20203e-05
633	3.20057e-05
634	3.19979e-05
635	3.19858e-05
636	3.19783e-05
637	3.19757e-05
638	3.19675e-05
639	3.19505e-05
640	3.19342e-05
641	3.1924e-05
642	3.1915e-05
643	3.19066e-05
644	3.1896e-05
645	3.18845e-05
646	3.18692e-05
647	3.18575e-05
648	3.18436e-05
649	3.18316e-05
650	3.18209e-05
651	3.18061e-05
652	3.17933e-05
653	3.17793e-05
654	3.17691e-05
655	3.17535e-05
656	3.17349e-05
657	3.1725e-05
658	3.17137e-05
659	3.16971e-05
660	3.16873e-05
661	3.16725e-05
662	3.16569e-05
663	3.16367e-05
664	3.16202e-05
665	3.16103e-05
666	3.15934e-05
667	3.15783e-05
668	3.15612e-05
669	3.15487e-05
670	3.15318e-05
671	3.15112e-05
672	3.14968e-05
673	3.14779e-05
674	3.14627e-05
675	3.14419e-05
676	3.14265e-05
677	3.14099e-05
678	3.13916e-05
679	3.13699e-05
680	3.13492e-05
681	3.13305e-05
682	3.13075e-05
683	3.12886e-05
684	3.12664e-05
685	3.12462e-05
686	3.1219e-05
687	3.1197e-05
688	3.1183e-05
689	3.11614e-05
690	3.11363e-05
691	3.11056e-05
692	3.10748e-05
693	3.10489e-05
694	3.10344e-05
695	3.10092e-05
696	3.09834e-05
697	3.09543e-05
698	3.09181e-05
699	3.08869e-05
700	3.08629e-05
701	3.08405e-05
702	3.08154e-05
703	3.07829e-05
704	3.07463e-05
705	3.07065e-05
706	3.06748e-05
707	3.06474e-05
708	3.06231e-05
709	3.0591e-05
710	3.05532e-05
711	3.0512e-05
712	3.04792e-05
713	3.04498e-05
714	3.04191e-05
715	3.03816e-05
716	3.03423e-05
717	3.03016e-05
718	3.02687e-05
719	3.02382e-05
720	3.02007e-05
721	3.01544e-05
722	3.01142e-05
723	3.00741e-05
724	3.00345e-05
725	3.00043e-05
726	2.99642e-05
727	2.9912e-05
728	2.98644e-05
729	2.98152e-05
730	2.97773e-05
731	2.97434e-05
732	2.97051e-05
733	2.96586e-05
734	2.96e-05
735	2.95437e-05
736	2.94929e-05
737	2.94637e-05
738	2.94233e-05
739	2.93705e-05
740	2.93079e-05
741	2.92449e-05
742	2.91901e-05
743	2.91574e-05
744	2.91136e-05
745	2.90636e-05
746	2.89999e-05
747	2.89341e-05
748	2.88719e-05
749	2.88293e-05
750	2.87809e-05
751	2.87275e-05
752	2.86662e-05
753	2.86012e-05
754	2.85273e-05
755	2.84838e-05
756	2.84332e-05
757	2.83704e-05
758	2.83061e-05
759	2.82369e-05
760	2.81637e-05
761	2.81096e-05
762	2.806e-05
763	2.79938e-05
764	2.79234e-05
765	2.7853e-05
766	2.77789e-05
767	2.77163e-05
768	2.76636e-05
769	2.76014e-05
770	2.75346e-05
771	2.74558e-05
772	2.73809e-05
773	2.73132e-05
774	2.72557e-05
775	2.71903e-05
776	2.71264e-05
777	2.70518e-05
778	2.69737e-05
779	2.68926e-05
780	2.68314e-05
781	2.67666e-05
782	2.67022e-05
783	2.66283e-05
784	2.65459e-05
785	2.6461e-05
786	2.63893e-05
787	2.63252e-05
788	2.62601e-05
789	2.61847e-05
790	2.61061e-05
791	2.60236e-05
792	2.59475e-05
793	2.5872e-05
794	2.58058e-05
795	2.57325e-05
796	2.5653e-05
797	2.55686e-05
798	2.54862e-05
799	2.54083e-05
800	2.53378e-05
801	2.52663e-05
802	2.51831e-05
803	2.50964e-05
804	2.50168e-05
805	2.49373e-05
806	2.48574e-05
807	2.47821e-05
808	2.47012e-05
809	2.46178e-05
810	2.45359e-05
811	2.44554e-05
812	2.43701e-05
813	2.4288e-05
814	2.42127e-05
815	2.41312e-05
816	2.4046e-05
817	2.39654e-05
818	2.38811e-05
819	2.37989e-05
820	2.37163e-05
821	2.3632e-05
822	2.35443e-05
823	2.34646e-05
824	2.3385e-05
825	2.33027e-05
826	2.32136e-05
827	2.3127e-05
828	2.3041e-05
829	2.2963e-05
830	2.28818e-05
831	2.27954e-05
832	2.27027e-05
833	2.26146e-05
834	2.25302e-05
835	2.24509e-05
836	2.23724e-05
837	2.22815e-05
838	2.21907e-05
839	2.21069e-05
840	2.20204e-05
841	2.19386e-05
842	2.18546e-05
843	2.17687e-05
844	2.16822e-05
845	2.15898e-05
846	2.15045e-05
847	2.14208e-05
848	2.1339e-05
849	2.1255e-05
850	2.1165e-05
851	2.10711e-05
852	2.09836e-05
853	2.08993e-05
854	2.08173e-05
855	2.07329e-05
856	2.06483e-05
857	2.0555e-05
858	2.04614e-05
859	2.03746e-05
860	2.02939e-05
861	2.02142e-05
862	2.01249e-05
863	2.00312e-05
864	1.99423e-05
865	1.98562e-05
866	1.97763e-05
867	1.96934e-05
868	1.96007e-05
869	1.95095e-05
870	1.94237e-05
871	1.93409e-05
872	1.92538e-05
873	1.91687e-05
874	1.90792e-05
875	1.89881e-05
876	1.8904e-05
877	1.88206e-05
878	1.87339e-05
879	1.86454e-05
880	1.85604e-05
881	1.84739e-05
882	1.83852e-05
883	1.82997e-05
884	1.82114e-05
885	1.81217e-05
886	1.80362e-05
887	1.79538e-05
888	1.78652e-05
889	1.77797e-05
890	1.76914e-05
891	1.76039e-05
892	1.75195e-05
893	1.74366e-05
894	1.73524e-05
895	1.72664e-05
896	1.71776e-05
897	1.70928e-05
898	1.70102e-05
899	1.69246e-05
900	1.68406e-05
901	1.67539e-05
902	1.66668e-05
903	1.65862e-05
904	1.6504e-05
905	1.64186e-05
906	1.63304e-05
907	1.62476e-05
908	1.61677e-05
909	1.60865e-05
910	1.60013e-05
911	1.59182e-05
912	1.58337e-05
913	1.57549e-05
914	1.56774e-05
915	1.55976e-05
916	1.55125e-05
917	1.54334e-05
918	1.53517e-05
919	1.52729e-05
920	1.51935e-05
921	1.51178e-05
922	1.50391e-05
923	1.49566e-05
924	1.48789e-05
925	1.48058e-05
926	1.47305e-05
927	1.46552e-05
928	1.45795e-05
929	1.45e-05
930	1.44258e-05
931	1.43563e-05
932	1.42832e-05
933	1.42122e-05
934	1.4139e-05
935	1.40643e-05
936	1.39977e-05
937	1.39282e-05
938	1.38589e-05
939	1.379e-05
940	1.37208e-05
941	1.36538e-05
942	1.35849e-05
943	1.35184e-05
944	1.34522e-05
945	1.3387e-05
946	1.33275e-05
947	1.32634e-05
948	1.31971e-05
949	1.31311e-05
950	1.30692e-05
951	1.30134e-05
952	1.29544e-05
953	1.28953e-05
954	1.28316e-05
955	1.2768e-05
956	1.27113e-05
957	1.26561e-05
958	1.2601e-05
959	1.25459e-05
960	1.24874e-05
961	1.2432e-05
962	1.23749e-05
963	1.23223e-05
964	1.22721e-05
965	1.22203e-05
966	1.2166e-05
967	1.21129e-05
968	1.20625e-05
969	1.20117e-05
970	1.19637e-05
971	1.19183e-05
972	1.18646e-05
973	1.18158e-05
974	1.17704e-05
975	1.17244e-05
976	1.16815e-05
977	1.16337e-05
978	1.15859e-05
979	1.15404e-05
980	1.14984e-05
981	1.14571e-05
982	1.14133e-05
983	1.13703e-05
984	1.13246e-05
985	1.12812e-05
986	1.12436e-05
987	1.1204e-05
988	1.1163e-05
989	1.11229e-05
990	1.10796e-05
991	1.10392e-05
992	1.10016e-05
993	1.09668e-05
994	1.093e-05
995	1.08914e-05
996	1.0849e-05
997	1.08067e-05
998	1.07712e-05
999	1.07341e-05
1000	1.07008e-05
1001	1.06646e-05
1002	1.06251e-05
1003	1.05845e-05
1004	1.05507e-05
1005	1.05174e-05
1006	1.0485e-05
1007	1.0451e-05
1008	1.04139e-05
1009	1.03725e-05
1010	1.03363e-05
1011	1.03034e-05
1012	1.0272e-05
1013	1.02404e-05
1014	1.02038e-05
1015	1.01639e-05
1016	1.01251e-05
1017	1.00929e-05
1018	1.00615e-05
1019	1.00314e-05
1020	9.99849e-06
1021	9.96058e-06
1022	9.92014e-06
1023	9.88109e-06
1024	9.84941e-06
1025	9.82158e-06
1026	9.79036e-06
1027	9.75562e-06
1028	9.71675e-06
1029	9.67814e-06
1030	9.64383e-06
1031	9.61504e-06
1032	9.5877e-06
1033	9.55807e-06
1034	9.52477e-06
1035	9.4877e-06
1036	9.45214e-06
1037	9.42192e-06
1038	9.39647e-06
1039	9.36977e-06
1040	9.34053e-06
1041	9.30935e-06
1042	9.27573e-06
1043	9.24224e-06
1044	9.21455e-06
1045	9.18766e-06
1046	9.16055e-06
1047	9.13232e-06
1048	9.10011e-06
1049	9.06559e-06
1050	9.03522e-06
1051	9.00789e-06
1052	8.98133e-06
1053	8.95202e-06
1054	8.92322e-06
1055	8.89189e-06
1056	8.85886e-06
1057	8.82558e-06
1058	8.79711e-06
1059	8.76922e-06
1060	8.73919e-06
1061	8.70709e-06
1062	8.67461e-06
1063	8.64322e-06
1064	8.60974e-06
1065	8.57789e-06
1066	8.54779e-06
1067	8.51841e-06
1068	8.48838e-06
1069	8.45618e-06
1070	8.42489e-06
1071	8.39309e-06
1072	8.36332e-06
1073	8.3312e-06
1074	8.30115e-06
1075	8.27332e-06
1076	8.24318e-06
1077	8.21194e-06
1078	8.18274e-06
1079	8.15432e-06
1080	8.12626e-06
1081	8.09484e-06
1082	8.06659e-06
1083	8.03964e-06
1084	8.0131e-06
1085	7.98483e-06
1086	7.95559e-06
1087	7.92791e-06
1088	7.90043e-06
1089	7.8738e-06
1090	7.84691e-06
1091	7.82039e-06
1092	7.79356e-06
1093	7.76839e-06
1094	7.74105e-06
1095	7.71468e-06
1096	7.69012e-06
1097	7.6635e-06
1098	7.63856e-06
1099	7.61453e-06
1100	7.59e-06
1101	7.56633e-06
1102	7.54003e-06
1103	7.51555e-06
1104	7.49211e-06
1105	7.46919e-06
1106	7.44624e-06
1107	7.42107e-06
1108	7.39721e-06
1109	7.37625e-06
1110	7.35489e-06
1111	7.33106e-06
1112	7.30778e-06
1113	7.28467e-06
1114	7.26067e-06
1115	7.23759e-06
1116	7.2159e-06
1117	7.19192e-06
1118	7.1688e-06
1119	7.1475e-06
1120	7.12904e-06
1121	7.10696e-06
1122	7.08453e-06
1123	7.06018e-06
1124	7.03826e-06
1125	7.01347e-06
1126	6.99029e-06
1127	6.96833e-06
1128	6.94302e-06
1129	6.91624e-06
1130	6.89224e-06
1131	6.8655e-06
1132	6.8409e-06
1133	6.81703e-06
1134	6.79246e-06
1135	6.76723e-06
1136	6.74138e-06
1137	6.71644e-06
1138	6.68875e-06
1139	6.66079e-06
1140	6.63282e-06
1141	6.60513e-06
1142	6.57844e-06
1143	6.55059e-06
1144	6.52411e-06
1145	6.49439e-06
1146	6.46659e-06
1147	6.43626e-06
1148	6.40435e-06
1149	6.37385e-06
1150	6.34728e-06
1151	6.31902e-06
1152	6.28901e-06
1153	6.2583e-06
1154	6.22763e-06
1155	6.19754e-06
1156	6.16725e-06
1157	6.13834e-06
1158	6.10776e-06
1159	6.0755e-06
1160	6.04276e-06
1161	6.01043e-06
1162	5.9789e-06
1163	5.94729e-06
1164	5.9175e-06
1165	5.88601e-06
1166	5.85269e-06
1167	5.82076e-06
1168	5.78756e-06
1169	5.7545e-06
1170	5.72311e-06
1171	5.69061e-06
1172	5.65847e-06
1173	5.62539e-06
1174	5.59202e-06
1175	5.55738e-06
1176	5.52739e-06
1177	5.49651e-06
1178	5.46297e-06
1179	5.43107e-06
1180	5.39978e-06
1181	5.36816e-06
1182	5.33487e-06
1183	5.30179e-06
1184	5.26859e-06
1185	5.23603e-06
1186	5.20418e-06
1187	5.17176e-06
1188	5.13952e-06
1189	5.10749e-06
1190	5.07583e-06
1191	5.04446e-06
1192	5.01292e-06
1193	4.98148e-06
1194	4.94976e-06
1195	4.91849e-06
1196	4.88418e-06
1197	4.8525e-06
1198	4.82229e-06
1199	4.79084e-06
1200	4.76205e-06
1201	4.73146e-06
1202	4.70166e-06
1203	4.66851e-06
1204	4.63673e-06
1205	4.60707e-06
1206	4.57657e-06
1207	4.54698e-06
1208	4.51542e-06
1209	4.4849e-06
1210	4.45335e-06
1211	4.42127e-06
1212	4.39283e-06
1213	4.36216e-06
1214	4.333e-06
1215	4.30259e-06
1216	4.274e-06
1217	4.24448e-06
1218	4.21682e-06
1219	4.18664e-06
1220	4.15894e-06
1221	4.12914e-06
1222	4.10219e-06
1223	4.07437e-06
1224	4.04535e-06
1225	4.01684e-06
1226	3.98868e-06
1227	3.96284e-06
1228	3.93665e-06
1229	3.91029e-06
1230	3.88368e-06
1231	3.85794e-06
1232	3.83005e-06
1233	3.80393e-06
1234	3.77793e-06
1235	3.75241e-06
1236	3.7248e-06
1237	3.69946e-06
1238	3.67227e-06
1239	3.64708e-06
1240	3.62203e-06
1241	3.59762e-06
1242	3.57385e-06
1243	3.54945e-06
1244	3.52476e-06
1245	3.50098e-06
1246	3.47712e-06
1247	3.4532e-06
1248	3.42797e-06
1249	3.40474e-06
1250	3.38202e-06
1251	3.35904e-06
1252	3.33622e-06
1253	3.31374e-06
1254	3.29026e-06
1255	3.2682e-06
1256	3.24595e-06
1257	3.22365e-06
1258	3.20206e-06
1259	3.181e-06
1260	3.16038e-06
1261	3.14052e-06
1262	3.11983e-06
1263	3.09936e-06
1264	3.07924e-06
1265	3.06015e-06
1266	3.04055e-06
1267	3.02138e-06
1268	3.00247e-06
1269	2.98446e-06
1270	2.96685e-06
1271	2.9499e-06
1272	2.93216e-06
1273	2.91488e-06
1274	2.89827e-06
1275	2.88208e-06
1276	2.86539e-06
