1	1
2	0.489398
3	0.175124
4	0.1104
5	0.0686918
6	0.0515805
7	0.0412335
8	0.0342186
9	0.0296796
10	0.026289
11	0.0253819
12	0.0228202
13	0.0209875
14	0.0202269
15	0.0194808
16	0.0189717
17	0.0185302
18	0.0181161
19	0.0176959
20	0.0171162
21	0.0165396
22	0.0159717
23	0.0153986
24	0.014841
25	0.0143159
26	0.013793
27	0.0133396
28	0.0129232
29	0.0125083
30	0.0121617
31	0.0118445
32	0.01157
33	0.0113279
34	0.0111153
35	0.0108903
36	0.010689
37	0.0104706
38	0.0102799
39	0.0100899
40	0.00990465
41	0.00974987
42	0.00955789
43	0.00939784
44	0.0092192
45	0.00905299
46	0.0088936
47	0.00872854
48	0.0085755
49	0.00842463
50	0.00828861
51	0.00815229
52	0.00801956
53	0.00786923
54	0.00772761
55	0.00759184
56	0.00746416
57	0.00734521
58	0.00722961
59	0.00712242
60	0.00701993
61	0.00691977
62	0.006825
63	0.00673445
64	0.00664855
65	0.00656939
66	0.00648602
67	0.00640884
68	0.00633563
69	0.00626069
70	0.00619556
71	0.00613083
72	0.00606538
73	0.00600276
74	0.00594405
75	0.00588147
76	0.0058224
77	0.00576721
78	0.00571433
79	0.00566261
80	0.00560881
81	0.00556062
82	0.00551386
83	0.00546753
84	0.00542171
85	0.00537754
86	0.00533125
87	0.00528559
88	0.00524177
89	0.00519711
90	0.00515305
91	0.00510687
92	0.00505989
93	0.005016
94	0.00497564
95	0.00493228
96	0.00488725
97	0.00484766
98	0.00480765
99	0.00477107
100	0.00473002
101	0.00468921
102	0.00465204
103	0.00461265
104	0.00457163
105	0.00453309
106	0.00449697
107	0.00445926
108	0.00442082
109	0.0043835
110	0.00434442
111	0.00431076
112	0.00427816
113	0.00424515
114	0.00421069
115	0.00417652
116	0.00414675
117	0.00411825
118	0.00408973
119	0.00405714
120	0.00402707
121	0.00399649
122	0.00396748
123	0.00394099
124	0.00391303
125	0.00388461
126	0.00385579
127	0.00383089
128	0.00380745
129	0.00378397
130	0.00376072
131	0.00373768
132	0.00371588
133	0.00369377
134	0.00367193
135	0.00364975
136	0.0036294
137	0.0036082
138	0.00358575
139	0.00356504
140	0.00354658
141	0.00352892
142	0.00351266
143	0.0034956
144	0.00348089
145	0.00346437
146	0.00344928
147	0.00343524
148	0.00342106
149	0.00340574
150	0.00339098
151	0.00337567
152	0.00335923
153	0.00334367
154	0.0033298
155	0.00331744
156	0.00330439
157	0.00329323
158	0.00328398
159	0.00327375
160	0.00326495
161	0.00325544
162	0.00324769
163	0.00324069
164	0.00323123
165	0.00322204
166	0.0032137
167	0.00320521
168	0.00319706
169	0.00318749
170	0.00318061
171	0.00317347
172	0.00316619
173	0.00315849
174	0.00315194
175	0.00314658
176	0.00314152
177	0.00313545
178	0.00313013
179	0.00312523
180	0.0031199
181	0.00311593
182	0.00311183
183	0.00310682
184	0.00310293
185	0.00309727
186	0.00309395
187	0.00308896
188	0.00308576
189	0.00308384
190	0.00308102
191	0.00307768
192	0.00307396
193	0.00307076
194	0.00306382
195	0.00306295
196	0.00306103
197	0.00305956
198	0.00305654
199	0.00305441
200	0.0030529
201	0.00305132
202	0.0030494
203	0.00304917
204	0.00304666
205	0.00304528
206	0.00304278
207	0.0030412
208	0.0030401
209	0.00303869
210	0.00303836
211	0.00303703
212	0.00303677
213	0.00303489
214	0.00303364
215	0.00303395
216	0.00303386
217	0.00303401
218	0.00303302
219	0.00303335
220	0.00303285
221	0.00303243
222	0.00303179
223	0.00303247
224	0.00303294
225	0.00303317
226	0.00303402
227	0.00303345
228	0.00303403
229	0.00303437
230	0.00303602
231	0.00303777
232	0.00303875
233	0.00303896
234	0.00303939
235	0.00304006
236	0.00304093
237	0.00304138
238	0.00304288
239	0.00304407
240	0.00304507
241	0.00304514
242	0.00304658
243	0.00304665
244	0.00304933
245	0.00305052
246	0.00305255
247	0.00305375
248	0.0030537
249	0.00305505
250	0.00305581
251	0.00305821
252	0.00305965
253	0.00306055
254	0.00306183
255	0.00306368
256	0.0030654
257	0.00306625
258	0.00306808
259	0.00306857
260	0.00307093
261	0.0030727
262	0.00307356
263	0.0030747
264	0.00307563
265	0.00307821
266	0.00307923
267	0.00308112
268	0.00308303
269	0.00308491
270	0.00308597
271	0.00308705
272	0.0030895
273	0.00309152
274	0.00309288
275	0.00309501
276	0.00309702
277	0.00309793
278	0.00309896
279	0.00310133
280	0.00310327
281	0.00310497
282	0.00310679
283	0.00310805
284	0.00310952
285	0.00311064
286	0.00311169
287	0.00311379
288	0.00311553
289	0.00311797
290	0.00311796
291	0.00311935
292	0.00312102
293	0.00312209
294	0.00312361
295	0.00312531
296	0.00312706
297	0.00312691
298	0.00312902
299	0.00313017
300	0.00313057
301	0.00313208
302	0.00313397
303	0.00313525
304	0.00313543
305	0.00313709
306	0.00313836
307	0.00313912
308	0.00313976
309	0.003142
310	0.00314286
311	0.00314339
312	0.00314488
313	0.00314632
314	0.00314676
315	0.00314778
316	0.00314976
317	0.00315001
318	0.00315162
319	0.00315218
320	0.00315288
321	0.00315317
322	0.00315472
323	0.00315708
324	0.003157
325	0.00315765
326	0.00315776
327	0.00315911
328	0.00316032
329	0.00316226
330	0.00316306
331	0.00316317
332	0.0031643
333	0.00316617
334	0.00316658
335	0.00316797
336	0.00316917
337	0.00317137
338	0.00317323
339	0.0031744
340	0.00317644
341	0.00317606
342	0.0031764
343	0.00317822
344	0.00318037
345	0.00318176
346	0.00318317
347	0.00318512
348	0.00318605
349	0.00318602
350	0.00318898
351	0.00319102
352	0.00319402
353	0.00319572
354	0.00319606
355	0.00319758
356	0.00319894
357	0.00320179
358	0.00320354
359	0.00320574
360	0.0032084
361	0.0032095
362	0.00321106
363	0.0032126
364	0.00321619
365	0.00321788
366	0.00322089
367	0.00322346
368	0.00322494
369	0.00322551
370	0.00322772
371	0.00323059
372	0.00323292
373	0.00323562
374	0.00323843
375	0.00324023
376	0.00324143
377	0.00324337
378	0.00324699
379	0.00324896
380	0.00325212
381	0.00325448
382	0.00325655
383	0.00325873
384	0.00326054
385	0.00326282
386	0.00326568
387	0.00326919
388	0.00327168
389	0.00327359
390	0.00327475
391	0.00327839
392	0.00328054
393	0.00328483
394	0.00328782
395	0.00328952
396	0.00329106
397	0.0032934
398	0.00329638
399	0.00329844
400	0.00330194
401	0.00330465
402	0.00330752
403	0.0033084
404	0.00331096
405	0.00331494
406	0.00331695
407	0.00332037
408	0.00332308
409	0.00332607
410	0.00332747
411	0.00332957
412	0.00333379
413	0.00333581
414	0.00333892
415	0.00334166
416	0.00334481
417	0.00334602
418	0.00334843
419	0.00335176
420	0.00335424
421	0.00335785
422	0.00336063
423	0.00336272
424	0.00336444
425	0.00336784
426	0.00337082
427	0.00337417
428	0.00337656
429	0.0033786
430	0.00338185
431	0.00338228
432	0.00338458
433	0.00338769
434	0.00339088
435	0.00339351
436	0.00339638
437	0.00339831
438	0.00339961
439	0.00340191
440	0.00340494
441	0.00340813
442	0.00341148
443	0.00341263
444	0.00341385
445	0.00341592
446	0.00341798
447	0.00342184
448	0.00342576
449	0.00342727
450	0.00342906
451	0.00342973
452	0.00343119
453	0.00343327
454	0.0034372
455	0.00343982
456	0.0034417
457	0.00344387
458	0.00344483
459	0.00344632
460	0.00344927
461	0.003452
462	0.00345431
463	0.00345591
464	0.00345797
465	0.00345792
466	0.00345956
467	0.00346171
468	0.00346405
469	0.00346667
470	0.00346899
471	0.00346946
472	0.00346938
473	0.00347089
474	0.00347277
475	0.00347522
476	0.00347664
477	0.00347744
478	0.00347835
479	0.00347889
480	0.00347951
481	0.00348204
482	0.0034836
483	0.00348392
484	0.0034849
485	0.00348578
486	0.0034857
487	0.0034863
488	0.00348776
489	0.0034893
490	0.00348832
491	0.00348978
492	0.00348993
493	0.00348907
494	0.0034893
495	0.00348979
496	0.00349068
497	0.00348938
498	0.00348999
499	0.00349047
500	0.00348916
501	0.00348822
502	0.00348775
503	0.00348809
504	0.0034876
505	0.00348804
506	0.00348595
507	0.00348493
508	0.0034838
509	0.00348303
510	0.00348243
511	0.00348131
512	0.00348178
513	0.00347915
514	0.00347833
515	0.00347546
516	0.00347604
517	0.00347422
518	0.00347268
519	0.00347126
520	0.00346881
521	0.00346719
522	0.00346412
523	0.00346234
524	0.00346149
525	0.00346098
526	0.00345744
527	0.00345402
528	0.00345232
529	0.00344877
530	0.00344663
531	0.00344545
532	0.00344402
533	0.00344001
534	0.0034368
535	0.00343352
536	0.00343054
537	0.00342678
538	0.00342513
539	0.0034226
540	0.00341824
541	0.00341478
542	0.00340979
543	0.00340618
544	0.00340296
545	0.00340205
546	0.0033974
547	0.0033929
548	0.00338817
549	0.00338331
550	0.00337965
551	0.00337595
552	0.00337403
553	0.00336883
554	0.00336454
555	0.00335798
556	0.00335404
557	0.00334939
558	0.00334635
559	0.00334278
560	0.00333777
561	0.00333193
562	0.00332568
563	0.00332056
564	0.00331586
565	0.00331372
566	0.00330827
567	0.003303
568	0.0032965
569	0.00329118
570	0.00328633
571	0.00328146
572	0.00327743
573	0.00327179
574	0.00326597
575	0.00325876
576	0.00325442
577	0.00324918
578	0.00324399
579	0.00323945
580	0.00323283
581	0.0032271
582	0.00321941
583	0.0032147
584	0.00320989
585	0.00320469
586	0.00319854
587	0.00319233
588	0.00318499
589	0.00317749
590	0.00317419
591	0.0031671
592	0.00316273
593	0.00315659
594	0.00314983
595	0.00314102
596	0.00313594
597	0.00313021
598	0.00312416
599	0.0031193
600	0.00311189
601	0.00310441
602	0.00309748
603	0.00309298
604	0.003086
605	0.00308043
606	0.00307349
607	0.00306596
608	0.0030593
609	0.00305223
610	0.00304794
611	0.00304007
612	0.0030344
613	0.00302706
614	0.00302058
615	0.00301258
616	0.0030067
617	0.00300096
618	0.00299448
619	0.00298723
620	0.00298085
621	0.00297464
622	0.00296754
623	0.00296053
624	0.00295424
625	0.00294732
626	0.00294015
627	0.00293308
628	0.00292667
629	0.00292015
630	0.00291487
631	0.00290711
632	0.00289995
633	0.00289248
634	0.00288765
635	0.00287967
636	0.00287402
637	0.00286675
638	0.00286008
639	0.00285313
640	0.00284512
641	0.00284008
642	0.00283208
643	0.00282524
644	0.00281892
645	0.00281079
646	0.0028049
647	0.00279951
648	0.00279231
649	0.00278535
650	0.00277729
651	0.00277112
652	0.00276387
653	0.00275764
654	0.00275168
655	0.00274357
656	0.00273569
657	0.00272892
658	0.00272152
659	0.00271633
660	0.00270966
661	0.00270478
662	0.00269562
663	0.00268595
664	0.0026805
665	0.00267496
666	0.00266865
667	0.00266214
668	0.00265492
669	0.00264618
670	0.00263852
671	0.00263331
672	0.00262799
673	0.00262098
674	0.00261474
675	0.00260591
676	0.00259718
677	0.00259118
678	0.00258561
679	0.00258053
680	0.00257367
681	0.00256525
682	0.00255604
683	0.0025493
684	0.0025447
685	0.00253994
686	0.00253286
687	0.00252471
688	0.00251718
689	0.00250927
690	0.00250438
691	0.00249865
692	0.00249351
693	0.00248608
694	0.00247722
695	0.00247048
696	0.00246429
697	0.00245926
698	0.00245357
699	0.00244605
700	0.00243899
701	0.00243207
702	0.0024252
703	0.00241948
704	0.00241364
705	0.00240772
706	0.00240074
707	0.00239308
708	0.00238753
709	0.00238184
710	0.00237605
711	0.00236972
712	0.00236332
713	0.0023561
714	0.00235008
715	0.00234466
716	0.00233867
717	0.0023335
718	0.00232742
719	0.00232082
720	0.00231577
721	0.00231008
722	0.00230504
723	0.00229945
724	0.00229291
725	0.00228684
726	0.00228211
727	0.00227714
728	0.00227177
729	0.0022653
730	0.00225952
731	0.00225386
732	0.00225012
733	0.00224592
734	0.0022388
735	0.00223223
736	0.00222676
737	0.00222231
738	0.00221852
739	0.00221473
740	0.00220877
741	0.00220164
742	0.00219619
743	0.00219173
744	0.00218856
745	0.00218572
746	0.00218032
747	0.0021731
748	0.00216721
749	0.00216266
750	0.00215932
751	0.00215679
752	0.00215241
753	0.00214638
754	0.00213955
755	0.00213454
756	0.00213171
757	0.0021298
758	0.00212602
759	0.00211992
760	0.00211284
761	0.00210797
762	0.00210508
763	0.00210351
764	0.00209968
765	0.00209435
766	0.0020873
767	0.00208226
768	0.00207987
769	0.00207866
770	0.00207538
771	0.00206943
772	0.00206376
773	0.00205884
774	0.00205644
775	0.0020548
776	0.00205193
777	0.00204666
778	0.00204147
779	0.00203627
780	0.00203381
781	0.00203218
782	0.00202954
783	0.0020251
784	0.00202001
785	0.00201467
786	0.00201181
787	0.00201054
788	0.00200818
789	0.00200423
790	0.002
791	0.00199508
792	0.00199175
793	0.00199043
794	0.00198815
795	0.00198465
796	0.00198075
797	0.00197592
798	0.00197272
799	0.00197216
800	0.00196976
801	0.00196618
802	0.00196253
803	0.00195822
804	0.00195594
805	0.00195464
806	0.00195194
807	0.00194829
808	0.0019448
809	0.00194159
810	0.00193916
811	0.00193779
812	0.00193517
813	0.00193165
814	0.00192881
815	0.00192563
816	0.00192352
817	0.00192198
818	0.00191918
819	0.00191662
820	0.00191407
821	0.00191002
822	0.00190822
823	0.00190691
824	0.00190448
825	0.00190246
826	0.00189988
827	0.00189561
828	0.00189426
829	0.00189319
830	0.00189127
831	0.00188914
832	0.00188653
833	0.0018822
834	0.00188046
835	0.00187969
836	0.00187813
837	0.00187585
838	0.00187328
839	0.00186995
840	0.00186795
841	0.00186713
842	0.00186481
843	0.00186323
844	0.00186096
845	0.00185753
846	0.00185534
847	0.00185418
848	0.00185231
849	0.00185102
850	0.00184908
851	0.00184575
852	0.00184402
853	0.00184216
854	0.00184041
855	0.00183908
856	0.00183766
857	0.00183496
858	0.0018326
859	0.00183013
860	0.00182831
861	0.00182726
862	0.00182609
863	0.00182387
864	0.00182158
865	0.00181875
866	0.00181685
867	0.0018161
868	0.00181534
869	0.00181284
870	0.00181036
871	0.00180729
872	0.00180584
873	0.00180533
874	0.00180388
875	0.00180151
876	0.00179874
877	0.00179561
878	0.00179437
879	0.00179384
880	0.00179233
881	0.00179028
882	0.00178699
883	0.00178403
884	0.00178297
885	0.00178228
886	0.00178058
887	0.0017784
888	0.00177513
889	0.00177272
890	0.00177171
891	0.00177094
892	0.00176905
893	0.00176641
894	0.00176339
895	0.00176205
896	0.00176093
897	0.00175946
898	0.00175729
899	0.00175536
900	0.00175269
901	0.00175228
902	0.00175043
903	0.00174875
904	0.00174674
905	0.00174471
906	0.00174245
907	0.00174186
908	0.00173973
909	0.00173682
910	0.00173533
911	0.00173291
912	0.00173159
913	0.00173038
914	0.00172771
915	0.00172431
916	0.00172239
917	0.0017198
918	0.00171881
919	0.00171681
920	0.00171322
921	0.00170928
922	0.00170663
923	0.00170437
924	0.00170288
925	0.00170076
926	0.00169594
927	0.00169127
928	0.00168809
929	0.00168575
930	0.00168386
931	0.00168092
932	0.00167526
933	0.00167012
934	0.0016667
935	0.00166483
936	0.001662
937	0.00165801
938	0.00165151
939	0.00164596
940	0.00164247
941	0.00164002
942	0.00163646
943	0.00163138
944	0.00162428
945	0.0016178
946	0.00161474
947	0.00161153
948	0.0016071
949	0.00160091
950	0.00159308
951	0.00158648
952	0.00158338
953	0.00157943
954	0.00157455
955	0.00156725
956	0.00155903
957	0.00155235
958	0.00154823
959	0.00154406
960	0.00153841
961	0.00153059
962	0.001522
963	0.00151562
964	0.00151076
965	0.00150593
966	0.0014993
967	0.00149093
968	0.0014822
969	0.00147579
970	0.00146983
971	0.00146441
972	0.00145726
973	0.0014483
974	0.0014393
975	0.00143312
976	0.00142738
977	0.00142058
978	0.00141328
979	0.00140405
980	0.0013948
981	0.00138869
982	0.0013825
983	0.00137511
984	0.0013672
985	0.00135827
986	0.00134897
987	0.00134239
988	0.00133582
989	0.00132841
990	0.00131935
991	0.00131032
992	0.00130116
993	0.00129424
994	0.00128779
995	0.00127998
996	0.00127119
997	0.00126217
998	0.00125308
999	0.00124549
1000	0.00123907
1001	0.0012311
1002	0.00122286
1003	0.00121399
1004	0.00120533
1005	0.00119678
1006	0.00119019
1007	0.00118245
1008	0.00117494
1009	0.00116634
1010	0.0011573
1011	0.00114849
1012	0.0011411
1013	0.00113395
1014	0.00112666
1015	0.00111913
1016	0.00111044
1017	0.00110122
1018	0.00109341
1019	0.00108716
1020	0.00108026
1021	0.00107295
1022	0.00106497
1023	0.00105644
1024	0.00104753
1025	0.00104141
1026	0.0010355
1027	0.00102886
1028	0.00102143
1029	0.00101385
1030	0.00100603
1031	0.000998541
1032	0.00099306
1033	0.000987192
1034	0.000980205
1035	0.000973487
1036	0.000967108
1037	0.000960086
1038	0.00095372
1039	0.000948581
1040	0.000943369
1041	0.000937058
1042	0.000931087
1043	0.000925282
1044	0.000919699
1045	0.000913251
1046	0.000908767
1047	0.000904268
1048	0.000900057
1049	0.000894948
1050	0.000889443
1051	0.000883324
1052	0.000878927
1053	0.000874852
1054	0.000871443
1055	0.000867083
1056	0.000863256
1057	0.000858354
1058	0.000853271
1059	0.000848579
1060	0.000845689
1061	0.000842391
1062	0.000838457
1063	0.000835061
1064	0.000831916
1065	0.000827549
1066	0.000823033
1067	0.000819792
1068	0.000816764
1069	0.000814447
1070	0.000812198
1071	0.000808639
1072	0.000805212
1073	0.000802172
1074	0.000798655
1075	0.000795825
1076	0.000793729
1077	0.000791384
1078	0.000788849
1079	0.00078734
1080	0.000784509
1081	0.00078167
1082	0.00077873
1083	0.000776238
1084	0.0007751
1085	0.000772871
1086	0.00077055
1087	0.000769065
1088	0.00076698
1089	0.000764545
1090	0.000762774
1091	0.000760807
1092	0.000760057
1093	0.000757975
1094	0.000756371
1095	0.000754636
1096	0.000752902
1097	0.000750139
1098	0.000749769
1099	0.000747819
1100	0.000746369
1101	0.000745186
1102	0.000744159
1103	0.000742439
1104	0.000740534
1105	0.000739337
1106	0.000738522
1107	0.000737122
1108	0.00073448
1109	0.000734396
1110	0.000733174
1111	0.00073206
1112	0.000730202
1113	0.000728968
1114	0.000727245
1115	0.000725973
1116	0.00072435
1117	0.000723419
1118	0.000722121
1119	0.000720597
1120	0.000719156
1121	0.000717186
1122	0.000715681
1123	0.000714315
1124	0.000712566
1125	0.000711173
1126	0.000709296
1127	0.000707451
1128	0.000706192
1129	0.000704251
1130	0.000702399
1131	0.00070041
1132	0.000698533
1133	0.000696932
1134	0.000695172
1135	0.000693234
1136	0.000691421
1137	0.000689762
1138	0.000687718
1139	0.000685757
1140	0.00068367
1141	0.000681252
1142	0.000679375
1143	0.00067768
1144	0.000675444
1145	0.000673436
1146	0.000670967
1147	0.000668236
1148	0.000666009
1149	0.000663638
1150	0.000661637
1151	0.000659545
1152	0.000656975
1153	0.000654137
1154	0.000651677
1155	0.000649111
1156	0.00064629
1157	0.000643515
1158	0.000640952
1159	0.000637441
1160	0.000634785
1161	0.000631974
1162	0.000629144
1163	0.000626078
1164	0.000623143
1165	0.000620136
1166	0.000617162
1167	0.000614107
1168	0.000610952
1169	0.000607971
1170	0.000604481
1171	0.000601114
1172	0.000598397
1173	0.000595005
1174	0.000591714
1175	0.000588376
1176	0.000584914
1177	0.000581373
1178	0.000578233
1179	0.00057522
1180	0.000572324
1181	0.000568494
1182	0.000565317
1183	0.000561733
1184	0.000558368
1185	0.000555432
1186	0.000551807
1187	0.00054818
1188	0.000544775
1189	0.000541288
1190	0.000538133
1191	0.000534662
1192	0.000531284
1193	0.000528019
1194	0.000524647
1195	0.000521464
1196	0.000518201
1197	0.000514815
1198	0.000511779
1199	0.00050836
1200	0.000505259
1201	0.000502179
1202	0.00049923
1203	0.000495977
1204	0.000492937
1205	0.000490219
1206	0.000487522
1207	0.000484349
1208	0.000481251
1209	0.000478551
1210	0.000475504
1211	0.000472588
1212	0.00046969
1213	0.000466763
1214	0.00046399
1215	0.000461011
1216	0.000458359
1217	0.00045555
1218	0.000452654
1219	0.000450229
1220	0.000447446
1221	0.000444642
1222	0.000441793
1223	0.000439349
1224	0.000436523
1225	0.00043377
1226	0.000431534
1227	0.000428749
1228	0.000426054
1229	0.000423844
1230	0.000421279
1231	0.000419027
1232	0.000416645
1233	0.000413728
1234	0.000411581
1235	0.000409447
1236	0.000406701
1237	0.000404079
1238	0.000401559
1239	0.00039891
1240	0.000396591
1241	0.000394206
1242	0.000391865
1243	0.000389424
1244	0.000387277
1245	0.000384679
1246	0.000382213
1247	0.000379803
1248	0.000377359
1249	0.000375117
1250	0.000372633
1251	0.000370209
1252	0.00036789
1253	0.000365524
1254	0.000363263
1255	0.000360821
1256	0.000358428
1257	0.000356129
1258	0.000353792
1259	0.000351511
1260	0.000349194
1261	0.000347054
1262	0.000344555
1263	0.000342194
1264	0.000339829
1265	0.000337545
1266	0.000335263
1267	0.00033294
1268	0.000330732
1269	0.000328344
1270	0.000325998
1271	0.000323873
1272	0.000321532
1273	0.000319206
1274	0.000316915
1275	0.00031455
1276	0.000312219
