1	0.0960044
2	0.0399999
3	0.0160243
4	0.0101252
5	0.0063863
6	0.00477931
7	0.00372283
8	0.00316893
9	0.00275338
10	0.00247267
11	0.00229635
12	0.00209804
13	0.00195186
14	0.00187479
15	0.00180858
16	0.00175444
17	0.00170809
18	0.00166254
19	0.00161828
20	0.00156679
21	0.00151755
22	0.0014646
23	0.00141852
24	0.00137009
25	0.00132648
26	0.00128357
27	0.00124634
28	0.00121256
29	0.00118335
30	0.00115545
31	0.0011289
32	0.00110658
33	0.00108596
34	0.00106689
35	0.0010482
36	0.00103012
37	0.00101265
38	0.000995167
39	0.000980668
40	0.000965162
41	0.000950818
42	0.000935521
43	0.000920829
44	0.000906206
45	0.000891508
46	0.000877291
47	0.000864069
48	0.000850377
49	0.000837758
50	0.000825695
51	0.000813688
52	8.34629e-05
53	8.2238e-05
54	8.10104e-05
55	7.985e-05
56	7.87661e-05
57	7.76783e-05
58	7.67704e-05
59	7.58389e-05
60	7.4996e-05
61	7.4166e-05
62	7.33414e-05
63	7.25746e-05
64	7.18097e-05
65	7.10076e-05
66	7.02542e-05
67	6.95278e-05
68	6.87619e-05
69	6.80938e-05
70	6.74283e-05
71	6.67973e-05
72	6.61917e-05
73	6.55682e-05
74	6.49572e-05
75	6.43692e-05
76	6.38042e-05
77	6.32716e-05
78	6.27528e-05
79	6.22451e-05
80	6.17356e-05
81	6.12295e-05
82	6.07281e-05
83	6.02572e-05
84	5.97518e-05
85	5.92681e-05
86	5.87646e-05
87	5.82829e-05
88	5.77988e-05
89	5.73089e-05
90	5.6812e-05
91	5.6336e-05
92	5.5875e-05
93	5.5421e-05
94	5.49577e-05
95	5.45169e-05
96	5.40634e-05
97	5.36201e-05
98	5.31614e-05
99	5.27283e-05
100	5.22861e-05
101	5.18444e-05
102	5.14139e-05
103	5.0971e-05
104	5.05288e-05
105	5.00976e-05
106	4.96843e-05
107	4.92888e-05
108	4.88951e-05
109	4.84917e-05
110	4.81053e-05
111	4.77218e-05
112	4.73469e-05
113	4.69661e-05
114	4.66002e-05
115	4.62437e-05
116	4.58907e-05
117	4.55327e-05
118	4.51834e-05
119	4.48344e-05
120	4.45113e-05
121	4.4198e-05
122	4.38803e-05
123	4.35837e-05
124	4.32854e-05
125	4.30128e-05
126	4.27432e-05
127	4.24764e-05
128	4.22096e-05
129	4.1942e-05
130	4.16773e-05
131	4.14299e-05
132	4.11841e-05
133	4.09441e-05
134	4.06942e-05
135	4.04529e-05
136	4.02344e-05
137	4.00187e-05
138	3.98061e-05
139	3.95982e-05
140	3.9404e-05
141	3.92056e-05
142	3.90096e-05
143	3.88259e-05
144	3.86554e-05
145	3.84822e-05
146	3.83196e-05
147	3.81508e-05
148	3.79951e-05
149	3.78334e-05
150	3.76849e-05
151	3.75448e-05
152	3.74153e-05
153	3.72867e-05
154	3.71704e-05
155	3.70502e-05
156	3.69374e-05
157	3.6825e-05
158	3.67254e-05
159	3.66266e-05
160	3.65356e-05
161	3.64387e-05
162	3.63496e-05
163	3.62582e-05
164	3.61638e-05
165	3.60711e-05
166	3.599e-05
167	3.59214e-05
168	3.58511e-05
169	3.57802e-05
170	3.57185e-05
171	3.56614e-05
172	3.56157e-05
173	3.55716e-05
174	3.55277e-05
175	3.54828e-05
176	3.54386e-05
177	3.53916e-05
178	3.53569e-05
179	3.53241e-05
180	3.52908e-05
181	3.52625e-05
182	3.5225e-05
183	3.51864e-05
184	3.51588e-05
185	3.51345e-05
186	3.51207e-05
187	3.51024e-05
188	3.50815e-05
189	3.5069e-05
190	3.50464e-05
191	3.50246e-05
192	3.50103e-05
193	3.49989e-05
194	3.49735e-05
195	3.4963e-05
196	3.49473e-05
197	3.49352e-05
198	3.49276e-05
199	3.4921e-05
200	3.49261e-05
201	3.49216e-05
202	3.49226e-05
203	3.49244e-05
204	3.49235e-05
205	3.49211e-05
206	3.49297e-05
207	3.49433e-05
208	3.49475e-05
209	3.4957e-05
210	3.49683e-05
211	3.49768e-05
212	3.49827e-05
213	3.49987e-05
214	3.50152e-05
215	3.50339e-05
216	3.50534e-05
217	3.50741e-05
218	3.50866e-05
219	3.51019e-05
220	3.51221e-05
221	3.51433e-05
222	3.51613e-05
223	3.5184e-05
224	3.52024e-05
225	3.52138e-05
226	3.52355e-05
227	3.52587e-05
228	3.52835e-05
229	3.53082e-05
230	3.53356e-05
231	3.53615e-05
232	3.53831e-05
233	3.54085e-05
234	3.54382e-05
235	3.54676e-05
236	3.54984e-05
237	3.55227e-05
238	3.55505e-05
239	3.55733e-05
240	3.55995e-05
241	3.56277e-05
242	3.56622e-05
243	3.56921e-05
244	3.57178e-05
245	3.5746e-05
246	3.5773e-05
247	3.57991e-05
248	3.58226e-05
249	3.58564e-05
250	3.58861e-05
251	3.59132e-05
252	3.59417e-05
253	3.59676e-05
254	3.59904e-05
255	3.60265e-05
256	3.60598e-05
257	3.60887e-05
258	3.61115e-05
259	3.61372e-05
260	3.61661e-05
261	3.61946e-05
262	3.62245e-05
263	3.62501e-05
264	3.62763e-05
265	3.63032e-05
266	3.63283e-05
267	3.63571e-05
268	3.63853e-05
269	3.64143e-05
270	3.64346e-05
271	3.64547e-05
272	3.64807e-05
273	3.65027e-05
274	3.65308e-05
275	3.65569e-05
276	3.65767e-05
277	3.65985e-05
278	3.66178e-05
279	3.66415e-05
280	3.66637e-05
281	3.66898e-05
282	3.67141e-05
283	3.67316e-05
284	3.67468e-05
285	3.67632e-05
286	3.67798e-05
287	3.68038e-05
288	3.68261e-05
289	3.68478e-05
290	3.68612e-05
291	3.68729e-05
292	3.68884e-05
293	3.69045e-05
294	3.69244e-05
295	3.69461e-05
296	3.6964e-05
297	3.69739e-05
298	3.69864e-05
299	3.69992e-05
300	3.70108e-05
301	3.70283e-05
302	3.70499e-05
303	3.70664e-05
304	3.70779e-05
305	3.70875e-05
306	3.7097e-05
307	3.71085e-05
308	3.71285e-05
309	3.71505e-05
310	3.7163e-05
311	3.71773e-05
312	3.71872e-05
313	3.71974e-05
314	3.72069e-05
315	3.7227e-05
316	3.72467e-05
317	3.72572e-05
318	3.72667e-05
319	3.72735e-05
320	3.72813e-05
321	3.72924e-05
322	3.73075e-05
323	3.73269e-05
324	3.73381e-05
325	3.7344e-05
326	3.73471e-05
327	3.73578e-05
328	3.73716e-05
329	3.7389e-05
330	3.74044e-05
331	3.7414e-05
332	3.74245e-05
333	3.74335e-05
334	3.74424e-05
335	3.74629e-05
336	3.74812e-05
337	3.75033e-05
338	3.75193e-05
339	3.75316e-05
340	3.75444e-05
341	3.75561e-05
342	3.75779e-05
343	3.75984e-05
344	3.76173e-05
345	3.76278e-05
346	3.76422e-05
347	3.76546e-05
348	3.76747e-05
349	3.76971e-05
350	3.77264e-05
351	3.77462e-05
352	3.77612e-05
353	3.77777e-05
354	3.77853e-05
355	3.78103e-05
356	3.78399e-05
357	3.78709e-05
358	3.78912e-05
359	3.7901e-05
360	3.79132e-05
361	3.79298e-05
362	3.79611e-05
363	3.79928e-05
364	3.80258e-05
365	3.80475e-05
366	3.8065e-05
367	3.80763e-05
368	3.80983e-05
369	3.8128e-05
370	3.81604e-05
371	3.81983e-05
372	3.82179e-05
373	3.8233e-05
374	3.82492e-05
375	3.8274e-05
376	3.83042e-05
377	3.83409e-05
378	3.83773e-05
379	3.83985e-05
380	3.84199e-05
381	3.84335e-05
382	3.84565e-05
383	3.84941e-05
384	3.85302e-05
385	3.85602e-05
386	3.85819e-05
387	3.86048e-05
388	3.86255e-05
389	3.8649e-05
390	3.86795e-05
391	3.87225e-05
392	3.87558e-05
393	3.87869e-05
394	3.88069e-05
395	3.88258e-05
396	3.88511e-05
397	3.8889e-05
398	3.89297e-05
399	3.89562e-05
400	3.89848e-05
401	3.90069e-05
402	3.90319e-05
403	3.90556e-05
404	3.90937e-05
405	3.9136e-05
406	3.9162e-05
407	3.91908e-05
408	3.92176e-05
409	3.92432e-05
410	3.92696e-05
411	3.93047e-05
412	3.93473e-05
413	3.93705e-05
414	3.93949e-05
415	3.94197e-05
416	3.94477e-05
417	3.94749e-05
418	3.95116e-05
419	3.95523e-05
420	3.95755e-05
421	3.96007e-05
422	3.96255e-05
423	3.96594e-05
424	3.96873e-05
425	3.97303e-05
426	3.9766e-05
427	3.97854e-05
428	3.98048e-05
429	3.98273e-05
430	3.9868e-05
431	3.98949e-05
432	3.9931e-05
433	3.99634e-05
434	3.99899e-05
435	4.00054e-05
436	4.00299e-05
437	4.00678e-05
438	4.01022e-05
439	4.01292e-05
440	4.01595e-05
441	4.01857e-05
442	4.02028e-05
443	4.02234e-05
444	4.02504e-05
445	4.02871e-05
446	4.03129e-05
447	4.03412e-05
448	4.03639e-05
449	4.03816e-05
450	4.04079e-05
451	4.04295e-05
452	4.04591e-05
453	4.04897e-05
454	4.05126e-05
455	4.05299e-05
456	4.05486e-05
457	4.05726e-05
458	4.05956e-05
459	4.06231e-05
460	4.0648e-05
461	4.06651e-05
462	4.06827e-05
463	4.06959e-05
464	4.07212e-05
465	4.07371e-05
466	4.07669e-05
467	4.07835e-05
468	4.07957e-05
469	4.08122e-05
470	4.08314e-05
471	4.08484e-05
472	4.08627e-05
473	4.08793e-05
474	4.08928e-05
475	4.0907e-05
476	4.09131e-05
477	4.09284e-05
478	4.09479e-05
479	4.09581e-05
480	4.09689e-05
481	4.09775e-05
482	4.09877e-05
483	4.09882e-05
484	4.09953e-05
485	4.10162e-05
486	4.10202e-05
487	4.1022e-05
488	4.10255e-05
489	4.10284e-05
490	4.10258e-05
491	4.10364e-05
492	4.10444e-05
493	4.104e-05
494	4.10381e-05
495	4.10247e-05
496	4.10293e-05
497	4.10197e-05
498	4.10253e-05
499	4.10277e-05
500	4.1023e-05
501	4.10053e-05
502	4.09806e-05
503	4.09823e-05
504	4.09803e-05
505	4.09794e-05
506	4.09575e-05
507	4.0947e-05
508	4.09262e-05
509	4.0903e-05
510	4.0898e-05
511	4.08818e-05
512	4.0875e-05
513	4.08526e-05
514	4.08308e-05
515	4.07992e-05
516	4.07863e-05
517	4.0773e-05
518	4.07392e-05
519	4.07167e-05
520	4.06895e-05
521	4.06654e-05
522	4.06317e-05
523	4.06016e-05
524	4.05909e-05
525	4.05611e-05
526	4.05259e-05
527	4.04829e-05
528	4.04537e-05
529	4.04207e-05
530	4.03895e-05
531	4.03687e-05
532	4.0323e-05
533	4.02828e-05
534	4.0243e-05
535	4.02067e-05
536	4.01682e-05
537	4.01327e-05
538	4.00918e-05
539	4.00373e-05
540	3.99902e-05
541	3.99479e-05
542	3.99006e-05
543	3.98567e-05
544	3.98197e-05
545	3.97772e-05
546	3.97097e-05
547	3.96578e-05
548	3.9605e-05
549	3.95584e-05
550	3.95168e-05
551	3.94664e-05
552	3.94056e-05
553	3.93324e-05
554	3.92851e-05
555	3.92216e-05
556	3.91789e-05
557	3.91285e-05
558	3.907e-05
559	3.89959e-05
560	3.89355e-05
561	3.88723e-05
562	3.8819e-05
563	3.87576e-05
564	3.86981e-05
565	3.86398e-05
566	3.85547e-05
567	3.84934e-05
568	3.84281e-05
569	3.8382e-05
570	3.83203e-05
571	3.82456e-05
572	3.81683e-05
573	3.8086e-05
574	3.80225e-05
575	3.79591e-05
576	3.79121e-05
577	3.78395e-05
578	3.77624e-05
579	3.76734e-05
580	3.75918e-05
581	3.75333e-05
582	3.74674e-05
583	3.74096e-05
584	3.73342e-05
585	3.72479e-05
586	3.71515e-05
587	3.70753e-05
588	3.70163e-05
589	3.69449e-05
590	3.6887e-05
591	3.67867e-05
592	3.67028e-05
593	3.66213e-05
594	3.65453e-05
595	3.64758e-05
596	3.64132e-05
597	3.63287e-05
598	3.62305e-05
599	3.61449e-05
600	3.6058e-05
601	3.59897e-05
602	3.59275e-05
603	3.5861e-05
604	3.57517e-05
605	3.56565e-05
606	3.55704e-05
607	3.5485e-05
608	3.54231e-05
609	3.53508e-05
610	3.52792e-05
611	3.51595e-05
612	3.50747e-05
613	3.49852e-05
614	3.49189e-05
615	3.48408e-05
616	3.4764e-05
617	3.46714e-05
618	3.45742e-05
619	3.44827e-05
620	3.44033e-05
621	3.43384e-05
622	3.42647e-05
623	3.41672e-05
624	3.407e-05
625	3.39796e-05
626	3.38925e-05
627	3.38131e-05
628	3.37382e-05
629	3.36616e-05
630	3.357e-05
631	3.34678e-05
632	3.33871e-05
633	3.3293e-05
634	3.32273e-05
635	3.31397e-05
636	3.30555e-05
637	3.29577e-05
638	3.28731e-05
639	3.27901e-05
640	3.26883e-05
641	3.26249e-05
642	3.25319e-05
643	3.24309e-05
644	3.23525e-05
645	3.22648e-05
646	3.21786e-05
647	3.20997e-05
648	3.20076e-05
649	3.19201e-05
650	3.18273e-05
651	3.17572e-05
652	3.16684e-05
653	3.15735e-05
654	3.1482e-05
655	3.13799e-05
656	3.12937e-05
657	3.12272e-05
658	3.11409e-05
659	3.10503e-05
660	3.09555e-05
661	3.08695e-05
662	3.07725e-05
663	3.06817e-05
664	3.06166e-05
665	3.05378e-05
666	3.04403e-05
667	3.03296e-05
668	3.02336e-05
669	3.01585e-05
670	3.00849e-05
671	3.0007e-05
672	2.992e-05
673	2.98114e-05
674	2.97123e-05
675	2.96203e-05
676	2.95557e-05
677	2.94815e-05
678	2.93927e-05
679	2.93005e-05
680	2.91919e-05
681	2.90947e-05
682	2.90233e-05
683	2.89511e-05
684	2.8868e-05
685	2.87926e-05
686	2.86787e-05
687	2.85702e-05
688	2.85094e-05
689	2.84401e-05
690	2.83641e-05
691	2.82719e-05
692	2.81797e-05
693	2.80719e-05
694	2.79902e-05
695	2.7927e-05
696	2.7854e-05
697	2.77778e-05
698	2.76767e-05
699	2.75741e-05
700	2.74913e-05
701	2.74207e-05
702	2.73446e-05
703	2.72606e-05
704	2.71793e-05
705	2.7089e-05
706	2.70045e-05
707	2.6914e-05
708	2.68457e-05
709	2.67736e-05
710	2.6702e-05
711	2.66063e-05
712	2.65284e-05
713	2.64459e-05
714	2.6364e-05
715	2.62928e-05
716	2.62234e-05
717	2.61456e-05
718	2.60693e-05
719	2.59996e-05
720	2.59188e-05
721	2.58362e-05
722	2.57777e-05
723	2.56991e-05
724	2.56211e-05
725	2.55674e-05
726	2.54886e-05
727	2.54073e-05
728	2.53419e-05
729	2.52688e-05
730	2.52041e-05
731	2.51496e-05
732	2.50814e-05
733	2.49958e-05
734	2.49172e-05
735	2.48547e-05
736	2.47921e-05
737	2.47481e-05
738	2.46851e-05
739	2.46052e-05
740	2.45263e-05
741	2.44619e-05
742	2.4407e-05
743	2.43613e-05
744	2.43075e-05
745	2.42378e-05
746	2.41561e-05
747	2.40873e-05
748	2.40318e-05
749	2.39921e-05
750	2.39413e-05
751	2.38836e-05
752	2.38008e-05
753	2.37351e-05
754	2.36688e-05
755	2.36401e-05
756	2.35991e-05
757	2.35393e-05
758	2.34664e-05
759	2.33896e-05
760	2.33293e-05
761	2.33025e-05
762	2.32675e-05
763	2.32154e-05
764	2.31401e-05
765	2.30699e-05
766	2.30077e-05
767	2.29756e-05
768	2.29529e-05
769	2.28981e-05
770	2.2837e-05
771	2.2765e-05
772	2.27071e-05
773	2.26742e-05
774	2.26411e-05
775	2.25995e-05
776	2.25513e-05
777	2.24852e-05
778	2.24202e-05
779	2.23829e-05
780	2.23567e-05
781	2.23217e-05
782	2.22739e-05
783	2.22135e-05
784	2.21515e-05
785	2.21171e-05
786	2.20923e-05
787	2.20523e-05
788	2.20117e-05
789	2.1956e-05
790	2.19023e-05
791	2.18746e-05
792	2.1848e-05
793	2.18016e-05
794	2.17603e-05
795	2.17143e-05
796	2.16702e-05
797	2.1639e-05
798	2.16123e-05
799	2.15701e-05
800	2.15216e-05
801	2.14863e-05
802	2.14435e-05
803	2.14169e-05
804	2.139e-05
805	2.13537e-05
806	2.13102e-05
807	2.12704e-05
808	2.12308e-05
809	2.12077e-05
810	2.11839e-05
811	2.11555e-05
812	2.1117e-05
813	2.10736e-05
814	2.10283e-05
815	2.10104e-05
816	2.09929e-05
817	2.09695e-05
818	2.09326e-05
819	2.08937e-05
820	2.08419e-05
821	2.08243e-05
822	2.08139e-05
823	2.07924e-05
824	2.07594e-05
825	2.07225e-05
826	2.06725e-05
827	2.06513e-05
828	2.0643e-05
829	2.06224e-05
830	2.05957e-05
831	2.05594e-05
832	2.05145e-05
833	2.04861e-05
834	2.04769e-05
835	2.04603e-05
836	2.04404e-05
837	2.04068e-05
838	2.03643e-05
839	2.03384e-05
840	2.03196e-05
841	2.03057e-05
842	2.0286e-05
843	2.0261e-05
844	2.02198e-05
845	2.01893e-05
846	2.01643e-05
847	2.01552e-05
848	2.01469e-05
849	2.01251e-05
850	2.00847e-05
851	2.00528e-05
852	2.00284e-05
853	2.00123e-05
854	2.0011e-05
855	1.99866e-05
856	1.99503e-05
857	1.99211e-05
858	1.98908e-05
859	1.98736e-05
860	1.98705e-05
861	1.98517e-05
862	1.98175e-05
863	1.97888e-05
864	1.97594e-05
865	1.97476e-05
866	1.97412e-05
867	1.97192e-05
868	1.9687e-05
869	1.96595e-05
870	1.96298e-05
871	1.96232e-05
872	1.96064e-05
873	1.95824e-05
874	1.95525e-05
875	1.95261e-05
876	1.95028e-05
877	1.94943e-05
878	1.94733e-05
879	1.94449e-05
880	1.942e-05
881	1.9397e-05
882	1.93784e-05
883	1.93651e-05
884	1.93399e-05
885	1.93102e-05
886	1.92815e-05
887	1.92575e-05
888	1.92508e-05
889	1.92372e-05
890	1.92092e-05
891	1.91776e-05
892	1.91492e-05
893	1.91247e-05
894	1.91243e-05
895	1.91158e-05
896	1.90836e-05
897	1.90506e-05
898	1.90239e-05
899	1.90093e-05
900	1.9013e-05
901	1.90046e-05
902	1.89676e-05
903	1.89356e-05
904	1.89072e-05
905	1.89017e-05
906	1.88972e-05
907	1.88846e-05
908	1.88454e-05
909	1.88059e-05
910	1.87814e-05
911	1.87804e-05
912	1.87746e-05
913	1.8752e-05
914	1.87101e-05
915	1.86676e-05
916	1.86421e-05
917	1.86406e-05
918	1.86258e-05
919	1.8592e-05
920	1.85456e-05
921	1.84986e-05
922	1.84768e-05
923	1.84665e-05
924	1.84443e-05
925	1.84038e-05
926	1.83503e-05
927	1.83039e-05
928	1.82794e-05
929	1.82571e-05
930	1.82249e-05
931	1.81807e-05
932	1.81201e-05
933	1.80771e-05
934	1.80493e-05
935	1.80155e-05
936	1.79694e-05
937	1.7922e-05
938	1.78551e-05
939	1.78131e-05
940	1.77792e-05
941	1.77329e-05
942	1.76798e-05
943	1.76206e-05
944	1.75518e-05
945	1.75096e-05
946	1.74705e-05
947	1.74114e-05
948	1.73484e-05
949	1.72795e-05
950	1.72109e-05
951	1.71733e-05
952	1.71206e-05
953	1.70565e-05
954	1.69846e-05
955	1.69018e-05
956	1.68396e-05
957	1.67941e-05
958	1.67356e-05
959	1.66638e-05
960	1.65833e-05
961	1.64949e-05
962	1.64334e-05
963	1.63789e-05
964	1.63221e-05
965	1.62468e-05
966	1.61544e-05
967	1.60582e-05
968	1.59903e-05
969	1.59356e-05
970	1.58727e-05
971	1.57938e-05
972	1.56975e-05
973	1.5593e-05
974	1.55222e-05
975	1.54627e-05
976	1.53988e-05
977	1.53155e-05
978	1.52156e-05
979	1.51097e-05
980	1.50301e-05
981	1.49699e-05
982	1.49003e-05
983	1.48143e-05
984	1.47142e-05
985	1.46064e-05
986	1.45262e-05
987	1.44567e-05
988	1.43836e-05
989	1.42997e-05
990	1.41986e-05
991	1.40899e-05
992	1.40096e-05
993	1.39301e-05
994	1.38549e-05
995	1.37704e-05
996	1.36734e-05
997	1.35701e-05
998	1.34847e-05
999	1.34006e-05
1000	1.33205e-05
1001	1.32332e-05
1002	1.31401e-05
1003	1.30448e-05
1004	1.29555e-05
1005	1.28729e-05
1006	1.27865e-05
1007	1.27001e-05
1008	1.26143e-05
1009	1.25239e-05
1010	1.24304e-05
1011	1.23475e-05
1012	1.22605e-05
1013	1.21755e-05
1014	1.20912e-05
1015	1.20075e-05
1016	1.19193e-05
1017	1.18333e-05
1018	1.17517e-05
1019	1.16696e-05
1020	1.15889e-05
1021	1.15083e-05
1022	1.14252e-05
1023	1.1339e-05
1024	1.12592e-05
1025	1.11843e-05
1026	1.11088e-05
1027	1.10336e-05
1028	1.09572e-05
1029	1.08768e-05
1030	1.07994e-05
1031	1.07307e-05
1032	1.06602e-05
1033	1.05921e-05
1034	1.05179e-05
1035	1.04483e-05
1036	1.0379e-05
1037	1.03136e-05
1038	1.02491e-05
1039	1.01887e-05
1040	1.01258e-05
1041	1.00598e-05
1042	9.99897e-06
1043	9.93633e-06
1044	9.87905e-06
1045	9.82206e-06
1046	9.76886e-06
1047	9.71515e-06
1048	9.65969e-06
1049	9.60492e-06
1050	9.55088e-06
1051	9.49877e-06
1052	9.45216e-06
1053	9.4084e-06
1054	9.36269e-06
1055	9.31328e-06
1056	9.26478e-06
1057	9.21717e-06
1058	9.17386e-06
1059	9.13358e-06
1060	9.09694e-06
1061	9.05674e-06
1062	9.01645e-06
1063	8.97567e-06
1064	8.93533e-06
1065	8.89529e-06
1066	8.86034e-06
1067	8.83105e-06
1068	8.79882e-06
1069	8.76536e-06
1070	8.73238e-06
1071	8.69626e-06
1072	8.66085e-06
1073	8.63239e-06
1074	8.60624e-06
1075	8.58055e-06
1076	8.5542e-06
1077	8.52518e-06
1078	8.49776e-06
1079	8.4671e-06
1080	8.44474e-06
1081	8.42104e-06
1082	8.39932e-06
1083	8.37473e-06
1084	8.35311e-06
1085	8.33102e-06
1086	8.31109e-06
1087	8.28833e-06
1088	8.26699e-06
1089	8.24796e-06
1090	8.23118e-06
1091	8.21167e-06
1092	8.19666e-06
1093	8.18134e-06
1094	8.16164e-06
1095	8.13995e-06
1096	8.12077e-06
1097	8.10687e-06
1098	8.09549e-06
1099	8.08311e-06
1100	8.06698e-06
1101	8.04796e-06
1102	8.03187e-06
1103	8.01677e-06
1104	7.99985e-06
1105	7.98713e-06
1106	7.9755e-06
1107	7.96546e-06
1108	7.95145e-06
1109	7.93862e-06
1110	7.92426e-06
1111	7.90799e-06
1112	7.89211e-06
1113	7.87929e-06
1114	7.86789e-06
1115	7.85567e-06
1116	7.84601e-06
1117	7.83363e-06
1118	7.81749e-06
1119	7.79884e-06
1120	7.78468e-06
1121	7.76985e-06
1122	7.75702e-06
1123	7.74441e-06
1124	7.73001e-06
1125	7.71189e-06
1126	7.69297e-06
1127	7.67597e-06
1128	7.65777e-06
1129	7.64145e-06
1130	7.62454e-06
1131	7.60852e-06
1132	7.5875e-06
1133	7.56706e-06
1134	7.54987e-06
1135	7.53378e-06
1136	7.5137e-06
1137	7.49171e-06
1138	7.46778e-06
1139	7.446e-06
1140	7.42657e-06
1141	7.40622e-06
1142	7.38379e-06
1143	7.35835e-06
1144	7.33015e-06
1145	7.30615e-06
1146	7.28283e-06
1147	7.25839e-06
1148	7.23316e-06
1149	7.20502e-06
1150	7.17931e-06
1151	7.15114e-06
1152	7.12503e-06
1153	7.09603e-06
1154	7.06467e-06
1155	7.03586e-06
1156	7.00393e-06
1157	6.97554e-06
1158	6.94627e-06
1159	6.91448e-06
1160	6.88198e-06
1161	6.84825e-06
1162	6.81459e-06
1163	6.78105e-06
1164	6.74768e-06
1165	6.7155e-06
1166	6.68185e-06
1167	6.64694e-06
1168	6.61173e-06
1169	6.57765e-06
1170	6.54259e-06
1171	6.50639e-06
1172	6.46864e-06
1173	6.4311e-06
1174	6.39416e-06
1175	6.35697e-06
1176	6.32286e-06
1177	6.28789e-06
1178	6.25107e-06
1179	6.21273e-06
1180	6.17544e-06
1181	6.13952e-06
1182	6.10233e-06
1183	6.06176e-06
1184	6.02423e-06
1185	5.98762e-06
1186	5.94998e-06
1187	5.91231e-06
1188	5.87287e-06
1189	5.83585e-06
1190	5.79858e-06
1191	5.76242e-06
1192	5.72652e-06
1193	5.69003e-06
1194	5.65024e-06
1195	5.61375e-06
1196	5.57597e-06
1197	5.54131e-06
1198	5.50881e-06
1199	5.47458e-06
1200	5.44056e-06
1201	5.40679e-06
1202	5.37355e-06
1203	5.33796e-06
1204	5.30436e-06
1205	5.27219e-06
1206	5.23862e-06
1207	5.20584e-06
1208	5.17351e-06
1209	5.14338e-06
1210	5.11244e-06
1211	5.07795e-06
1212	5.04844e-06
1213	5.01395e-06
1214	4.9838e-06
1215	4.95086e-06
1216	4.91977e-06
1217	4.88777e-06
1218	4.85708e-06
1219	4.82531e-06
1220	4.79561e-06
1221	4.76649e-06
1222	4.73899e-06
1223	4.71074e-06
1224	4.68156e-06
1225	4.65283e-06
1226	4.62463e-06
1227	4.59778e-06
1228	4.57078e-06
1229	4.5455e-06
1230	4.51884e-06
1231	4.49335e-06
1232	4.46544e-06
1233	4.43899e-06
1234	4.41279e-06
1235	4.3874e-06
1236	4.36011e-06
1237	4.3349e-06
1238	4.30862e-06
1239	4.28412e-06
1240	4.25892e-06
1241	4.23333e-06
1242	4.20819e-06
1243	4.18352e-06
1244	4.15829e-06
1245	4.13361e-06
1246	4.10918e-06
1247	4.08438e-06
1248	4.05852e-06
1249	4.03376e-06
1250	4.00904e-06
1251	3.98455e-06
1252	3.95924e-06
1253	3.93413e-06
1254	3.90812e-06
1255	3.8842e-06
1256	3.85981e-06
1257	3.83475e-06
1258	3.80935e-06
1259	3.78416e-06
1260	3.75912e-06
1261	3.73418e-06
1262	3.70981e-06
1263	3.68557e-06
1264	3.66036e-06
1265	3.63512e-06
1266	3.61024e-06
1267	3.58575e-06
1268	3.56151e-06
1269	3.53696e-06
1270	3.51257e-06
1271	3.48781e-06
1272	3.46356e-06
1273	3.43951e-06
1274	3.41588e-06
1275	3.39187e-06
1276	3.36695e-06
