1	1
2	0.119276
3	0.0711154
4	0.0657215
5	0.0620572
6	0.06449
7	0.0606848
8	0.0636288
9	0.0634291
10	0.0644907
11	0.0629018
12	0.0595346
13	0.0556672
14	0.0490259
15	0.0455736
16	0.0430547
17	0.0413513
18	0.0400421
19	0.0389455
20	0.0379301
21	0.0365123
22	0.0346439
23	0.0326745
24	0.0306949
25	0.0286348
26	0.0265873
27	0.024691
28	0.022892
29	0.0212568
30	0.0197661
31	0.0184163
32	0.0172169
33	0.0161032
34	0.0151091
35	0.0142244
36	0.013412
37	0.0126932
38	0.0120211
39	0.0114216
40	0.0108647
41	0.0103683
42	0.00990071
43	0.00947773
44	0.00907639
45	0.00870158
46	0.00836139
47	0.00804837
48	0.00776064
49	0.00750084
50	0.00722196
51	0.00697264
52	0.00675356
53	0.00654053
54	0.00635399
55	0.00617332
56	0.00600987
57	0.00584949
58	0.00570032
59	0.00555983
60	0.00542754
61	0.0053054
62	0.0051928
63	0.00508084
64	0.00497707
65	0.00487823
66	0.00478636
67	0.00469806
68	0.00461346
69	0.00453367
70	0.00445682
71	0.00438177
72	0.0043122
73	0.00424166
74	0.00417352
75	0.00410998
76	0.00405193
77	0.00399546
78	0.00393621
79	0.00388055
80	0.00382633
81	0.00377378
82	0.00372212
83	0.00367121
84	0.00362271
85	0.00357564
86	0.00352896
87	0.00348603
88	0.00344406
89	0.00340436
90	0.00336491
91	0.00332617
92	0.00328842
93	0.0032525
94	0.00321649
95	0.0031815
96	0.00314803
97	0.00311446
98	0.00308216
99	0.00305223
100	0.00302143
101	0.00299233
102	0.00296494
103	0.00293341
104	0.00290439
105	0.00287942
106	0.00285182
107	0.00282507
108	0.00280071
109	0.00277516
110	0.00275172
111	0.00272977
112	0.00270804
113	0.002688
114	0.00266822
115	0.00264616
116	0.00262389
117	0.00260552
118	0.00258562
119	0.00256662
120	0.0025486
121	0.00252927
122	0.00251179
123	0.00249627
124	0.00248094
125	0.00246607
126	0.00244971
127	0.00243525
128	0.00241931
129	0.00240492
130	0.00239145
131	0.00237861
132	0.00236559
133	0.00235324
134	0.00234139
135	0.00233051
136	0.00232096
137	0.00231074
138	0.00230054
139	0.00229058
140	0.00228068
141	0.00227082
142	0.00226151
143	0.00225241
144	0.00224439
145	0.00223529
146	0.00222712
147	0.00221961
148	0.00221255
149	0.00220567
150	0.00219844
151	0.00219109
152	0.00218439
153	0.00217838
154	0.0021721
155	0.00216611
156	0.00215935
157	0.00215336
158	0.00214741
159	0.00214116
160	0.00213587
161	0.00213115
162	0.00212713
163	0.00212174
164	0.00211747
165	0.00211285
166	0.00210864
167	0.00210374
168	0.00209841
169	0.00209316
170	0.00209012
171	0.00208515
172	0.00208071
173	0.0020756
174	0.00207111
175	0.00206732
176	0.00206443
177	0.00206102
178	0.00205812
179	0.00205422
180	0.00204965
181	0.00204625
182	0.00204355
183	0.00203851
184	0.0020358
185	0.00203183
186	0.00202814
187	0.00202314
188	0.00202022
189	0.00201919
190	0.00201601
191	0.00201352
192	0.0020101
193	0.00200673
194	0.00200392
195	0.00200269
196	0.00199899
197	0.00199633
198	0.00199203
199	0.00198933
200	0.00198732
201	0.00198458
202	0.00198217
203	0.00198039
204	0.00197785
205	0.00197612
206	0.00197399
207	0.00197178
208	0.00197042
209	0.00196758
210	0.00196547
211	0.0019629
212	0.0019616
213	0.00195824
214	0.00195652
215	0.0019547
216	0.00195174
217	0.00195041
218	0.00194826
219	0.00194671
220	0.00194538
221	0.0019429
222	0.00194006
223	0.00193741
224	0.00193607
225	0.0019337
226	0.00193233
227	0.00192889
228	0.00192686
229	0.00192437
230	0.0019236
231	0.00192217
232	0.00192024
233	0.00191817
234	0.00191611
235	0.00191362
236	0.00191158
237	0.00190832
238	0.00190695
239	0.00190443
240	0.0019018
241	0.00189947
242	0.00189745
243	0.00189567
244	0.00189441
245	0.00189164
246	0.00188932
247	0.00188757
248	0.0018851
249	0.00188258
250	0.00188038
251	0.00187858
252	0.00187614
253	0.00187373
254	0.00187162
255	0.00186929
256	0.00186854
257	0.00186625
258	0.00186511
259	0.00186252
260	0.00186064
261	0.00185904
262	0.00185655
263	0.00185525
264	0.00185237
265	0.00185107
266	0.00184927
267	0.00184683
268	0.00184623
269	0.00184382
270	0.00184256
271	0.00184066
272	0.00183979
273	0.00183804
274	0.00183627
275	0.00183484
276	0.00183327
277	0.001831
278	0.00182883
279	0.00182771
280	0.00182576
281	0.00182462
282	0.00182343
283	0.00182227
284	0.00182154
285	0.00181961
286	0.00181808
287	0.00181781
288	0.00181571
289	0.00181441
290	0.00181274
291	0.00181159
292	0.00181
293	0.00180884
294	0.0018079
295	0.00180626
296	0.00180481
297	0.00180347
298	0.00180274
299	0.00180191
300	0.0018
301	0.00179908
302	0.00179746
303	0.00179674
304	0.00179572
305	0.00179461
306	0.0017941
307	0.00179304
308	0.00179215
309	0.00179167
310	0.00179084
311	0.00178964
312	0.00178911
313	0.00178856
314	0.00178697
315	0.00178656
316	0.00178592
317	0.00178482
318	0.00178435
319	0.00178348
320	0.00178275
321	0.00178234
322	0.00178153
323	0.00178176
324	0.00178081
325	0.00177948
326	0.00177886
327	0.00177867
328	0.0017779
329	0.00177818
330	0.0017776
331	0.00177642
332	0.00177605
333	0.00177592
334	0.00177564
335	0.00177514
336	0.00177535
337	0.00177495
338	0.00177466
339	0.00177365
340	0.00177473
341	0.00177407
342	0.00177303
343	0.00177385
344	0.00177349
345	0.00177314
346	0.00177322
347	0.00177369
348	0.00177325
349	0.00177251
350	0.00177341
351	0.00177324
352	0.00177355
353	0.00177318
354	0.00177311
355	0.0017732
356	0.00177384
357	0.00177409
358	0.00177397
359	0.00177364
360	0.00177409
361	0.00177447
362	0.0017741
363	0.0017751
364	0.00177535
365	0.00177563
366	0.00177572
367	0.00177628
368	0.00177655
369	0.00177603
370	0.00177752
371	0.0017779
372	0.00177803
373	0.00177821
374	0.00177979
375	0.0017796
376	0.00178041
377	0.0017804
378	0.00178165
379	0.00178176
380	0.0017826
381	0.00178341
382	0.00178352
383	0.00178487
384	0.0017852
385	0.00178575
386	0.00178617
387	0.00178736
388	0.0017881
389	0.0017888
390	0.0017889
391	0.00178969
392	0.00179029
393	0.00179193
394	0.00179269
395	0.00179227
396	0.00179332
397	0.00179486
398	0.00179538
399	0.00179579
400	0.00179773
401	0.00179718
402	0.00179854
403	0.00179883
404	0.0018006
405	0.00180143
406	0.00180243
407	0.00180307
408	0.00180329
409	0.00180493
410	0.00180576
411	0.0018073
412	0.00180853
413	0.00180875
414	0.00180934
415	0.00181006
416	0.00181198
417	0.00181286
418	0.00181411
419	0.00181475
420	0.00181558
421	0.00181704
422	0.00181753
423	0.00181822
424	0.00181969
425	0.00182122
426	0.00182209
427	0.00182289
428	0.0018237
429	0.00182398
430	0.00182543
431	0.00182669
432	0.00182761
433	0.00182916
434	0.00182945
435	0.00182968
436	0.001831
437	0.00183187
438	0.00183343
439	0.00183397
440	0.00183511
441	0.00183661
442	0.0018371
443	0.00183664
444	0.0018376
445	0.00183947
446	0.00184019
447	0.00184161
448	0.00184229
449	0.00184248
450	0.0018436
451	0.00184499
452	0.0018451
453	0.00184673
454	0.00184851
455	0.0018482
456	0.00184885
457	0.00185019
458	0.00185097
459	0.00185257
460	0.00185335
461	0.00185508
462	0.00185517
463	0.00185646
464	0.00185733
465	0.001858
466	0.00186015
467	0.00186112
468	0.00186217
469	0.00186292
470	0.00186481
471	0.0018652
472	0.00186575
473	0.00186847
474	0.00186929
475	0.00187017
476	0.00187087
477	0.0018722
478	0.00187349
479	0.00187531
480	0.00187586
481	0.00187791
482	0.00187837
483	0.00187963
484	0.00187977
485	0.0018812
486	0.00188289
487	0.00188474
488	0.0018861
489	0.0018869
490	0.00188783
491	0.00188881
492	0.0018896
493	0.00189276
494	0.00189366
495	0.00189501
496	0.00189543
497	0.00189647
498	0.00189823
499	0.00189895
500	0.00190176
501	0.00190276
502	0.0019027
503	0.00190423
504	0.00190608
505	0.0019077
506	0.001909
507	0.00191093
508	0.00191294
509	0.00191267
510	0.00191453
511	0.00191478
512	0.00191775
513	0.00191912
514	0.00192064
515	0.00192189
516	0.00192462
517	0.0019253
518	0.00192471
519	0.00192689
520	0.00192916
521	0.0019312
522	0.0019324
523	0.00193325
524	0.00193691
525	0.00193682
526	0.00193788
527	0.00193915
528	0.00194188
529	0.00194244
530	0.00194368
531	0.00194651
532	0.00194741
533	0.00194921
534	0.00194933
535	0.00195226
536	0.00195393
537	0.00195614
538	0.0019575
539	0.00195724
540	0.00195921
541	0.00196085
542	0.00196308
543	0.00196426
544	0.0019674
545	0.00196952
546	0.00196937
547	0.00197071
548	0.00197217
549	0.00197547
550	0.00197691
551	0.00197802
552	0.00197864
553	0.00198064
554	0.00198245
555	0.00198377
556	0.0019862
557	0.00198872
558	0.00198921
559	0.00199062
560	0.00199287
561	0.0019944
562	0.00199605
563	0.00199774
564	0.00199897
565	0.00200169
566	0.00200254
567	0.00200468
568	0.00200567
569	0.00200875
570	0.00201159
571	0.00201142
572	0.00201289
573	0.00201428
574	0.00201524
575	0.00201685
576	0.00202151
577	0.00202307
578	0.00202468
579	0.00202575
580	0.00202686
581	0.00202739
582	0.00202932
583	0.00203281
584	0.00203547
585	0.0020362
586	0.00203694
587	0.00203862
588	0.00203988
589	0.00204173
590	0.00204477
591	0.00204715
592	0.00204849
593	0.00205096
594	0.00205025
595	0.00205186
596	0.00205434
597	0.00205727
598	0.00205816
599	0.00206166
600	0.0020621
601	0.00206245
602	0.00206446
603	0.00206758
604	0.00206886
605	0.00207201
606	0.00207272
607	0.00207335
608	0.002074
609	0.00207826
610	0.00208133
611	0.00208001
612	0.00208259
613	0.00208523
614	0.00208607
615	0.00208624
616	0.00208878
617	0.00209281
618	0.00209222
619	0.00209311
620	0.00209553
621	0.00209848
622	0.00209957
623	0.00210017
624	0.00210238
625	0.00210432
626	0.00210475
627	0.00210673
628	0.00210681
629	0.00211076
630	0.00211232
631	0.00211206
632	0.00211551
633	0.00211684
634	0.00211988
635	0.00211756
636	0.00212073
637	0.00212307
638	0.00212456
639	0.00212558
640	0.00212592
641	0.00212731
642	0.00212795
643	0.00213
644	0.00213266
645	0.00213335
646	0.00213605
647	0.00213617
648	0.00213676
649	0.00213872
650	0.00214024
651	0.00214332
652	0.00214464
653	0.00214552
654	0.0021468
655	0.00214584
656	0.00214804
657	0.00215196
658	0.00215345
659	0.00215418
660	0.00215584
661	0.00215706
662	0.00215554
663	0.00215519
664	0.00215913
665	0.00216102
666	0.00216239
667	0.00216262
668	0.00216368
669	0.00216387
670	0.00216536
671	0.00216757
672	0.00217009
673	0.00217193
674	0.00217262
675	0.00217205
676	0.00217332
677	0.00217679
678	0.00217811
679	0.00217907
680	0.00217918
681	0.00217957
682	0.0021785
683	0.00218112
684	0.00218534
685	0.00218823
686	0.00218829
687	0.0021877
688	0.00218868
689	0.00219041
690	0.0021936
691	0.00219387
692	0.00219714
693	0.0021969
694	0.00219731
695	0.00219734
696	0.00220006
697	0.00220318
698	0.00220411
699	0.00220513
700	0.00220735
701	0.00220817
702	0.00220825
703	0.0022105
704	0.00221304
705	0.00221483
706	0.00221597
707	0.00221733
708	0.00221847
709	0.00222003
710	0.0022213
711	0.00222494
712	0.00222661
713	0.00222756
714	0.00222713
715	0.00222724
716	0.00222927
717	0.00223227
718	0.00223386
719	0.00223644
720	0.00223842
721	0.0022369
722	0.00223795
723	0.00224123
724	0.00224242
725	0.00224578
726	0.00224708
727	0.00224735
728	0.00224738
729	0.00224947
730	0.00225238
731	0.00225348
732	0.00225721
733	0.00225934
734	0.00225767
735	0.00225816
736	0.00225987
737	0.00226233
738	0.00226622
739	0.00226773
740	0.00226754
741	0.00226754
742	0.00226991
743	0.00227182
744	0.00227489
745	0.00227802
746	0.00227807
747	0.00227664
748	0.00227814
749	0.00227977
750	0.00228304
751	0.00228673
752	0.00228662
753	0.00228471
754	0.00228579
755	0.00228649
756	0.00229168
757	0.00229444
758	0.00229498
759	0.00229273
760	0.00229131
761	0.0022934
762	0.00229734
763	0.00230087
764	0.00230149
765	0.00230027
766	0.00229647
767	0.00229778
768	0.00230284
769	0.00230652
770	0.00230864
771	0.00230436
772	0.00230236
773	0.00230356
774	0.00230709
775	0.00231059
776	0.00231162
777	0.00230975
778	0.0023072
779	0.00230743
780	0.00231148
781	0.00231514
782	0.00231446
783	0.00231342
784	0.00231149
785	0.0023115
786	0.00231315
787	0.00231701
788	0.00231707
789	0.00231717
790	0.00231567
791	0.00231543
792	0.00231587
793	0.00231862
794	0.00231893
795	0.00231781
796	0.00231837
797	0.00231632
798	0.00231744
799	0.0023196
800	0.00232032
801	0.00231945
802	0.00231957
803	0.00231751
804	0.00231947
805	0.00231954
806	0.00231974
807	0.00231976
808	0.00231896
809	0.00231732
810	0.00231796
811	0.00231772
812	0.00231821
813	0.00231662
814	0.00231748
815	0.00231449
816	0.00231451
817	0.00231348
818	0.00231449
819	0.00231447
820	0.00231327
821	0.00231072
822	0.00231007
823	0.00230938
824	0.00230881
825	0.00231029
826	0.00230757
827	0.00230562
828	0.00230295
829	0.00230281
830	0.00230321
831	0.00230535
832	0.002301
833	0.00229766
834	0.00229537
835	0.00229574
836	0.00229637
837	0.00229518
838	0.00229253
839	0.0022908
840	0.00228647
841	0.00228696
842	0.00228642
843	0.00228723
844	0.00228358
845	0.00227859
846	0.00227569
847	0.00227709
848	0.00227765
849	0.00227569
850	0.00227213
851	0.00226645
852	0.00226553
853	0.00226532
854	0.00226452
855	0.00226243
856	0.00225954
857	0.00225348
858	0.00225137
859	0.00225159
860	0.00225092
861	0.00224754
862	0.00224318
863	0.00223771
864	0.0022381
865	0.00223681
866	0.0022347
867	0.00223094
868	0.00222596
869	0.00222148
870	0.00222143
871	0.00221959
872	0.00221631
873	0.00221203
874	0.00220705
875	0.00220216
876	0.00220224
877	0.00219964
878	0.00219549
879	0.00219078
880	0.00218592
881	0.00218234
882	0.00218021
883	0.00217735
884	0.0021726
885	0.00216738
886	0.00216179
887	0.0021598
888	0.00215647
889	0.00215236
890	0.00214771
891	0.00214142
892	0.00213658
893	0.00213243
894	0.00213015
895	0.00212506
896	0.00211967
897	0.00211316
898	0.00210916
899	0.00210498
900	0.00210041
901	0.00209535
902	0.00208857
903	0.00208345
904	0.00207957
905	0.00207349
906	0.00206855
907	0.00206191
908	0.00205646
909	0.00205181
910	0.00204615
911	0.00203989
912	0.00203396
913	0.00202815
914	0.00202222
915	0.00201639
916	0.00201051
917	0.00200451
918	0.00199786
919	0.00198963
920	0.00198413
921	0.00197945
922	0.0019731
923	0.00196648
924	0.00195753
925	0.00195101
926	0.00194614
927	0.00194005
928	0.00193344
929	0.00192485
930	0.00191691
931	0.00191118
932	0.00190477
933	0.00189812
934	0.00189155
935	0.00188295
936	0.0018748
937	0.00186916
938	0.00186268
939	0.0018552
940	0.00184765
941	0.00184006
942	0.00183269
943	0.00182568
944	0.00181847
945	0.00181072
946	0.00180356
947	0.00179496
948	0.00178854
949	0.00178087
950	0.00177373
951	0.00176603
952	0.00175845
953	0.0017499
954	0.0017433
955	0.00173555
956	0.00172918
957	0.00171973
958	0.00171151
959	0.00170364
960	0.00169712
961	0.00169113
962	0.00168252
963	0.00167458
964	0.00166579
965	0.00165889
966	0.00165266
967	0.00164529
968	0.00163728
969	0.00162867
970	0.00162085
971	0.00161378
972	0.0016068
973	0.00159996
974	0.001592
975	0.00158322
976	0.00157546
977	0.00156895
978	0.00156201
979	0.00155441
980	0.00154679
981	0.0015384
982	0.00153072
983	0.0015237
984	0.00151684
985	0.00150991
986	0.00150235
987	0.00149368
988	0.00148588
989	0.00148031
990	0.00147255
991	0.001465
992	0.00145763
993	0.00144985
994	0.00144199
995	0.00143518
996	0.00142865
997	0.00142156
998	0.00141454
999	0.00140606
1000	0.00139818
1001	0.00139101
1002	0.0013853
1003	0.00137822
1004	0.00137129
1005	0.00136333
1006	0.00135644
1007	0.00134886
1008	0.0013428
1009	0.0013363
1010	0.00132962
1011	0.00132208
1012	0.00131401
1013	0.00130681
1014	0.00130085
1015	0.00129495
1016	0.00128806
1017	0.00128036
1018	0.00127303
1019	0.00126673
1020	0.00125948
1021	0.00125336
1022	0.00124694
1023	0.00123991
1024	0.00123246
1025	0.00122576
1026	0.0012198
1027	0.00121312
1028	0.00120704
1029	0.00120049
1030	0.00119326
1031	0.00118644
1032	0.00118052
1033	0.00117442
1034	0.00116755
1035	0.00116181
1036	0.0011561
1037	0.00114891
1038	0.00114256
1039	0.0011368
1040	0.00113135
1041	0.00112492
1042	0.00111861
1043	0.00111266
1044	0.0011068
1045	0.00110051
1046	0.00109503
1047	0.00108945
1048	0.00108443
1049	0.00107869
1050	0.00107307
1051	0.00106705
1052	0.00106171
1053	0.00105623
1054	0.00105138
1055	0.00104604
1056	0.00104172
1057	0.00103607
1058	0.00103064
1059	0.00102544
1060	0.00102025
1061	0.00101626
1062	0.00101121
1063	0.00100633
1064	0.00100195
1065	0.000996128
1066	0.000991689
1067	0.000987873
1068	0.000983189
1069	0.000978735
1070	0.000974927
1071	0.000970056
1072	0.00096562
1073	0.000961317
1074	0.000956608
1075	0.000952609
1076	0.000949096
1077	0.00094503
1078	0.000940632
1079	0.00093677
1080	0.000932249
1081	0.000928412
1082	0.000925121
1083	0.000921172
1084	0.000918155
1085	0.000913513
1086	0.000909609
1087	0.000906502
1088	0.0009029
1089	0.000899631
1090	0.000895893
1091	0.000892216
1092	0.000889223
1093	0.000885172
1094	0.000881339
1095	0.000878263
1096	0.000874709
1097	0.000871158
1098	0.000868277
1099	0.000865394
1100	0.000861634
1101	0.000858313
1102	0.00085499
1103	0.000851356
1104	0.000848298
1105	0.00084517
1106	0.000842489
1107	0.000839155
1108	0.000835459
1109	0.000832688
1110	0.000829121
1111	0.000825978
1112	0.000822796
1113	0.000819858
1114	0.000817497
1115	0.000813998
1116	0.000810712
1117	0.000808234
1118	0.000804968
1119	0.000801628
1120	0.000798846
1121	0.000796084
1122	0.000793227
1123	0.000790165
1124	0.00078695
1125	0.000783794
1126	0.000780955
1127	0.000777483
1128	0.00077497
1129	0.000771931
1130	0.00076915
1131	0.000765999
1132	0.000763007
1133	0.000759936
1134	0.000756637
1135	0.000753593
1136	0.0007507
1137	0.000747589
1138	0.000744775
1139	0.000741672
1140	0.000738948
1141	0.000735734
1142	0.00073267
1143	0.000729529
1144	0.000726241
1145	0.000723234
1146	0.000720227
1147	0.000717402
1148	0.000714577
1149	0.000711437
1150	0.000708483
1151	0.000706051
1152	0.000702692
1153	0.00069937
1154	0.000696308
1155	0.000693115
1156	0.00068991
1157	0.000686765
1158	0.000683946
1159	0.000680408
1160	0.000676926
1161	0.000674097
1162	0.000670598
1163	0.000667385
1164	0.000664566
1165	0.00066161
1166	0.000658299
1167	0.000654768
1168	0.00065132
1169	0.000648074
1170	0.000645173
1171	0.000642032
1172	0.000639048
1173	0.000635719
1174	0.000632107
1175	0.000629048
1176	0.00062606
1177	0.000622313
1178	0.000619033
1179	0.000615772
1180	0.000612879
1181	0.000609419
1182	0.000606149
1183	0.000602658
1184	0.000599456
1185	0.000596877
1186	0.000593227
1187	0.000589617
1188	0.000586646
1189	0.000583151
1190	0.000580138
1191	0.00057693
1192	0.000573476
1193	0.000569875
1194	0.000566545
1195	0.000563532
1196	0.000559915
1197	0.000556596
1198	0.000553446
1199	0.000550377
1200	0.000546638
1201	0.00054349
1202	0.000540538
1203	0.000537181
1204	0.000533716
1205	0.000530403
1206	0.000527069
1207	0.000523612
1208	0.000520282
1209	0.000517446
1210	0.000513902
1211	0.000510625
1212	0.000507986
1213	0.00050461
1214	0.000501482
1215	0.000498068
1216	0.000494882
1217	0.000492072
1218	0.000489113
1219	0.000486228
1220	0.000483267
1221	0.000480047
1222	0.000477549
1223	0.000475016
1224	0.000471807
1225	0.00046889
1226	0.000466212
1227	0.000463497
1228	0.000460413
1229	0.000457955
1230	0.000454858
1231	0.000452038
1232	0.000449392
1233	0.000446804
1234	0.000444087
1235	0.000441487
1236	0.000438747
1237	0.00043652
1238	0.000434135
1239	0.000431565
1240	0.000428931
1241	0.000426394
1242	0.000424582
1243	0.000422052
1244	0.000419332
1245	0.000416771
1246	0.00041457
1247	0.000411806
1248	0.000409426
1249	0.000406895
1250	0.000404423
1251	0.000401924
1252	0.000399653
1253	0.000396995
1254	0.000394067
1255	0.000391642
1256	0.000389379
1257	0.00038691
1258	0.000384212
1259	0.000381326
1260	0.000378781
1261	0.000376402
1262	0.000373537
1263	0.000370899
1264	0.00036809
1265	0.000365412
1266	0.000362644
1267	0.000359867
1268	0.000357295
1269	0.000354535
1270	0.000351888
1271	0.000349459
1272	0.000346331
1273	0.000343539
1274	0.000341107
1275	0.000338101
1276	0.000335161
