1	0.0858385
2	0.0101603
3	0.00607465
4	0.00585702
5	0.00527289
6	0.00529295
7	0.00500166
8	0.00521548
9	0.00520528
10	0.00531206
11	0.00524287
12	0.00503087
13	0.00465056
14	0.00422247
15	0.00394214
16	0.00373732
17	0.0035888
18	0.00347201
19	0.0033817
20	0.00328658
21	0.00317741
22	0.00304077
23	0.00289252
24	0.00272925
25	0.00256366
26	0.00240447
27	0.00225304
28	0.00210571
29	0.00197243
30	0.00184569
31	0.00172656
32	0.0016189
33	0.00152268
34	0.00143427
35	0.00135591
36	0.00128376
37	0.00121899
38	0.00115838
39	0.00110402
40	0.00105304
41	0.0010079
42	0.000964998
43	0.000926593
44	0.000890516
45	0.000857229
46	0.000828022
47	0.000800193
48	0.000774937
49	7.84468e-05
50	7.59962e-05
51	7.37564e-05
52	7.17011e-05
53	6.97261e-05
54	6.79072e-05
55	6.62197e-05
56	6.45712e-05
57	6.30758e-05
58	6.16722e-05
59	6.03481e-05
60	5.90669e-05
61	5.78867e-05
62	5.67567e-05
63	5.57004e-05
64	5.46818e-05
65	5.37066e-05
66	5.27777e-05
67	5.18827e-05
68	5.1039e-05
69	5.02161e-05
70	4.94431e-05
71	4.86992e-05
72	4.79735e-05
73	4.72976e-05
74	4.66179e-05
75	4.59762e-05
76	4.53402e-05
77	4.47432e-05
78	4.41394e-05
79	4.35523e-05
80	4.29954e-05
81	4.24464e-05
82	4.19148e-05
83	4.14008e-05
84	4.09112e-05
85	4.04216e-05
86	3.99341e-05
87	3.94775e-05
88	3.90341e-05
89	3.85985e-05
90	3.81614e-05
91	3.77483e-05
92	3.73475e-05
93	3.69553e-05
94	3.65767e-05
95	3.62253e-05
96	3.58816e-05
97	3.55344e-05
98	3.51956e-05
99	3.48693e-05
100	3.4547e-05
101	3.42212e-05
102	3.39037e-05
103	3.35922e-05
104	3.32857e-05
105	3.29873e-05
106	3.26873e-05
107	3.24041e-05
108	3.21294e-05
109	3.18646e-05
110	3.16152e-05
111	3.13749e-05
112	3.11327e-05
113	3.08925e-05
114	3.06548e-05
115	3.04303e-05
116	3.01986e-05
117	2.99734e-05
118	2.97538e-05
119	2.95406e-05
120	2.93365e-05
121	2.91377e-05
122	2.89495e-05
123	2.87694e-05
124	2.85906e-05
125	2.84208e-05
126	2.82505e-05
127	2.80844e-05
128	2.79231e-05
129	2.77695e-05
130	2.76238e-05
131	2.74757e-05
132	2.73342e-05
133	2.71991e-05
134	2.70676e-05
135	2.69475e-05
136	2.68322e-05
137	2.67127e-05
138	2.65994e-05
139	2.64912e-05
140	2.63837e-05
141	2.62754e-05
142	2.61735e-05
143	2.60796e-05
144	2.59804e-05
145	2.58814e-05
146	2.57894e-05
147	2.57003e-05
148	2.56222e-05
149	2.55524e-05
150	2.54782e-05
151	2.5403e-05
152	2.53273e-05
153	2.5259e-05
154	2.51915e-05
155	2.51194e-05
156	2.50516e-05
157	2.49794e-05
158	2.49125e-05
159	2.48492e-05
160	2.47899e-05
161	2.47317e-05
162	2.46742e-05
163	2.46165e-05
164	2.45646e-05
165	2.45072e-05
166	2.44492e-05
167	2.43908e-05
168	2.43322e-05
169	2.42762e-05
170	2.42265e-05
171	2.41737e-05
172	2.412e-05
173	2.40658e-05
174	2.40186e-05
175	2.39756e-05
176	2.39311e-05
177	2.38913e-05
178	2.3848e-05
179	2.38017e-05
180	2.37584e-05
181	2.37164e-05
182	2.36686e-05
183	2.36224e-05
184	2.35819e-05
185	2.35378e-05
186	2.34984e-05
187	2.3463e-05
188	2.34286e-05
189	2.33979e-05
190	2.33604e-05
191	2.33272e-05
192	2.32969e-05
193	2.32689e-05
194	2.32366e-05
195	2.31996e-05
196	2.31626e-05
197	2.31303e-05
198	2.30994e-05
199	2.30706e-05
200	2.30451e-05
201	2.30135e-05
202	2.29883e-05
203	2.29662e-05
204	2.29481e-05
205	2.29234e-05
206	2.29007e-05
207	2.2877e-05
208	2.28514e-05
209	2.28244e-05
210	2.28006e-05
211	2.27751e-05
212	2.27494e-05
213	2.27225e-05
214	2.26939e-05
215	2.26701e-05
216	2.26472e-05
217	2.26292e-05
218	2.2607e-05
219	2.25815e-05
220	2.25579e-05
221	2.25323e-05
222	2.25099e-05
223	2.24868e-05
224	2.24623e-05
225	2.24339e-05
226	2.24071e-05
227	2.23815e-05
228	2.23623e-05
229	2.23415e-05
230	2.23211e-05
231	2.22986e-05
232	2.22743e-05
233	2.22472e-05
234	2.22269e-05
235	2.22029e-05
236	2.21795e-05
237	2.21529e-05
238	2.21254e-05
239	2.20983e-05
240	2.20712e-05
241	2.20517e-05
242	2.20283e-05
243	2.20078e-05
244	2.19843e-05
245	2.19576e-05
246	2.19352e-05
247	2.19085e-05
248	2.18839e-05
249	2.18594e-05
250	2.18378e-05
251	2.18123e-05
252	2.17872e-05
253	2.17663e-05
254	2.17428e-05
255	2.17234e-05
256	2.17041e-05
257	2.16844e-05
258	2.16603e-05
259	2.16379e-05
260	2.16188e-05
261	2.15981e-05
262	2.15749e-05
263	2.15523e-05
264	2.15318e-05
265	2.15102e-05
266	2.14937e-05
267	2.14737e-05
268	2.14573e-05
269	2.14372e-05
270	2.14164e-05
271	2.13981e-05
272	2.13821e-05
273	2.13622e-05
274	2.13491e-05
275	2.13283e-05
276	2.13056e-05
277	2.12891e-05
278	2.12688e-05
279	2.12535e-05
280	2.12386e-05
281	2.12247e-05
282	2.12074e-05
283	2.11912e-05
284	2.11811e-05
285	2.11645e-05
286	2.11474e-05
287	2.11323e-05
288	2.1117e-05
289	2.10987e-05
290	2.10813e-05
291	2.10684e-05
292	2.10516e-05
293	2.104e-05
294	2.10241e-05
295	2.10105e-05
296	2.09938e-05
297	2.09783e-05
298	2.09656e-05
299	2.09553e-05
300	2.09359e-05
301	2.09237e-05
302	2.09118e-05
303	2.08969e-05
304	2.08855e-05
305	2.08773e-05
306	2.0865e-05
307	2.08562e-05
308	2.0847e-05
309	2.08378e-05
310	2.08246e-05
311	2.08168e-05
312	2.08064e-05
313	2.07949e-05
314	2.07855e-05
315	2.07766e-05
316	2.07648e-05
317	2.07561e-05
318	2.07483e-05
319	2.07404e-05
320	2.07313e-05
321	2.07225e-05
322	2.07105e-05
323	2.07039e-05
324	2.0695e-05
325	2.0689e-05
326	2.06807e-05
327	2.06744e-05
328	2.06685e-05
329	2.06609e-05
330	2.06565e-05
331	2.06495e-05
332	2.06456e-05
333	2.06403e-05
334	2.06332e-05
335	2.06318e-05
336	2.06236e-05
337	2.06176e-05
338	2.06148e-05
339	2.06124e-05
340	2.06109e-05
341	2.06093e-05
342	2.06043e-05
343	2.06019e-05
344	2.0595e-05
345	2.05933e-05
346	2.05918e-05
347	2.05909e-05
348	2.05912e-05
349	2.05871e-05
350	2.05864e-05
351	2.05823e-05
352	2.05828e-05
353	2.05831e-05
354	2.05814e-05
355	2.05816e-05
356	2.05843e-05
357	2.05826e-05
358	2.05825e-05
359	2.05804e-05
360	2.05805e-05
361	2.05817e-05
362	2.05837e-05
363	2.05902e-05
364	2.05902e-05
365	2.05907e-05
366	2.05914e-05
367	2.05934e-05
368	2.05945e-05
369	2.06003e-05
370	2.06059e-05
371	2.06079e-05
372	2.06112e-05
373	2.06163e-05
374	2.06168e-05
375	2.06202e-05
376	2.06284e-05
377	2.06316e-05
378	2.06366e-05
379	2.06436e-05
380	2.06476e-05
381	2.06482e-05
382	2.06506e-05
383	2.06609e-05
384	2.06666e-05
385	2.06709e-05
386	2.06789e-05
387	2.06841e-05
388	2.06908e-05
389	2.06939e-05
390	2.07001e-05
391	2.07034e-05
392	2.07105e-05
393	2.07215e-05
394	2.07297e-05
395	2.0736e-05
396	2.07419e-05
397	2.07485e-05
398	2.07521e-05
399	2.07607e-05
400	2.07708e-05
401	2.07767e-05
402	2.07865e-05
403	2.07921e-05
404	2.07971e-05
405	2.08032e-05
406	2.08158e-05
407	2.08224e-05
408	2.0832e-05
409	2.08432e-05
410	2.0852e-05
411	2.08579e-05
412	2.08667e-05
413	2.08751e-05
414	2.08832e-05
415	2.08908e-05
416	2.09051e-05
417	2.09122e-05
418	2.0921e-05
419	2.0929e-05
420	2.09364e-05
421	2.09451e-05
422	2.09527e-05
423	2.09631e-05
424	2.09707e-05
425	2.09789e-05
426	2.0987e-05
427	2.09931e-05
428	2.10014e-05
429	2.1007e-05
430	2.10204e-05
431	2.10294e-05
432	2.10351e-05
433	2.1042e-05
434	2.10505e-05
435	2.1055e-05
436	2.1065e-05
437	2.10756e-05
438	2.10835e-05
439	2.10869e-05
440	2.10953e-05
441	2.1105e-05
442	2.11096e-05
443	2.11187e-05
444	2.11223e-05
445	2.11287e-05
446	2.11347e-05
447	2.11468e-05
448	2.11539e-05
449	2.11585e-05
450	2.11633e-05
451	2.11698e-05
452	2.11732e-05
453	2.11851e-05
454	2.11951e-05
455	2.11924e-05
456	2.12017e-05
457	2.12024e-05
458	2.12073e-05
459	2.12106e-05
460	2.12224e-05
461	2.12313e-05
462	2.12431e-05
463	2.1251e-05
464	2.12516e-05
465	2.12528e-05
466	2.12625e-05
467	2.12748e-05
468	2.12871e-05
469	2.12964e-05
470	2.13075e-05
471	2.13074e-05
472	2.13062e-05
473	2.13207e-05
474	2.13315e-05
475	2.13469e-05
476	2.13537e-05
477	2.13598e-05
478	2.13645e-05
479	2.13646e-05
480	2.13752e-05
481	2.13867e-05
482	2.13965e-05
483	2.14068e-05
484	2.14106e-05
485	2.14154e-05
486	2.1416e-05
487	2.14287e-05
488	2.14406e-05
489	2.14512e-05
490	2.14592e-05
491	2.14671e-05
492	2.14676e-05
493	2.14746e-05
494	2.14855e-05
495	2.14967e-05
496	2.15067e-05
497	2.15111e-05
498	2.15212e-05
499	2.15239e-05
500	2.15296e-05
501	2.15405e-05
502	2.1546e-05
503	2.15591e-05
504	2.15679e-05
505	2.15762e-05
506	2.15826e-05
507	2.15884e-05
508	2.15965e-05
509	2.16005e-05
510	2.1615e-05
511	2.16233e-05
512	2.16389e-05
513	2.16453e-05
514	2.16564e-05
515	2.16609e-05
516	2.16719e-05
517	2.16871e-05
518	2.16924e-05
519	2.17038e-05
520	2.17168e-05
521	2.17273e-05
522	2.17327e-05
523	2.17409e-05
524	2.176e-05
525	2.17716e-05
526	2.17808e-05
527	2.17957e-05
528	2.18014e-05
529	2.18026e-05
530	2.18144e-05
531	2.18375e-05
532	2.18482e-05
533	2.1863e-05
534	2.18738e-05
535	2.1881e-05
536	2.18877e-05
537	2.18964e-05
538	2.19153e-05
539	2.19262e-05
540	2.19415e-05
541	2.19561e-05
542	2.19605e-05
543	2.19633e-05
544	2.19781e-05
545	2.19969e-05
546	2.20087e-05
547	2.20337e-05
548	2.20419e-05
549	2.20438e-05
550	2.20471e-05
551	2.20609e-05
552	2.2076e-05
553	2.20962e-05
554	2.21224e-05
555	2.21238e-05
556	2.21236e-05
557	2.2127e-05
558	2.21465e-05
559	2.21661e-05
560	2.21928e-05
561	2.22039e-05
562	2.22132e-05
563	2.22142e-05
564	2.22142e-05
565	2.22367e-05
566	2.22558e-05
567	2.22814e-05
568	2.22959e-05
569	2.23056e-05
570	2.23087e-05
571	2.23053e-05
572	2.23237e-05
573	2.23453e-05
574	2.23711e-05
575	2.2387e-05
576	2.23956e-05
577	2.23982e-05
578	2.23973e-05
579	2.24159e-05
580	2.24429e-05
581	2.24668e-05
582	2.24759e-05
583	2.24843e-05
584	2.2484e-05
585	2.24882e-05
586	2.25104e-05
587	2.25379e-05
588	2.25548e-05
589	2.25597e-05
590	2.25748e-05
591	2.25727e-05
592	2.25838e-05
593	2.26109e-05
594	2.26319e-05
595	2.26408e-05
596	2.26583e-05
597	2.26638e-05
598	2.26632e-05
599	2.26773e-05
600	2.26979e-05
601	2.27143e-05
602	2.27339e-05
603	2.27514e-05
604	2.27458e-05
605	2.27501e-05
606	2.27631e-05
607	2.27839e-05
608	2.28096e-05
609	2.28208e-05
610	2.28302e-05
611	2.2827e-05
612	2.2836e-05
613	2.28495e-05
614	2.28756e-05
615	2.2892e-05
616	2.28954e-05
617	2.28992e-05
618	2.29065e-05
619	2.2918e-05
620	2.294e-05
621	2.29622e-05
622	2.29818e-05
623	2.29806e-05
624	2.29869e-05
625	2.30054e-05
626	2.30059e-05
627	2.30268e-05
628	2.30376e-05
629	2.30567e-05
630	2.30663e-05
631	2.30748e-05
632	2.30827e-05
633	2.30773e-05
634	2.30988e-05
635	2.31133e-05
636	2.31322e-05
637	2.31403e-05
638	2.31552e-05
639	2.31548e-05
640	2.31521e-05
641	2.31842e-05
642	2.31987e-05
643	2.32041e-05
644	2.32225e-05
645	2.32292e-05
646	2.32241e-05
647	2.32463e-05
648	2.32615e-05
649	2.32759e-05
650	2.32837e-05
651	2.33012e-05
652	2.33066e-05
653	2.33076e-05
654	2.33186e-05
655	2.33224e-05
656	2.33349e-05
657	2.33521e-05
658	2.3358e-05
659	2.33664e-05
660	2.33658e-05
661	2.3386e-05
662	2.33955e-05
663	2.34009e-05
664	2.34245e-05
665	2.3443e-05
666	2.34414e-05
667	2.34329e-05
668	2.34449e-05
669	2.34672e-05
670	2.34843e-05
671	2.35036e-05
672	2.35106e-05
673	2.3495e-05
674	2.34979e-05
675	2.35121e-05
676	2.35353e-05
677	2.35457e-05
678	2.35566e-05
679	2.35591e-05
680	2.35459e-05
681	2.35595e-05
682	2.35839e-05
683	2.36073e-05
684	2.36201e-05
685	2.36377e-05
686	2.36235e-05
687	2.36213e-05
688	2.36533e-05
689	2.36774e-05
690	2.36974e-05
691	2.37021e-05
692	2.37121e-05
693	2.37102e-05
694	2.37119e-05
695	2.37433e-05
696	2.3767e-05
697	2.37871e-05
698	2.37981e-05
699	2.37951e-05
700	2.37914e-05
701	2.38133e-05
702	2.38347e-05
703	2.38524e-05
704	2.38741e-05
705	2.38825e-05
706	2.38769e-05
707	2.387e-05
708	2.38984e-05
709	2.39266e-05
710	2.39552e-05
711	2.39477e-05
712	2.39574e-05
713	2.39542e-05
714	2.39635e-05
715	2.40028e-05
716	2.40339e-05
717	2.40521e-05
718	2.40636e-05
719	2.4066e-05
720	2.40726e-05
721	2.40913e-05
722	2.41363e-05
723	2.41487e-05
724	2.41573e-05
725	2.41732e-05
726	2.41816e-05
727	2.41884e-05
728	2.42237e-05
729	2.42423e-05
730	2.42611e-05
731	2.42676e-05
732	2.4292e-05
733	2.42898e-05
734	2.42945e-05
735	2.43261e-05
736	2.43441e-05
737	2.43675e-05
738	2.43998e-05
739	2.44115e-05
740	2.44084e-05
741	2.44293e-05
742	2.44543e-05
743	2.44747e-05
744	2.45102e-05
745	2.45293e-05
746	2.45229e-05
747	2.45249e-05
748	2.45475e-05
749	2.45731e-05
750	2.46053e-05
751	2.46317e-05
752	2.46195e-05
753	2.46198e-05
754	2.46271e-05
755	2.46614e-05
756	2.46951e-05
757	2.47142e-05
758	2.47159e-05
759	2.47026e-05
760	2.47062e-05
761	2.47344e-05
762	2.47679e-05
763	2.47915e-05
764	2.47891e-05
765	2.47871e-05
766	2.47775e-05
767	2.47954e-05
768	2.48366e-05
769	2.48518e-05
770	2.48601e-05
771	2.48512e-05
772	2.48466e-05
773	2.48594e-05
774	2.48822e-05
775	2.49023e-05
776	2.4919e-05
777	2.4914e-05
778	2.49085e-05
779	2.49079e-05
780	2.49259e-05
781	2.49433e-05
782	2.49586e-05
783	2.4965e-05
784	2.49649e-05
785	2.49446e-05
786	2.49545e-05
787	2.49665e-05
788	2.49936e-05
789	2.50066e-05
790	2.50111e-05
791	2.4983e-05
792	2.49779e-05
793	2.4991e-05
794	2.50126e-05
795	2.50377e-05
796	2.50368e-05
797	2.50031e-05
798	2.49901e-05
799	2.50102e-05
800	2.50297e-05
801	2.50546e-05
802	2.50473e-05
803	2.50147e-05
804	2.49963e-05
805	2.50215e-05
806	2.50385e-05
807	2.50471e-05
808	2.50434e-05
809	2.50176e-05
810	2.49887e-05
811	2.50098e-05
812	2.50264e-05
813	2.50234e-05
814	2.50166e-05
815	2.49898e-05
816	2.49621e-05
817	2.49868e-05
818	2.50021e-05
819	2.49998e-05
820	2.49756e-05
821	2.49505e-05
822	2.49246e-05
823	2.49491e-05
824	2.4964e-05
825	2.4956e-05
826	2.4925e-05
827	2.4889e-05
828	2.48695e-05
829	2.48947e-05
830	2.4907e-05
831	2.48967e-05
832	2.48634e-05
833	2.48182e-05
834	2.48004e-05
835	2.4821e-05
836	2.48321e-05
837	2.4812e-05
838	2.47745e-05
839	2.47389e-05
840	2.47158e-05
841	2.47327e-05
842	2.47341e-05
843	2.47164e-05
844	2.46802e-05
845	2.4644e-05
846	2.46134e-05
847	2.46248e-05
848	2.46205e-05
849	2.46028e-05
850	2.45634e-05
851	2.4532e-05
852	2.44999e-05
853	2.44938e-05
854	2.44894e-05
855	2.44643e-05
856	2.44274e-05
857	2.44039e-05
858	2.43671e-05
859	2.4342e-05
860	2.43285e-05
861	2.43037e-05
862	2.42682e-05
863	2.42473e-05
864	2.42097e-05
865	2.41791e-05
866	2.41565e-05
867	2.41257e-05
868	2.40978e-05
869	2.40725e-05
870	2.40278e-05
871	2.39916e-05
872	2.39586e-05
873	2.39237e-05
874	2.39011e-05
875	2.38664e-05
876	2.38159e-05
877	2.37717e-05
878	2.37341e-05
879	2.36955e-05
880	2.36774e-05
881	2.36397e-05
882	2.35811e-05
883	2.35291e-05
884	2.34857e-05
885	2.34496e-05
886	2.34193e-05
887	2.33774e-05
888	2.33181e-05
889	2.326e-05
890	2.32104e-05
891	2.31753e-05
892	2.31365e-05
893	2.30841e-05
894	2.30223e-05
895	2.2965e-05
896	2.29116e-05
897	2.28705e-05
898	2.28237e-05
899	2.2767e-05
900	2.2703e-05
901	2.26407e-05
902	2.25842e-05
903	2.2536e-05
904	2.2483e-05
905	2.24248e-05
906	2.23506e-05
907	2.2291e-05
908	2.22302e-05
909	2.21728e-05
910	2.21134e-05
911	2.20499e-05
912	2.19787e-05
913	2.19151e-05
914	2.18514e-05
915	2.17845e-05
916	2.17172e-05
917	2.16523e-05
918	2.15791e-05
919	2.1511e-05
920	2.14396e-05
921	2.13687e-05
922	2.12979e-05
923	2.12264e-05
924	2.11546e-05
925	2.10836e-05
926	2.10121e-05
927	2.09375e-05
928	2.08595e-05
929	2.07823e-05
930	2.0704e-05
931	2.06339e-05
932	2.0556e-05
933	2.04814e-05
934	2.0406e-05
935	2.03277e-05
936	2.02409e-05
937	2.01666e-05
938	2.00903e-05
939	2.00141e-05
940	1.99384e-05
941	1.98545e-05
942	1.977e-05
943	1.96919e-05
944	1.96108e-05
945	1.95347e-05
946	1.94603e-05
947	1.93725e-05
948	1.9282e-05
949	1.92032e-05
950	1.91233e-05
951	1.90529e-05
952	1.89733e-05
953	1.88847e-05
954	1.88e-05
955	1.87102e-05
956	1.86356e-05
957	1.8561e-05
958	1.84834e-05
959	1.83946e-05
960	1.83106e-05
961	1.82241e-05
962	1.81504e-05
963	1.80743e-05
964	1.79992e-05
965	1.79156e-05
966	1.7824e-05
967	1.77361e-05
968	1.76601e-05
969	1.75864e-05
970	1.75075e-05
971	1.74266e-05
972	1.73338e-05
973	1.72445e-05
974	1.71708e-05
975	1.70961e-05
976	1.70217e-05
977	1.69395e-05
978	1.68498e-05
979	1.67599e-05
980	1.66821e-05
981	1.66132e-05
982	1.6537e-05
983	1.64525e-05
984	1.63638e-05
985	1.62773e-05
986	1.62045e-05
987	1.61324e-05
988	1.60541e-05
989	1.59733e-05
990	1.58841e-05
991	1.57973e-05
992	1.57253e-05
993	1.56525e-05
994	1.55802e-05
995	1.54974e-05
996	1.54122e-05
997	1.53309e-05
998	1.52566e-05
999	1.51818e-05
1000	1.51102e-05
1001	1.50283e-05
1002	1.49483e-05
1003	1.48679e-05
1004	1.47931e-05
1005	1.47206e-05
1006	1.46501e-05
1007	1.45738e-05
1008	1.44958e-05
1009	1.44149e-05
1010	1.43394e-05
1011	1.42679e-05
1012	1.41937e-05
1013	1.41199e-05
1014	1.4046e-05
1015	1.39675e-05
1016	1.38921e-05
1017	1.38187e-05
1018	1.37488e-05
1019	1.36799e-05
1020	1.36029e-05
1021	1.35284e-05
1022	1.34523e-05
1023	1.33807e-05
1024	1.33099e-05
1025	1.32392e-05
1026	1.317e-05
1027	1.30976e-05
1028	1.30213e-05
1029	1.29522e-05
1030	1.28856e-05
1031	1.2816e-05
1032	1.27482e-05
1033	1.26793e-05
1034	1.26074e-05
1035	1.25381e-05
1036	1.24725e-05
1037	1.24056e-05
1038	1.23391e-05
1039	1.22761e-05
1040	1.22086e-05
1041	1.21389e-05
1042	1.20702e-05
1043	1.20083e-05
1044	1.19478e-05
1045	1.18869e-05
1046	1.18225e-05
1047	1.17561e-05
1048	1.16935e-05
1049	1.16344e-05
1050	1.15794e-05
1051	1.15227e-05
1052	1.14644e-05
1053	1.14008e-05
1054	1.13417e-05
1055	1.12841e-05
1056	1.12323e-05
1057	1.11791e-05
1058	1.11237e-05
1059	1.10693e-05
1060	1.10159e-05
1061	1.0961e-05
1062	1.09053e-05
1063	1.0856e-05
1064	1.08076e-05
1065	1.07601e-05
1066	1.0712e-05
1067	1.0664e-05
1068	1.0609e-05
1069	1.05536e-05
1070	1.05096e-05
1071	1.04685e-05
1072	1.04233e-05
1073	1.03766e-05
1074	1.03296e-05
1075	1.02797e-05
1076	1.02341e-05
1077	1.01922e-05
1078	1.01513e-05
1079	1.01112e-05
1080	1.00676e-05
1081	1.00236e-05
1082	9.98211e-06
1083	9.93831e-06
1084	9.89734e-06
1085	9.85533e-06
1086	9.81879e-06
1087	9.78362e-06
1088	9.74419e-06
1089	9.70163e-06
1090	9.65872e-06
1091	9.61994e-06
1092	9.58414e-06
1093	9.54784e-06
1094	9.51163e-06
1095	9.47426e-06
1096	9.43618e-06
1097	9.39605e-06
1098	9.35986e-06
1099	9.32302e-06
1100	9.28665e-06
1101	9.25252e-06
1102	9.22034e-06
1103	9.18462e-06
1104	9.14963e-06
1105	9.11381e-06
1106	9.07994e-06
1107	9.04536e-06
1108	9.00974e-06
1109	8.97745e-06
1110	8.94685e-06
1111	8.91359e-06
1112	8.88133e-06
1113	8.84822e-06
1114	8.81659e-06
1115	8.78362e-06
1116	8.75111e-06
1117	8.72096e-06
1118	8.68787e-06
1119	8.65714e-06
1120	8.62976e-06
1121	8.60057e-06
1122	8.56786e-06
1123	8.5365e-06
1124	8.50464e-06
1125	8.47069e-06
1126	8.44096e-06
1127	8.41157e-06
1128	8.38027e-06
1129	8.34771e-06
1130	8.31486e-06
1131	8.28328e-06
1132	8.25048e-06
1133	8.21618e-06
1134	8.18544e-06
1135	8.1556e-06
1136	8.12474e-06
1137	8.09194e-06
1138	8.05947e-06
1139	8.02769e-06
1140	7.99412e-06
1141	7.9602e-06
1142	7.92795e-06
1143	7.89663e-06
1144	7.86523e-06
1145	7.83366e-06
1146	7.80102e-06
1147	7.76822e-06
1148	7.73461e-06
1149	7.70154e-06
1150	7.66951e-06
1151	7.63665e-06
1152	7.60501e-06
1153	7.57292e-06
1154	7.53755e-06
1155	7.50524e-06
1156	7.47056e-06
1157	7.43724e-06
1158	7.40358e-06
1159	7.36945e-06
1160	7.33652e-06
1161	7.3041e-06
1162	7.27191e-06
1163	7.23846e-06
1164	7.2024e-06
1165	7.16891e-06
1166	7.13491e-06
1167	7.10144e-06
1168	7.06709e-06
1169	7.03257e-06
1170	6.99968e-06
1171	6.9655e-06
1172	6.92991e-06
1173	6.89427e-06
1174	6.85815e-06
1175	6.82184e-06
1176	6.78842e-06
1177	6.75215e-06
1178	6.71758e-06
1179	6.6815e-06
1180	6.64493e-06
1181	6.61021e-06
1182	6.57476e-06
1183	6.53608e-06
1184	6.49997e-06
1185	6.46621e-06
1186	6.43017e-06
1187	6.39456e-06
1188	6.35606e-06
1189	6.3198e-06
1190	6.2856e-06
1191	6.24956e-06
1192	6.21339e-06
1193	6.177e-06
1194	6.13946e-06
1195	6.10218e-06
1196	6.06239e-06
1197	6.02732e-06
1198	5.99485e-06
1199	5.9594e-06
1200	5.92303e-06
1201	5.88743e-06
1202	5.85097e-06
1203	5.81278e-06
1204	5.77772e-06
1205	5.74288e-06
1206	5.70639e-06
1207	5.67155e-06
1208	5.63545e-06
1209	5.60339e-06
1210	5.56909e-06
1211	5.5297e-06
1212	5.4985e-06
1213	5.46234e-06
1214	5.42874e-06
1215	5.39171e-06
1216	5.35545e-06
1217	5.32281e-06
1218	5.29001e-06
1219	5.2564e-06
1220	5.22244e-06
1221	5.18819e-06
1222	5.15864e-06
1223	5.12766e-06
1224	5.09544e-06
1225	5.06283e-06
1226	5.02906e-06
1227	4.99888e-06
1228	4.96863e-06
1229	4.93969e-06
1230	4.91012e-06
1231	4.88146e-06
1232	4.85116e-06
1233	4.82309e-06
1234	4.79414e-06
1235	4.76568e-06
1236	4.73485e-06
1237	4.70733e-06
1238	4.67942e-06
1239	4.65271e-06
1240	4.62592e-06
1241	4.59918e-06
1242	4.57342e-06
1243	4.54721e-06
1244	4.51917e-06
1245	4.49127e-06
1246	4.4647e-06
1247	4.43736e-06
1248	4.41074e-06
1249	4.38288e-06
1250	4.35395e-06
1251	4.3266e-06
1252	4.29895e-06
1253	4.27187e-06
1254	4.24162e-06
1255	4.21342e-06
1256	4.18583e-06
1257	4.15653e-06
1258	4.12646e-06
1259	4.09608e-06
1260	4.06805e-06
1261	4.03959e-06
1262	4.01153e-06
1263	3.98187e-06
1264	3.95266e-06
1265	3.92436e-06
1266	3.89597e-06
1267	3.86685e-06
1268	3.83796e-06
1269	3.80888e-06
1270	3.78068e-06
1271	3.75172e-06
1272	3.72187e-06
1273	3.69253e-06
1274	3.66483e-06
1275	3.63564e-06
1276	3.6062e-06
