1	1
2	0.203892
3	0.135271
4	0.142348
5	0.0520177
6	0.0297012
7	0.019703
8	0.0132208
9	0.00939453
10	0.00768551
11	0.00673403
12	0.0056035
13	0.00496346
14	0.004791
15	0.00462392
16	0.00450382
17	0.00442912
18	0.00438651
19	0.00436349
20	0.00430641
21	0.0042465
22	0.0041684
23	0.00410634
24	0.00405604
25	0.00398951
26	0.00391059
27	0.00383434
28	0.00375859
29	0.00369403
30	0.0036359
31	0.00359718
32	0.00356605
33	0.00354555
34	0.00353984
35	0.00353159
36	0.0035327
37	0.00353262
38	0.00353713
39	0.00354444
40	0.00354614
41	0.00355146
42	0.00355572
43	0.00355909
44	0.0035676
45	0.0035748
46	0.0035848
47	0.00359368
48	0.00360587
49	0.00361812
50	0.00363023
51	0.00364319
52	0.00365567
53	0.00366843
54	0.00368336
55	0.00369992
56	0.00371552
57	0.00373052
58	0.00374181
59	0.00375146
60	0.00376122
61	0.00376684
62	0.00377228
63	0.00377706
64	0.00377779
65	0.00377866
66	0.00377961
67	0.003783
68	0.00378645
69	0.0037929
70	0.0037994
71	0.00380726
72	0.00381269
73	0.00381678
74	0.00381939
75	0.00382419
76	0.0038325
77	0.00384305
78	0.00384994
79	0.00385971
80	0.00387072
81	0.00388301
82	0.00389372
83	0.00390664
84	0.00391852
85	0.00393397
86	0.00395005
87	0.00396571
88	0.00398329
89	0.00400004
90	0.0040169
91	0.00403519
92	0.00405408
93	0.00407178
94	0.00409208
95	0.00411112
96	0.00413055
97	0.004151
98	0.00416818
99	0.00418781
100	0.00420738
101	0.00422773
102	0.00424788
103	0.0042706
104	0.00429159
105	0.00431244
106	0.00433199
107	0.00435027
108	0.00436817
109	0.00438449
110	0.00440596
111	0.00442828
112	0.00444894
113	0.00447161
114	0.00449663
115	0.00451832
116	0.00454349
117	0.00456749
118	0.00458985
119	0.00461289
120	0.00463734
121	0.00465768
122	0.00468176
123	0.00470608
124	0.00472605
125	0.00475018
126	0.00477242
127	0.00479542
128	0.00481709
129	0.00483921
130	0.00486322
131	0.0048856
132	0.00490846
133	0.00493237
134	0.00495143
135	0.00497388
136	0.00499667
137	0.00501726
138	0.00503993
139	0.00505974
140	0.00507897
141	0.00509609
142	0.00511599
143	0.00513274
144	0.00514888
145	0.00516585
146	0.00518092
147	0.00519152
148	0.00520559
149	0.00521825
150	0.00522664
151	0.00523197
152	0.00523894
153	0.005244
154	0.00524596
155	0.00524787
156	0.00524811
157	0.00524288
158	0.00523862
159	0.00523186
160	0.00522238
161	0.00521011
162	0.00519712
163	0.00518357
164	0.00516588
165	0.0051436
166	0.0051208
167	0.0050939
168	0.00506334
169	0.00502784
170	0.0049929
171	0.00495706
172	0.00492165
173	0.0048819
174	0.00484537
175	0.00480638
176	0.00476478
177	0.00472472
178	0.00468499
179	0.00464495
180	0.00460539
181	0.00456652
182	0.00452782
183	0.00448803
184	0.00445003
185	0.00441086
186	0.00437402
187	0.00433654
188	0.00429824
189	0.00426171
190	0.00422622
191	0.0041907
192	0.00415455
193	0.00412045
194	0.00408616
195	0.00405316
196	0.00401911
197	0.003987
198	0.00395462
199	0.00392239
200	0.00389283
201	0.00386155
202	0.00383072
203	0.0038015
204	0.00377333
205	0.00374507
206	0.00371752
207	0.00369087
208	0.00366459
209	0.00363782
210	0.00361262
211	0.00358715
212	0.00356452
213	0.00354006
214	0.0035172
215	0.00349419
216	0.00347439
217	0.00345329
218	0.0034326
219	0.00341325
220	0.00339493
221	0.00337582
222	0.00335755
223	0.00333882
224	0.00332082
225	0.00330265
226	0.00328758
227	0.00327046
228	0.00325499
229	0.00323941
230	0.00322499
231	0.00321205
232	0.00319614
233	0.00318142
234	0.00316836
235	0.0031535
236	0.0031413
237	0.00312709
238	0.00311212
239	0.00309708
240	0.00308427
241	0.00307334
242	0.00306359
243	0.00305112
244	0.00303728
245	0.00302305
246	0.00301134
247	0.0029993
248	0.00299003
249	0.0029805
250	0.00296749
251	0.00295533
252	0.00294208
253	0.00293133
254	0.00292107
255	0.0029142
256	0.00290382
257	0.00289092
258	0.00288066
259	0.00286896
260	0.00286012
261	0.00285341
262	0.00284507
263	0.00283275
264	0.00282135
265	0.00281277
266	0.00280356
267	0.00279504
268	0.00278792
269	0.00278103
270	0.00277056
271	0.00276157
272	0.00275348
273	0.00274528
274	0.00273827
275	0.00273223
276	0.00272378
277	0.0027162
278	0.0027083
279	0.00270062
280	0.00269254
281	0.00268685
282	0.00268122
283	0.00267399
284	0.00266789
285	0.0026609
286	0.00265371
287	0.00264797
288	0.0026419
289	0.00263717
290	0.00263049
291	0.00262544
292	0.00261934
293	0.00261284
294	0.00260778
295	0.00260282
296	0.00259887
297	0.00259345
298	0.00258985
299	0.00258485
300	0.00257829
301	0.00257445
302	0.00257017
303	0.00256611
304	0.00256216
305	0.00255864
306	0.00255411
307	0.00254919
308	0.00254553
309	0.00254198
310	0.00253852
311	0.00253564
312	0.00253129
313	0.00252818
314	0.00252337
315	0.00252012
316	0.00251791
317	0.00251396
318	0.00251132
319	0.0025079
320	0.00250479
321	0.00250042
322	0.00249734
323	0.00249544
324	0.00249197
325	0.00248971
326	0.0024858
327	0.00248286
328	0.00247947
329	0.00247791
330	0.00247555
331	0.00247145
332	0.00246946
333	0.00246574
334	0.00246297
335	0.00246162
336	0.00245959
337	0.00245734
338	0.00245412
339	0.00245192
340	0.00244941
341	0.00244679
342	0.00244515
343	0.00244332
344	0.00244151
345	0.00243823
346	0.00243618
347	0.00243389
348	0.00243199
349	0.00243049
350	0.00242942
351	0.00242717
352	0.00242526
353	0.00242379
354	0.00242082
355	0.00241932
356	0.00241814
357	0.00241787
358	0.00241487
359	0.00241344
360	0.00241203
361	0.00240969
362	0.00240824
363	0.00240744
364	0.00240702
365	0.00240467
366	0.00240422
367	0.00240258
368	0.00240096
369	0.00239919
370	0.00239899
371	0.00239851
372	0.00239614
373	0.00239571
374	0.00239478
375	0.00239335
376	0.00239151
377	0.00239206
378	0.00239097
379	0.00238891
380	0.00238865
381	0.00238778
382	0.00238611
383	0.00238566
384	0.00238566
385	0.00238413
386	0.0023823
387	0.00238249
388	0.00238222
389	0.00238059
390	0.00237932
391	0.00238026
392	0.00237781
393	0.0023771
394	0.00237755
395	0.00237668
396	0.00237496
397	0.00237387
398	0.00237501
399	0.00237317
400	0.0023718
401	0.00237218
402	0.00237142
403	0.00236998
404	0.00236902
405	0.00237054
406	0.00236828
407	0.0023682
408	0.0023682
409	0.00236772
410	0.00236579
411	0.00236525
412	0.00236708
413	0.00236491
414	0.00236485
415	0.00236451
416	0.00236426
417	0.00236276
418	0.00236299
419	0.00236422
420	0.00236222
421	0.00236195
422	0.00236203
423	0.00236185
424	0.00236137
425	0.00236194
426	0.0023619
427	0.00236032
428	0.00236004
429	0.00236011
430	0.00236057
431	0.00235996
432	0.00236004
433	0.00235972
434	0.00235878
435	0.00235897
436	0.00235967
437	0.00235933
438	0.00235811
439	0.00235858
440	0.00235864
441	0.00235739
442	0.00235768
443	0.0023578
444	0.00235732
445	0.00235715
446	0.002357
447	0.00235713
448	0.00235683
449	0.0023565
450	0.00235666
451	0.00235611
452	0.00235553
453	0.00235565
454	0.0023561
455	0.00235593
456	0.00235557
457	0.002356
458	0.00235591
459	0.00235576
460	0.00235589
461	0.00235549
462	0.00235532
463	0.00235541
464	0.00235621
465	0.00235625
466	0.00235649
467	0.00235606
468	0.00235536
469	0.00235619
470	0.00235667
471	0.00235697
472	0.00235706
473	0.00235734
474	0.00235699
475	0.00235668
476	0.00235731
477	0.00235818
478	0.00235842
479	0.00235942
480	0.00235874
481	0.0023584
482	0.0023585
483	0.00235926
484	0.00236021
485	0.00236094
486	0.00236066
487	0.00236062
488	0.00236101
489	0.00236107
490	0.00236117
491	0.00236277
492	0.00236334
493	0.00236308
494	0.00236275
495	0.0023631
496	0.00236447
497	0.00236404
498	0.0023656
499	0.0023665
500	0.00236624
501	0.00236573
502	0.00236572
503	0.00236783
504	0.00236811
505	0.0023695
506	0.0023698
507	0.00236946
508	0.00236927
509	0.0023695
510	0.00237134
511	0.00237247
512	0.00237373
513	0.00237351
514	0.00237374
515	0.00237309
516	0.00237457
517	0.00237587
518	0.00237669
519	0.00237833
520	0.00237808
521	0.00237765
522	0.00237859
523	0.0023792
524	0.00238111
525	0.00238214
526	0.00238293
527	0.00238295
528	0.00238276
529	0.00238344
530	0.00238456
531	0.00238646
532	0.0023875
533	0.00238813
534	0.00238855
535	0.00238858
536	0.00238918
537	0.00239081
538	0.00239214
539	0.00239336
540	0.00239404
541	0.00239439
542	0.00239428
543	0.00239517
544	0.00239685
545	0.00239945
546	0.00239969
547	0.00240033
548	0.00240051
549	0.0024011
550	0.00240214
551	0.00240399
552	0.00240609
553	0.0024063
554	0.00240704
555	0.00240687
556	0.00240816
557	0.0024094
558	0.0024117
559	0.00241271
560	0.00241369
561	0.00241346
562	0.00241393
563	0.00241495
564	0.00241706
565	0.00241935
566	0.00241924
567	0.00242018
568	0.00242083
569	0.00242166
570	0.00242257
571	0.00242455
572	0.00242595
573	0.00242644
574	0.00242786
575	0.00242786
576	0.00242936
577	0.00243048
578	0.00243172
579	0.0024334
580	0.00243377
581	0.00243523
582	0.00243604
583	0.00243734
584	0.00243852
585	0.00243984
586	0.00244019
587	0.00244219
588	0.00244279
589	0.00244374
590	0.00244571
591	0.00244587
592	0.00244683
593	0.00244812
594	0.00245036
595	0.00245076
596	0.00245213
597	0.00245254
598	0.00245301
599	0.00245485
600	0.00245585
601	0.00245733
602	0.00245944
603	0.00246066
604	0.00245959
605	0.00246059
606	0.00246241
607	0.00246337
608	0.00246497
609	0.00246662
610	0.0024678
611	0.0024664
612	0.00246808
613	0.00246891
614	0.00247054
615	0.00247166
616	0.00247374
617	0.00247385
618	0.0024739
619	0.00247456
620	0.00247582
621	0.00247763
622	0.00247906
623	0.0024794
624	0.00247936
625	0.00248002
626	0.00248023
627	0.00248112
628	0.0024832
629	0.00248399
630	0.00248447
631	0.00248424
632	0.00248512
633	0.00248497
634	0.00248695
635	0.00248794
636	0.00248842
637	0.00248847
638	0.00248894
639	0.00248945
640	0.00249004
641	0.00249162
642	0.00249194
643	0.00249233
644	0.00249305
645	0.00249254
646	0.00249302
647	0.00249483
648	0.00249524
649	0.00249571
650	0.00249625
651	0.00249636
652	0.00249548
653	0.00249617
654	0.00249769
655	0.00249771
656	0.00249822
657	0.0024991
658	0.00249795
659	0.00249812
660	0.00249925
661	0.00250022
662	0.00250074
663	0.00250078
664	0.0025006
665	0.00250076
666	0.00250091
667	0.00250117
668	0.00250133
669	0.00250254
670	0.0025025
671	0.00250203
672	0.00250251
673	0.00250166
674	0.00250245
675	0.00250296
676	0.00250352
677	0.00250336
678	0.00250314
679	0.00250321
680	0.00250274
681	0.00250323
682	0.00250393
683	0.00250387
684	0.00250362
685	0.00250431
686	0.00250344
687	0.00250356
688	0.00250448
689	0.00250376
690	0.0025035
691	0.00250375
692	0.00250425
693	0.00250354
694	0.00250361
695	0.00250238
696	0.00250235
697	0.00250344
698	0.00250311
699	0.00250289
700	0.0025028
701	0.00250082
702	0.00250011
703	0.00250087
704	0.00250122
705	0.00250132
706	0.00250087
707	0.00249885
708	0.0024972
709	0.0024977
710	0.00249814
711	0.00249855
712	0.00249843
713	0.00249685
714	0.00249458
715	0.00249351
716	0.00249392
717	0.0024945
718	0.0024943
719	0.00249247
720	0.0024907
721	0.00248826
722	0.00248931
723	0.00248938
724	0.00248863
725	0.00248734
726	0.00248496
727	0.00248374
728	0.00248317
729	0.00248296
730	0.00248253
731	0.0024811
732	0.00247944
733	0.0024781
734	0.00247717
735	0.00247659
736	0.00247537
737	0.00247451
738	0.00247214
739	0.00246981
740	0.00246916
741	0.00246853
742	0.00246698
743	0.0024661
744	0.00246337
745	0.00246114
746	0.00246036
747	0.00245995
748	0.0024586
749	0.00245669
750	0.00245376
751	0.00245167
752	0.00245042
753	0.00245019
754	0.00244825
755	0.00244721
756	0.00244389
757	0.00244113
758	0.00243961
759	0.00243871
760	0.00243721
761	0.0024361
762	0.00243308
763	0.0024296
764	0.002427
765	0.00242699
766	0.00242491
767	0.00242398
768	0.00242114
769	0.00241729
770	0.00241441
771	0.00241321
772	0.00241285
773	0.00241046
774	0.00240802
775	0.00240427
776	0.00240055
777	0.002399
778	0.00239815
779	0.00239626
780	0.00239397
781	0.00239
782	0.00238636
783	0.00238344
784	0.00238255
785	0.00238041
786	0.0023784
787	0.00237445
788	0.00237044
789	0.0023668
790	0.0023661
791	0.00236403
792	0.00236233
793	0.00235797
794	0.00235378
795	0.00235023
796	0.00234837
797	0.0023455
798	0.00234329
799	0.00233983
800	0.002336
801	0.00233196
802	0.00232907
803	0.00232635
804	0.00232394
805	0.0023212
806	0.00231653
807	0.00231175
808	0.00230797
809	0.00230586
810	0.002303
811	0.00229955
812	0.00229446
813	0.00229019
814	0.00228622
815	0.00228359
816	0.00228057
817	0.0022771
818	0.00227215
819	0.00226793
820	0.00226382
821	0.00226029
822	0.0022571
823	0.00225371
824	0.0022488
825	0.00224478
826	0.00224059
827	0.00223637
828	0.00223271
829	0.0022292
830	0.00222448
831	0.00222017
832	0.00221578
833	0.00221124
834	0.00220719
835	0.0022032
836	0.00219897
837	0.00219389
838	0.00218898
839	0.00218526
840	0.0021807
841	0.00217677
842	0.00217177
843	0.00216672
844	0.00216212
845	0.00215709
846	0.00215259
847	0.00214849
848	0.00214334
849	0.00213864
850	0.00213394
851	0.00212841
852	0.00212397
853	0.00211852
854	0.00211385
855	0.00210894
856	0.00210418
857	0.00209913
858	0.00209379
859	0.00208732
860	0.00208286
861	0.00207807
862	0.00207293
863	0.002068
864	0.00206266
865	0.00205642
866	0.00205121
867	0.00204618
868	0.00204154
869	0.0020363
870	0.00203062
871	0.00202427
872	0.00201832
873	0.00201363
874	0.00200879
875	0.00200291
876	0.00199692
877	0.00199052
878	0.00198499
879	0.00198031
880	0.00197488
881	0.00196894
882	0.00196274
883	0.00195595
884	0.00195025
885	0.00194487
886	0.00193929
887	0.00193326
888	0.00192677
889	0.00192036
890	0.00191449
891	0.00190836
892	0.0019025
893	0.00189629
894	0.00188975
895	0.00188379
896	0.00187773
897	0.00187129
898	0.00186494
899	0.00185873
900	0.00185259
901	0.00184628
902	0.00183962
903	0.00183317
904	0.00182688
905	0.00182066
906	0.00181423
907	0.00180765
908	0.0018009
909	0.00179429
910	0.00178791
911	0.00178156
912	0.00177518
913	0.00176834
914	0.00176138
915	0.00175475
916	0.00174856
917	0.00174213
918	0.00173524
919	0.00172844
920	0.00172103
921	0.00171456
922	0.00170809
923	0.00170204
924	0.00169515
925	0.00168792
926	0.00168133
927	0.00167467
928	0.00166875
929	0.00166193
930	0.00165473
931	0.00164811
932	0.00164152
933	0.001635
934	0.00162909
935	0.00162232
936	0.0016151
937	0.00160866
938	0.00160217
939	0.00159626
940	0.00158999
941	0.00158305
942	0.00157629
943	0.00157038
944	0.0015643
945	0.00155824
946	0.00155213
947	0.0015455
948	0.00153881
949	0.00153279
950	0.00152698
951	0.00152167
952	0.00151538
953	0.0015091
954	0.00150302
955	0.00149736
956	0.00149174
957	0.0014859
958	0.00147984
959	0.00147381
960	0.00146822
961	0.00146326
962	0.00145786
963	0.00145205
964	0.00144623
965	0.00144084
966	0.00143548
967	0.00143033
968	0.00142479
969	0.00141952
970	0.0014145
971	0.00140988
972	0.0014044
973	0.00139913
974	0.00139394
975	0.00138904
976	0.0013848
977	0.00137994
978	0.00137484
979	0.00137032
980	0.00136567
981	0.00136102
982	0.00135679
983	0.00135228
984	0.00134758
985	0.00134288
986	0.00133871
987	0.00133432
988	0.00132987
989	0.00132577
990	0.00132114
991	0.00131654
992	0.00131191
993	0.00130787
994	0.00130438
995	0.00130001
996	0.00129542
997	0.00129073
998	0.00128616
999	0.00128187
1000	0.00127835
1001	0.00127389
1002	0.00126996
1003	0.00126534
1004	0.0012608
1005	0.00125634
1006	0.00125229
1007	0.00124865
1008	0.00124513
1009	0.00124075
1010	0.0012361
1011	0.00123142
1012	0.00122696
1013	0.001223
1014	0.00121911
1015	0.00121519
1016	0.00121089
1017	0.00120631
1018	0.0012018
1019	0.00119778
1020	0.0011941
1021	0.00119019
1022	0.00118582
1023	0.0011813
1024	0.00117691
1025	0.00117265
1026	0.00116909
1027	0.00116562
1028	0.00116139
1029	0.00115724
1030	0.00115303
1031	0.00114876
1032	0.00114456
1033	0.00114159
1034	0.00113807
1035	0.00113418
1036	0.00113004
1037	0.00112573
1038	0.0011215
1039	0.00111822
1040	0.0011154
1041	0.00111173
1042	0.00110811
1043	0.00110435
1044	0.00110008
1045	0.00109598
1046	0.001093
1047	0.00109061
1048	0.00108764
1049	0.00108436
1050	0.00108111
1051	0.0010775
1052	0.00107354
1053	0.00107025
1054	0.00106777
1055	0.00106525
1056	0.00106237
1057	0.00105885
1058	0.00105532
1059	0.00105181
1060	0.00104804
1061	0.0010452
1062	0.00104223
1063	0.00103934
1064	0.0010362
1065	0.00103272
1066	0.00102903
1067	0.00102574
1068	0.00102228
1069	0.001019
1070	0.00101603
1071	0.00101338
1072	0.00100986
1073	0.00100633
1074	0.00100248
1075	0.00099894
1076	0.000995363
1077	0.000992039
1078	0.000988857
1079	0.000985694
1080	0.000982583
1081	0.000978961
1082	0.000975276
1083	0.000971428
1084	0.000968006
1085	0.000964463
1086	0.000961083
1087	0.000957587
1088	0.000954399
1089	0.000950771
1090	0.000947187
1091	0.000943578
1092	0.000940333
1093	0.000936859
1094	0.000933135
1095	0.000929629
1096	0.000926338
1097	0.000923039
1098	0.000919794
1099	0.000916487
1100	0.000913221
1101	0.000909754
1102	0.000906418
1103	0.000902874
1104	0.000899679
1105	0.000896752
1106	0.000894105
1107	0.000891343
1108	0.000888253
1109	0.000885107
1110	0.00088205
1111	0.000879343
1112	0.000876349
1113	0.000873675
1114	0.000871128
1115	0.000868523
1116	0.000865792
1117	0.000863081
1118	0.000860318
1119	0.000857555
1120	0.000854989
1121	0.000852195
1122	0.000849683
1123	0.000846942
1124	0.000844242
1125	0.000841524
1126	0.000838748
1127	0.000835867
1128	0.000833084
1129	0.000830294
1130	0.000827531
1131	0.000824628
1132	0.000821673
1133	0.0008187
1134	0.000815799
1135	0.000812839
1136	0.000809628
1137	0.00080656
1138	0.000803351
1139	0.000800224
1140	0.000797296
1141	0.000794005
1142	0.000790715
1143	0.000787341
1144	0.000784037
1145	0.000780587
1146	0.000777192
1147	0.000773842
1148	0.000770357
1149	0.000767017
1150	0.000763764
1151	0.000760209
1152	0.000756525
1153	0.000752875
1154	0.00074931
1155	0.000745813
1156	0.000742087
1157	0.000738299
1158	0.000734774
1159	0.000731175
1160	0.000727401
1161	0.00072384
1162	0.000719933
1163	0.000715935
1164	0.000712147
1165	0.000708485
1166	0.000704747
1167	0.000700949
1168	0.000697147
1169	0.000693404
1170	0.000689491
1171	0.000685674
1172	0.000681814
1173	0.000677942
1174	0.000674184
1175	0.000670421
1176	0.000666633
1177	0.000662615
1178	0.000658694
1179	0.000654742
1180	0.000650959
1181	0.000647197
1182	0.000643312
1183	0.000639348
1184	0.000635461
1185	0.000631909
1186	0.000628135
1187	0.000624285
1188	0.000620486
1189	0.000616645
1190	0.00061297
1191	0.000609189
1192	0.00060552
1193	0.000601804
1194	0.000597995
1195	0.000594191
1196	0.000590429
1197	0.000586705
1198	0.000583067
1199	0.000579444
1200	0.000575725
1201	0.000572084
1202	0.000568519
1203	0.000564931
1204	0.000561411
1205	0.000557889
1206	0.000554462
1207	0.000550931
1208	0.000547352
1209	0.000543939
1210	0.000540442
1211	0.000536864
1212	0.000533581
1213	0.000530191
1214	0.000526708
1215	0.000523247
1216	0.000519853
1217	0.00051669
1218	0.000513371
1219	0.000510134
1220	0.000506681
1221	0.000503556
1222	0.000500218
1223	0.000497131
1224	0.000493711
1225	0.000490452
1226	0.000487358
1227	0.000484225
1228	0.000481073
1229	0.000478137
1230	0.000475026
1231	0.000472091
1232	0.000469037
1233	0.000465912
1234	0.000462879
1235	0.000459913
1236	0.000456887
1237	0.000454087
1238	0.000451063
1239	0.000448223
1240	0.000445411
1241	0.000442624
1242	0.000439823
1243	0.000436898
1244	0.000434164
1245	0.000431343
1246	0.000428679
1247	0.000425963
1248	0.000423268
1249	0.00042085
1250	0.000418063
1251	0.000415356
1252	0.000412848
1253	0.000410274
1254	0.000407657
1255	0.000405182
1256	0.000402809
1257	0.000400354
1258	0.000397936
1259	0.000395482
1260	0.000393127
1261	0.000390942
1262	0.000388541
1263	0.000386265
1264	0.000383957
1265	0.000381735
1266	0.000379559
1267	0.000377455
1268	0.000375387
1269	0.000373245
1270	0.00037112
1271	0.00036919
1272	0.000367147
1273	0.00036512
1274	0.0003632
1275	0.000361263
1276	0.000359328
