1	0.091168
2	0.0172003
3	0.00984325
4	0.01031
5	0.00327278
6	0.00173102
7	0.00104804
8	0.000722041
9	0.000527492
10	0.00043252
11	0.000380262
12	0.000330927
13	0.000304919
14	0.00029152
15	0.000281776
16	0.000276223
17	0.000275007
18	0.000274382
19	0.000274839
20	0.000277042
21	0.000278025
22	0.000279655
23	0.000281298
24	0.000283291
25	0.000283179
26	0.000283493
27	0.00028331
28	0.000283439
29	0.000283311
30	0.000284066
31	0.000284126
32	0.000285622
33	0.000287565
34	0.000289395
35	0.000292209
36	0.000294837
37	0.000298221
38	0.000300961
39	0.000304056
40	0.000306803
41	0.000309576
42	0.000312007
43	0.000315012
44	0.000317933
45	0.000321016
46	0.000324005
47	0.000327014
48	0.000329833
49	0.0003326
50	0.000335275
51	0.000337659
52	0.000340352
53	0.000342876
54	0.00034542
55	0.000347989
56	0.00035055
57	0.000352964
58	0.000355544
59	0.000357409
60	0.000359164
61	0.000361276
62	0.000362865
63	0.000364519
64	0.000366055
65	0.000367644
66	0.000369174
67	0.000370577
68	0.000371967
69	0.000373445
70	0.000374752
71	0.000376015
72	0.000377001
73	0.000378253
74	0.000379887
75	0.000381459
76	0.000382862
77	3.96813e-05
78	3.98589e-05
79	4.00426e-05
80	4.02416e-05
81	4.04505e-05
82	4.06787e-05
83	4.08985e-05
84	4.11186e-05
85	4.13325e-05
86	4.15624e-05
87	4.18025e-05
88	4.20408e-05
89	4.22809e-05
90	4.25129e-05
91	4.27469e-05
92	4.29964e-05
93	4.32547e-05
94	4.35146e-05
95	4.37713e-05
96	4.40236e-05
97	4.42819e-05
98	4.45431e-05
99	4.4821e-05
100	4.50904e-05
101	4.53467e-05
102	4.55918e-05
103	4.58364e-05
104	4.60922e-05
105	4.63426e-05
106	4.66072e-05
107	4.68801e-05
108	4.7146e-05
109	4.7413e-05
110	4.7694e-05
111	4.79732e-05
112	4.82544e-05
113	4.85402e-05
114	4.88213e-05
115	4.9097e-05
116	4.93645e-05
117	4.96472e-05
118	4.99319e-05
119	5.02372e-05
120	5.05116e-05
121	5.07905e-05
122	5.10678e-05
123	5.13517e-05
124	5.16249e-05
125	5.19071e-05
126	5.21885e-05
127	5.24665e-05
128	5.27459e-05
129	5.30301e-05
130	5.33162e-05
131	5.35945e-05
132	5.38938e-05
133	5.41896e-05
134	5.44763e-05
135	5.47737e-05
136	5.5061e-05
137	5.53323e-05
138	5.56069e-05
139	5.58442e-05
140	5.60993e-05
141	5.63077e-05
142	5.65401e-05
143	5.67206e-05
144	5.6906e-05
145	5.70882e-05
146	5.7261e-05
147	5.74014e-05
148	5.75745e-05
149	5.7725e-05
150	5.78603e-05
151	5.79406e-05
152	5.80151e-05
153	5.80825e-05
154	5.81313e-05
155	5.81605e-05
156	5.81803e-05
157	5.81322e-05
158	5.80855e-05
159	5.80047e-05
160	5.79218e-05
161	5.77933e-05
162	5.76657e-05
163	5.75303e-05
164	5.73346e-05
165	5.70922e-05
166	5.68409e-05
167	5.65534e-05
168	5.62153e-05
169	5.5835e-05
170	5.54593e-05
171	5.50681e-05
172	5.46594e-05
173	5.42376e-05
174	5.38052e-05
175	5.33812e-05
176	5.29348e-05
177	5.24971e-05
178	5.20569e-05
179	5.16065e-05
180	5.11547e-05
181	5.07129e-05
182	5.0272e-05
183	4.98332e-05
184	4.93998e-05
185	4.89553e-05
186	4.85369e-05
187	4.8111e-05
188	4.76779e-05
189	4.72634e-05
190	4.68601e-05
191	4.64655e-05
192	4.60604e-05
193	4.56709e-05
194	4.52736e-05
195	4.48973e-05
196	4.45159e-05
197	4.41445e-05
198	4.37763e-05
199	4.34116e-05
200	4.30639e-05
201	4.27103e-05
202	4.23637e-05
203	4.20311e-05
204	4.16973e-05
205	4.13758e-05
206	4.10636e-05
207	4.07561e-05
208	4.04611e-05
209	4.01566e-05
210	3.98687e-05
211	3.95863e-05
212	3.93179e-05
213	3.90486e-05
214	3.87867e-05
215	3.8537e-05
216	3.83094e-05
217	3.80817e-05
218	3.78522e-05
219	3.76364e-05
220	3.74377e-05
221	3.72296e-05
222	3.70307e-05
223	3.6835e-05
224	3.66444e-05
225	3.64599e-05
226	3.62883e-05
227	3.61176e-05
228	3.59515e-05
229	3.5777e-05
230	3.56156e-05
231	3.54626e-05
232	3.52951e-05
233	3.51369e-05
234	3.49833e-05
235	3.48264e-05
236	3.4682e-05
237	3.45264e-05
238	3.43765e-05
239	3.42294e-05
240	3.40909e-05
241	3.39584e-05
242	3.38324e-05
243	3.36975e-05
244	3.35618e-05
245	3.34274e-05
246	3.33038e-05
247	3.31745e-05
248	3.30566e-05
249	3.2935e-05
250	3.28017e-05
251	3.26823e-05
252	3.25673e-05
253	3.24557e-05
254	3.23327e-05
255	3.22286e-05
256	3.21243e-05
257	3.20122e-05
258	3.19054e-05
259	3.17928e-05
260	3.16913e-05
261	3.15867e-05
262	3.14941e-05
263	3.13942e-05
264	3.12861e-05
265	3.11865e-05
266	3.10884e-05
267	3.09949e-05
268	3.09053e-05
269	3.08296e-05
270	3.07395e-05
271	3.06468e-05
272	3.05554e-05
273	3.04753e-05
274	3.03961e-05
275	3.03197e-05
276	3.02382e-05
277	3.01645e-05
278	3.00818e-05
279	3.00096e-05
280	2.99411e-05
281	2.98709e-05
282	2.98004e-05
283	2.97366e-05
284	2.96727e-05
285	2.96051e-05
286	2.95393e-05
287	2.94786e-05
288	2.94214e-05
289	2.93614e-05
290	2.93038e-05
291	2.92407e-05
292	2.9183e-05
293	2.9133e-05
294	2.90846e-05
295	2.90367e-05
296	2.89827e-05
297	2.89352e-05
298	2.88867e-05
299	2.88415e-05
300	2.87908e-05
301	2.87477e-05
302	2.87109e-05
303	2.86638e-05
304	2.86249e-05
305	2.85822e-05
306	2.85456e-05
307	2.85003e-05
308	2.84647e-05
309	2.84378e-05
310	2.83955e-05
311	2.8358e-05
312	2.83206e-05
313	2.82932e-05
314	2.82496e-05
315	2.82206e-05
316	2.81971e-05
317	2.81585e-05
318	2.81228e-05
319	2.8093e-05
320	2.80669e-05
321	2.80263e-05
322	2.79948e-05
323	2.79734e-05
324	2.79425e-05
325	2.79103e-05
326	2.7877e-05
327	2.78568e-05
328	2.78231e-05
329	2.78032e-05
330	2.77798e-05
331	2.77441e-05
332	2.77171e-05
333	2.76823e-05
334	2.76637e-05
335	2.76468e-05
336	2.76204e-05
337	2.76005e-05
338	2.75767e-05
339	2.75517e-05
340	2.75238e-05
341	2.75079e-05
342	2.74908e-05
343	2.747e-05
344	2.74478e-05
345	2.74222e-05
346	2.74043e-05
347	2.73785e-05
348	2.73627e-05
349	2.73498e-05
350	2.73341e-05
351	2.73199e-05
352	2.72971e-05
353	2.72826e-05
354	2.72576e-05
355	2.72422e-05
356	2.72366e-05
357	2.72262e-05
358	2.72144e-05
359	2.71875e-05
360	2.71706e-05
361	2.71525e-05
362	2.71404e-05
363	2.71373e-05
364	2.71365e-05
365	2.71171e-05
366	2.7105e-05
367	2.70878e-05
368	2.70686e-05
369	2.70575e-05
370	2.70598e-05
371	2.70596e-05
372	2.70426e-05
373	2.70331e-05
374	2.7018e-05
375	2.69959e-05
376	2.69911e-05
377	2.69949e-05
378	2.69962e-05
379	2.69762e-05
380	2.69676e-05
381	2.69547e-05
382	2.69375e-05
383	2.69356e-05
384	2.69408e-05
385	2.69347e-05
386	2.69201e-05
387	2.69118e-05
388	2.69049e-05
389	2.68887e-05
390	2.6879e-05
391	2.68913e-05
392	2.6881e-05
393	2.68722e-05
394	2.68648e-05
395	2.6854e-05
396	2.68401e-05
397	2.68339e-05
398	2.68427e-05
399	2.68392e-05
400	2.68274e-05
401	2.68176e-05
402	2.68085e-05
403	2.67938e-05
404	2.67922e-05
405	2.68036e-05
406	2.67993e-05
407	2.67887e-05
408	2.67824e-05
409	2.67736e-05
410	2.67646e-05
411	2.67587e-05
412	2.6774e-05
413	2.67656e-05
414	2.67577e-05
415	2.6751e-05
416	2.67501e-05
417	2.67381e-05
418	2.67377e-05
419	2.6749e-05
420	2.674e-05
421	2.67349e-05
422	2.67296e-05
423	2.67273e-05
424	2.67204e-05
425	2.67251e-05
426	2.67296e-05
427	2.67192e-05
428	2.67139e-05
429	2.67082e-05
430	2.67074e-05
431	2.67037e-05
432	2.67063e-05
433	2.67091e-05
434	2.66998e-05
435	2.66955e-05
436	2.66969e-05
437	2.66915e-05
438	2.66857e-05
439	2.66868e-05
440	2.66932e-05
441	2.66856e-05
442	2.66841e-05
443	2.66814e-05
444	2.66728e-05
445	2.66721e-05
446	2.66756e-05
447	2.66835e-05
448	2.6679e-05
449	2.66735e-05
450	2.66745e-05
451	2.6664e-05
452	2.66672e-05
453	2.66682e-05
454	2.66729e-05
455	2.66712e-05
456	2.66664e-05
457	2.66683e-05
458	2.6665e-05
459	2.66635e-05
460	2.66682e-05
461	2.66706e-05
462	2.66677e-05
463	2.66646e-05
464	2.66675e-05
465	2.6661e-05
466	2.66682e-05
467	2.66702e-05
468	2.66714e-05
469	2.66714e-05
470	2.66746e-05
471	2.66749e-05
472	2.66719e-05
473	2.66772e-05
474	2.66805e-05
475	2.6688e-05
476	2.66892e-05
477	2.66891e-05
478	2.66895e-05
479	2.66915e-05
480	2.66966e-05
481	2.67009e-05
482	2.67072e-05
483	2.67042e-05
484	2.6709e-05
485	2.67152e-05
486	2.67146e-05
487	2.67192e-05
488	2.67235e-05
489	2.67326e-05
490	2.67261e-05
491	2.67331e-05
492	2.67406e-05
493	2.6743e-05
494	2.67476e-05
495	2.67484e-05
496	2.67604e-05
497	2.67532e-05
498	2.67595e-05
499	2.67751e-05
500	2.67817e-05
501	2.67829e-05
502	2.67829e-05
503	2.67935e-05
504	2.67922e-05
505	2.68032e-05
506	2.68127e-05
507	2.68196e-05
508	2.68219e-05
509	2.6822e-05
510	2.68315e-05
511	2.68366e-05
512	2.68514e-05
513	2.68532e-05
514	2.6865e-05
515	2.68639e-05
516	2.68719e-05
517	2.68807e-05
518	2.68869e-05
519	2.69002e-05
520	2.69054e-05
521	2.69186e-05
522	2.69242e-05
523	2.69234e-05
524	2.69353e-05
525	2.69493e-05
526	2.6958e-05
527	2.69639e-05
528	2.69754e-05
529	2.69788e-05
530	2.69789e-05
531	2.69922e-05
532	2.70072e-05
533	2.70179e-05
534	2.70349e-05
535	2.70378e-05
536	2.70427e-05
537	2.70445e-05
538	2.70585e-05
539	2.70707e-05
540	2.7087e-05
541	2.7103e-05
542	2.71057e-05
543	2.71097e-05
544	2.71195e-05
545	2.71362e-05
546	2.71436e-05
547	2.71617e-05
548	2.7176e-05
549	2.71808e-05
550	2.71856e-05
551	2.7194e-05
552	2.72089e-05
553	2.7222e-05
554	2.72436e-05
555	2.72511e-05
556	2.72616e-05
557	2.72683e-05
558	2.72789e-05
559	2.72913e-05
560	2.73103e-05
561	2.73192e-05
562	2.73289e-05
563	2.73364e-05
564	2.73458e-05
565	2.73653e-05
566	2.73731e-05
567	2.73918e-05
568	2.74011e-05
569	2.74138e-05
570	2.74198e-05
571	2.74327e-05
572	2.74456e-05
573	2.74566e-05
574	2.74799e-05
575	2.74797e-05
576	2.75012e-05
577	2.75119e-05
578	2.75217e-05
579	2.75327e-05
580	2.75435e-05
581	2.75655e-05
582	2.75743e-05
583	2.75926e-05
584	2.76042e-05
585	2.76148e-05
586	2.76164e-05
587	2.76364e-05
588	2.76495e-05
589	2.76611e-05
590	2.76896e-05
591	2.7687e-05
592	2.77002e-05
593	2.771e-05
594	2.77311e-05
595	2.77367e-05
596	2.77545e-05
597	2.77678e-05
598	2.77723e-05
599	2.77902e-05
600	2.7801e-05
601	2.7814e-05
602	2.78315e-05
603	2.78538e-05
604	2.78494e-05
605	2.78654e-05
606	2.78819e-05
607	2.78876e-05
608	2.78994e-05
609	2.79102e-05
610	2.79318e-05
611	2.79261e-05
612	2.79566e-05
613	2.79581e-05
614	2.79702e-05
615	2.79762e-05
616	2.79958e-05
617	2.80038e-05
618	2.80208e-05
619	2.80318e-05
620	2.80383e-05
621	2.80463e-05
622	2.80566e-05
623	2.80709e-05
624	2.80795e-05
625	2.80942e-05
626	2.80982e-05
627	2.81024e-05
628	2.81181e-05
629	2.81244e-05
630	2.81367e-05
631	2.81506e-05
632	2.81578e-05
633	2.81568e-05
634	2.81726e-05
635	2.81765e-05
636	2.81863e-05
637	2.81968e-05
638	2.82101e-05
639	2.8214e-05
640	2.82139e-05
641	2.82347e-05
642	2.82316e-05
643	2.82419e-05
644	2.82569e-05
645	2.82582e-05
646	2.82639e-05
647	2.8282e-05
648	2.8281e-05
649	2.82814e-05
650	2.82876e-05
651	2.82965e-05
652	2.83001e-05
653	2.83091e-05
654	2.83202e-05
655	2.83135e-05
656	2.83181e-05
657	2.83298e-05
658	2.83314e-05
659	2.83378e-05
660	2.83507e-05
661	2.83531e-05
662	2.83523e-05
663	2.83561e-05
664	2.83589e-05
665	2.83702e-05
666	2.83747e-05
667	2.83768e-05
668	2.83716e-05
669	2.83857e-05
670	2.83864e-05
671	2.83872e-05
672	2.8397e-05
673	2.83906e-05
674	2.83909e-05
675	2.83956e-05
676	2.84044e-05
677	2.84072e-05
678	2.84067e-05
679	2.84082e-05
680	2.84054e-05
681	2.84099e-05
682	2.84182e-05
683	2.84253e-05
684	2.84178e-05
685	2.84209e-05
686	2.84071e-05
687	2.84099e-05
688	2.84308e-05
689	2.84325e-05
690	2.84288e-05
691	2.84189e-05
692	2.84062e-05
693	2.8403e-05
694	2.84192e-05
695	2.84218e-05
696	2.84196e-05
697	2.84208e-05
698	2.84038e-05
699	2.8387e-05
700	2.83991e-05
701	2.8402e-05
702	2.84039e-05
703	2.84009e-05
704	2.83871e-05
705	2.83654e-05
706	2.83726e-05
707	2.8369e-05
708	2.83696e-05
709	2.83674e-05
710	2.83602e-05
711	2.8343e-05
712	2.83432e-05
713	2.83428e-05
714	2.83351e-05
715	2.83205e-05
716	2.83139e-05
717	2.8297e-05
718	2.82965e-05
719	2.82949e-05
720	2.82829e-05
721	2.82629e-05
722	2.8259e-05
723	2.82409e-05
724	2.82299e-05
725	2.82333e-05
726	2.82189e-05
727	2.81981e-05
728	2.81864e-05
729	2.81645e-05
730	2.81543e-05
731	2.81555e-05
732	2.81457e-05
733	2.81309e-05
734	2.81076e-05
735	2.80847e-05
736	2.80636e-05
737	2.80684e-05
738	2.80578e-05
739	2.80359e-05
740	2.80058e-05
741	2.79775e-05
742	2.79546e-05
743	2.79568e-05
744	2.7944e-05
745	2.79252e-05
746	2.78928e-05
747	2.78599e-05
748	2.78323e-05
749	2.78236e-05
750	2.78112e-05
751	2.77934e-05
752	2.77629e-05
753	2.77356e-05
754	2.76938e-05
755	2.76834e-05
756	2.76705e-05
757	2.76462e-05
758	2.76209e-05
759	2.75895e-05
760	2.75521e-05
761	2.75241e-05
762	2.75124e-05
763	2.74887e-05
764	2.74567e-05
765	2.74283e-05
766	2.73921e-05
767	2.73608e-05
768	2.73382e-05
769	2.73178e-05
770	2.7285e-05
771	2.72514e-05
772	2.7225e-05
773	2.71855e-05
774	2.71542e-05
775	2.71272e-05
776	2.71036e-05
777	2.707e-05
778	2.70388e-05
779	2.69911e-05
780	2.69615e-05
781	2.69306e-05
782	2.69049e-05
783	2.68678e-05
784	2.68332e-05
785	2.67877e-05
786	2.67518e-05
787	2.67174e-05
788	2.66843e-05
789	2.66475e-05
790	2.66164e-05
791	2.65726e-05
792	2.65375e-05
793	2.6487e-05
794	2.64501e-05
795	2.64121e-05
796	2.63841e-05
797	2.63353e-05
798	2.62902e-05
799	2.62418e-05
800	2.61985e-05
801	2.6162e-05
802	2.6129e-05
803	2.60854e-05
804	2.60388e-05
805	2.59904e-05
806	2.59376e-05
807	2.58894e-05
808	2.58468e-05
809	2.58115e-05
810	2.57639e-05
811	2.57161e-05
812	2.56613e-05
813	2.56076e-05
814	2.55597e-05
815	2.5527e-05
816	2.54748e-05
817	2.54277e-05
818	2.53725e-05
819	2.53197e-05
820	2.52669e-05
821	2.5223e-05
822	2.51734e-05
823	2.51268e-05
824	2.50718e-05
825	2.50202e-05
826	2.49586e-05
827	2.49014e-05
828	2.486e-05
829	2.48125e-05
830	2.47609e-05
831	2.47005e-05
832	2.46353e-05
833	2.45743e-05
834	2.45291e-05
835	2.44824e-05
836	2.44283e-05
837	2.43644e-05
838	2.43024e-05
839	2.42434e-05
840	2.41873e-05
841	2.41409e-05
842	2.40813e-05
843	2.40212e-05
844	2.39601e-05
845	2.38932e-05
846	2.38304e-05
847	2.37806e-05
848	2.37264e-05
849	2.36666e-05
850	2.35997e-05
851	2.353e-05
852	2.34675e-05
853	2.34061e-05
854	2.33552e-05
855	2.32946e-05
856	2.3227e-05
857	2.31567e-05
858	2.30899e-05
859	2.30241e-05
860	2.29684e-05
861	2.29097e-05
862	2.28408e-05
863	2.27662e-05
864	2.27055e-05
865	2.26404e-05
866	2.25761e-05
867	2.25156e-05
868	2.24442e-05
869	2.23731e-05
870	2.23118e-05
871	2.22462e-05
872	2.217e-05
873	2.21053e-05
874	2.20359e-05
875	2.19679e-05
876	2.18985e-05
877	2.183e-05
878	2.17581e-05
879	2.16854e-05
880	2.16168e-05
881	2.15543e-05
882	2.1481e-05
883	2.14088e-05
884	2.13311e-05
885	2.12531e-05
886	2.1184e-05
887	2.11216e-05
888	2.10484e-05
889	2.09731e-05
890	2.08936e-05
891	2.082e-05
892	2.07458e-05
893	2.06777e-05
894	2.06045e-05
895	2.05315e-05
896	2.04534e-05
897	2.03765e-05
898	2.0303e-05
899	2.02271e-05
900	2.01503e-05
901	2.00763e-05
902	2.00014e-05
903	1.99248e-05
904	1.98502e-05
905	1.97705e-05
906	1.96903e-05
907	1.9619e-05
908	1.95447e-05
909	1.94653e-05
910	1.93869e-05
911	1.93079e-05
912	1.92308e-05
913	1.91588e-05
914	1.90805e-05
915	1.90034e-05
916	1.89203e-05
917	1.88455e-05
918	1.87723e-05
919	1.86942e-05
920	1.8612e-05
921	1.85382e-05
922	1.84563e-05
923	1.83853e-05
924	1.83082e-05
925	1.82343e-05
926	1.81541e-05
927	1.80761e-05
928	1.79997e-05
929	1.79288e-05
930	1.7851e-05
931	1.77783e-05
932	1.77004e-05
933	1.76232e-05
934	1.75516e-05
935	1.74814e-05
936	1.74076e-05
937	1.73351e-05
938	1.7255e-05
939	1.71824e-05
940	1.7114e-05
941	1.7044e-05
942	1.6974e-05
943	1.69011e-05
944	1.68271e-05
945	1.67586e-05
946	1.66943e-05
947	1.66244e-05
948	1.65548e-05
949	1.64832e-05
950	1.64105e-05
951	1.63506e-05
952	1.62855e-05
953	1.62188e-05
954	1.61529e-05
955	1.60834e-05
956	1.6018e-05
957	1.59576e-05
958	1.58936e-05
959	1.58263e-05
960	1.57614e-05
961	1.57023e-05
962	1.56412e-05
963	1.55857e-05
964	1.55276e-05
965	1.54625e-05
966	1.54007e-05
967	1.53398e-05
968	1.5283e-05
969	1.52319e-05
970	1.51767e-05
971	1.51191e-05
972	1.50563e-05
973	1.50005e-05
974	1.49508e-05
975	1.49022e-05
976	1.4854e-05
977	1.47988e-05
978	1.47439e-05
979	1.46951e-05
980	1.46482e-05
981	1.46038e-05
982	1.45551e-05
983	1.45027e-05
984	1.44475e-05
985	1.43998e-05
986	1.43572e-05
987	1.4316e-05
988	1.42668e-05
989	1.42193e-05
990	1.41653e-05
991	1.41183e-05
992	1.40776e-05
993	1.40398e-05
994	1.39983e-05
995	1.39473e-05
996	1.38948e-05
997	1.38434e-05
998	1.38043e-05
999	1.37645e-05
1000	1.37256e-05
1001	1.36776e-05
1002	1.36274e-05
1003	1.35769e-05
1004	1.35334e-05
1005	1.3495e-05
1006	1.3455e-05
1007	1.34139e-05
1008	1.33676e-05
1009	1.33158e-05
1010	1.3268e-05
1011	1.32302e-05
1012	1.31889e-05
1013	1.31473e-05
1014	1.31017e-05
1015	1.30537e-05
1016	1.30062e-05
1017	1.29668e-05
1018	1.29261e-05
1019	1.28854e-05
1020	1.28438e-05
1021	1.27987e-05
1022	1.27502e-05
1023	1.27059e-05
1024	1.26683e-05
1025	1.26294e-05
1026	1.25897e-05
1027	1.25475e-05
1028	1.25031e-05
1029	1.24574e-05
1030	1.24216e-05
1031	1.23855e-05
1032	1.23468e-05
1033	1.23085e-05
1034	1.22674e-05
1035	1.22248e-05
1036	1.2183e-05
1037	1.21484e-05
1038	1.21141e-05
1039	1.20805e-05
1040	1.20443e-05
1041	1.20047e-05
1042	1.19657e-05
1043	1.19298e-05
1044	1.18964e-05
1045	1.18646e-05
1046	1.18317e-05
1047	1.17975e-05
1048	1.1761e-05
1049	1.17227e-05
1050	1.16917e-05
1051	1.1661e-05
1052	1.16289e-05
1053	1.15949e-05
1054	1.15616e-05
1055	1.15287e-05
1056	1.14943e-05
1057	1.14571e-05
1058	1.1425e-05
1059	1.13944e-05
1060	1.13617e-05
1061	1.13245e-05
1062	1.1289e-05
1063	1.12564e-05
1064	1.1221e-05
1065	1.11847e-05
1066	1.11503e-05
1067	1.11176e-05
1068	1.10829e-05
1069	1.10463e-05
1070	1.10108e-05
1071	1.09757e-05
1072	1.09401e-05
1073	1.09027e-05
1074	1.08649e-05
1075	1.08298e-05
1076	1.07935e-05
1077	1.07554e-05
1078	1.07186e-05
1079	1.06799e-05
1080	1.06457e-05
1081	1.06045e-05
1082	1.05673e-05
1083	1.05278e-05
1084	1.04919e-05
1085	1.04552e-05
1086	1.04165e-05
1087	1.03769e-05
1088	1.03372e-05
1089	1.02994e-05
1090	1.02601e-05
1091	1.02234e-05
1092	1.01842e-05
1093	1.0148e-05
1094	1.01092e-05
1095	1.00705e-05
1096	1.00315e-05
1097	9.99264e-06
1098	9.95818e-06
1099	9.92315e-06
1100	9.88597e-06
1101	9.84845e-06
1102	9.81182e-06
1103	9.77568e-06
1104	9.74104e-06
1105	9.70716e-06
1106	9.67615e-06
1107	9.64362e-06
1108	9.6094e-06
1109	9.57577e-06
1110	9.54348e-06
1111	9.51029e-06
1112	9.48175e-06
1113	9.45191e-06
1114	9.42219e-06
1115	9.39078e-06
1116	9.36081e-06
1117	9.32732e-06
1118	9.29503e-06
1119	9.26664e-06
1120	9.24327e-06
1121	9.21741e-06
1122	9.18956e-06
1123	9.1589e-06
1124	9.1279e-06
1125	9.09414e-06
1126	9.06375e-06
1127	9.03608e-06
1128	9.00659e-06
1129	8.97506e-06
1130	8.94332e-06
1131	8.9114e-06
1132	8.88084e-06
1133	8.84811e-06
1134	8.81443e-06
1135	8.78297e-06
1136	8.75086e-06
1137	8.71839e-06
1138	8.68476e-06
1139	8.64913e-06
1140	8.61213e-06
1141	8.57713e-06
1142	8.54314e-06
1143	8.50408e-06
1144	8.46623e-06
1145	8.43056e-06
1146	8.39639e-06
1147	8.357e-06
1148	8.317e-06
1149	8.27839e-06
1150	8.24183e-06
1151	8.20577e-06
1152	8.1674e-06
1153	8.12677e-06
1154	8.0854e-06
1155	8.04654e-06
1156	8.00675e-06
1157	7.96812e-06
1158	7.93062e-06
1159	7.88955e-06
1160	7.84713e-06
1161	7.80643e-06
1162	7.76325e-06
1163	7.72088e-06
1164	7.68024e-06
1165	7.63991e-06
1166	7.59879e-06
1167	7.55832e-06
1168	7.51709e-06
1169	7.47305e-06
1170	7.42901e-06
1171	7.38738e-06
1172	7.3467e-06
1173	7.30234e-06
1174	7.25915e-06
1175	7.21713e-06
1176	7.17555e-06
1177	7.13487e-06
1178	7.09384e-06
1179	7.05108e-06
1180	7.00807e-06
1181	6.96512e-06
1182	6.92243e-06
1183	6.88005e-06
1184	6.83722e-06
1185	6.79525e-06
1186	6.754e-06
1187	6.71152e-06
1188	6.66996e-06
1189	6.6279e-06
1190	6.58597e-06
1191	6.5452e-06
1192	6.50384e-06
1193	6.46308e-06
1194	6.42181e-06
1195	6.38072e-06
1196	6.33693e-06
1197	6.29696e-06
1198	6.25869e-06
1199	6.21776e-06
1200	6.18007e-06
1201	6.14099e-06
1202	6.10301e-06
1203	6.0612e-06
1204	6.02052e-06
1205	5.98322e-06
1206	5.94543e-06
1207	5.90838e-06
1208	5.86985e-06
1209	5.83218e-06
1210	5.79344e-06
1211	5.75302e-06
1212	5.71798e-06
1213	5.67822e-06
1214	5.64066e-06
1215	5.60144e-06
1216	5.56385e-06
1217	5.52742e-06
1218	5.49361e-06
1219	5.45592e-06
1220	5.42041e-06
1221	5.38313e-06
1222	5.34987e-06
1223	5.31588e-06
1224	5.27905e-06
1225	5.24343e-06
1226	5.2082e-06
1227	5.17508e-06
1228	5.14146e-06
1229	5.10879e-06
1230	5.07574e-06
1231	5.0443e-06
1232	5.01086e-06
1233	4.97828e-06
1234	4.94622e-06
1235	4.91559e-06
1236	4.88223e-06
1237	4.85198e-06
1238	4.81987e-06
1239	4.79034e-06
1240	4.76038e-06
1241	4.73068e-06
1242	4.70211e-06
1243	4.67361e-06
1244	4.64475e-06
1245	4.61617e-06
1246	4.58763e-06
1247	4.55973e-06
1248	4.53131e-06
1249	4.50443e-06
1250	4.47662e-06
1251	4.44867e-06
1252	4.42113e-06
1253	4.39451e-06
1254	4.36791e-06
1255	4.34143e-06
1256	4.31543e-06
1257	4.29003e-06
1258	4.26562e-06
1259	4.24155e-06
1260	4.21688e-06
1261	4.19354e-06
1262	4.17045e-06
1263	4.14792e-06
1264	4.12467e-06
1265	4.10215e-06
1266	4.07928e-06
1267	4.05764e-06
1268	4.03553e-06
1269	4.01411e-06
1270	3.99278e-06
1271	3.97182e-06
1272	3.95129e-06
1273	3.93058e-06
1274	3.91015e-06
1275	3.89032e-06
1276	3.87017e-06
