1	1
2	0.72944
3	0.184397
4	0.0442288
5	0.0197719
6	0.014513
7	0.00640895
8	0.00661382
9	0.00631253
10	0.00605318
11	0.00604637
12	0.00605
13	0.00616745
14	0.00613318
15	0.00606872
16	0.00592813
17	0.00585496
18	0.00577535
19	0.00570148
20	0.00557702
21	0.00538509
22	0.005184
23	0.00498728
24	0.00480328
25	0.00466102
26	0.00451414
27	0.00438518
28	0.00428473
29	0.00419147
30	0.00409652
31	0.00401561
32	0.00393287
33	0.00384917
34	0.00376547
35	0.00367646
36	0.0035835
37	0.00350303
38	0.00343932
39	0.00338248
40	0.00334629
41	0.00332348
42	0.00329943
43	0.00327795
44	0.00327245
45	0.00325773
46	0.00324983
47	0.00324788
48	0.0032454
49	0.00323733
50	0.00324351
51	0.00325758
52	0.00326917
53	0.00328294
54	0.00329516
55	0.00330392
56	0.00331
57	0.00331251
58	0.00331058
59	0.00330799
60	0.00330577
61	0.00330239
62	0.00330165
63	0.0033005
64	0.00329574
65	0.00329586
66	0.00329082
67	0.0032849
68	0.0032797
69	0.00327444
70	0.00326963
71	0.00326248
72	0.0032562
73	0.00325195
74	0.00324729
75	0.00324456
76	0.00323742
77	0.00323175
78	0.00322875
79	0.00322192
80	0.00321408
81	0.00320698
82	0.00319948
83	0.00318946
84	0.00318175
85	0.0031752
86	0.00316796
87	0.00316148
88	0.00315553
89	0.00314947
90	0.00314454
91	0.00313755
92	0.0031303
93	0.00312248
94	0.00311483
95	0.00310733
96	0.00309925
97	0.00309084
98	0.00308265
99	0.00307275
100	0.00306308
101	0.0030539
102	0.00304502
103	0.00303665
104	0.00302781
105	0.0030202
106	0.00301375
107	0.00300563
108	0.00299783
109	0.00299102
110	0.00298368
111	0.00297572
112	0.00296761
113	0.00295893
114	0.00295098
115	0.00294335
116	0.00293565
117	0.00292923
118	0.00292293
119	0.00291589
120	0.00290981
121	0.00290456
122	0.00290016
123	0.00289548
124	0.00288975
125	0.00288295
126	0.00287645
127	0.00287121
128	0.00286608
129	0.00286021
130	0.00285416
131	0.00284785
132	0.00284159
133	0.00283621
134	0.00283212
135	0.00282717
136	0.00282192
137	0.0028172
138	0.00281234
139	0.00280803
140	0.00280482
141	0.00280156
142	0.00279754
143	0.00279177
144	0.00278616
145	0.00278222
146	0.00277966
147	0.00277681
148	0.00277212
149	0.00276675
150	0.00276201
151	0.00275764
152	0.00275319
153	0.00274865
154	0.00274367
155	0.00273944
156	0.00273495
157	0.00272993
158	0.00272395
159	0.00271756
160	0.00271314
161	0.00270945
162	0.00270431
163	0.00269936
164	0.0026938
165	0.00268992
166	0.00268701
167	0.00268236
168	0.00267654
169	0.00267225
170	0.00266682
171	0.00266164
172	0.00265638
173	0.00265073
174	0.00264511
175	0.00264097
176	0.00263661
177	0.00263091
178	0.00262561
179	0.00262163
180	0.0026162
181	0.00261138
182	0.00260707
183	0.00260062
184	0.0025935
185	0.00258661
186	0.00257994
187	0.00257366
188	0.00256863
189	0.00256301
190	0.0025559
191	0.00254903
192	0.00254456
193	0.00254016
194	0.00253473
195	0.00252867
196	0.0025214
197	0.00251435
198	0.0025092
199	0.00250466
200	0.00249819
201	0.00249263
202	0.00248678
203	0.00248213
204	0.0024774
205	0.00247411
206	0.00246863
207	0.00246269
208	0.00245662
209	0.00245155
210	0.0024453
211	0.00243862
212	0.0024324
213	0.00242585
214	0.00241869
215	0.00241272
216	0.00240718
217	0.00240038
218	0.00239283
219	0.00238641
220	0.00237947
221	0.00237249
222	0.00236683
223	0.00235991
224	0.00235204
225	0.00234404
226	0.00233749
227	0.00233118
228	0.00232499
229	0.00231956
230	0.00231395
231	0.00230793
232	0.00230229
233	0.00229746
234	0.00229247
235	0.00228769
236	0.00228282
237	0.00227752
238	0.00227187
239	0.00226599
240	0.00226176
241	0.00225672
242	0.00225198
243	0.00224649
244	0.00224037
245	0.00223366
246	0.00222853
247	0.00222328
248	0.00221719
249	0.00221099
250	0.002205
251	0.00219885
252	0.0021936
253	0.00218793
254	0.00218225
255	0.00217601
256	0.00216939
257	0.00216322
258	0.00215765
259	0.00215179
260	0.00214577
261	0.00213971
262	0.00213296
263	0.00212716
264	0.00212224
265	0.00211802
266	0.00211337
267	0.00210775
268	0.00210135
269	0.00209528
270	0.00209064
271	0.00208672
272	0.00208339
273	0.00207866
274	0.00207302
275	0.002068
276	0.00206308
277	0.00205986
278	0.00205636
279	0.00205252
280	0.0020474
281	0.00204187
282	0.00203652
283	0.00203213
284	0.00202851
285	0.00202471
286	0.00202036
287	0.00201541
288	0.00201016
289	0.00200516
290	0.00200048
291	0.00199603
292	0.00199183
293	0.00198728
294	0.00198174
295	0.00197607
296	0.00197113
297	0.00196651
298	0.00196296
299	0.00195892
300	0.00195398
301	0.00194871
302	0.00194388
303	0.00194023
304	0.00193615
305	0.00193264
306	0.00192864
307	0.00192421
308	0.00192038
309	0.0019167
310	0.00191312
311	0.00190937
312	0.00190549
313	0.00190192
314	0.00189841
315	0.00189501
316	0.00189134
317	0.00188694
318	0.00188282
319	0.00187967
320	0.00187632
321	0.00187272
322	0.00186874
323	0.00186461
324	0.0018598
325	0.00185552
326	0.00185211
327	0.00184845
328	0.0018443
329	0.00184041
330	0.0018358
331	0.0018308
332	0.00182707
333	0.00182433
334	0.00182037
335	0.00181649
336	0.00181309
337	0.00180861
338	0.001804
339	0.00180109
340	0.00179816
341	0.00179474
342	0.00179218
343	0.00178893
344	0.00178457
345	0.00178052
346	0.00177784
347	0.00177516
348	0.00177234
349	0.0017694
350	0.00176559
351	0.00176094
352	0.00175707
353	0.00175498
354	0.00175244
355	0.00174971
356	0.00174627
357	0.00174201
358	0.00173778
359	0.00173424
360	0.00173164
361	0.00172898
362	0.0017259
363	0.00172198
364	0.00171767
365	0.00171329
366	0.00171014
367	0.00170782
368	0.00170521
369	0.00170174
370	0.00169776
371	0.00169341
372	0.00168986
373	0.00168694
374	0.0016847
375	0.0016817
376	0.00167824
377	0.00167435
378	0.00167007
379	0.00166698
380	0.00166434
381	0.00166163
382	0.00165852
383	0.00165543
384	0.00165125
385	0.00164749
386	0.00164475
387	0.00164173
388	0.0016394
389	0.00163662
390	0.00163324
391	0.00162877
392	0.00162559
393	0.00162303
394	0.00162045
395	0.00161838
396	0.00161562
397	0.00161176
398	0.00160782
399	0.00160538
400	0.00160301
401	0.00160093
402	0.00159827
403	0.00159501
404	0.00159122
405	0.00158784
406	0.0015854
407	0.00158328
408	0.00158048
409	0.00157713
410	0.00157345
411	0.00157008
412	0.00156715
413	0.00156482
414	0.00156218
415	0.00155827
416	0.00155463
417	0.00155174
418	0.00154888
419	0.00154608
420	0.0015431
421	0.00153985
422	0.00153604
423	0.00153347
424	0.00153034
425	0.00152785
426	0.00152414
427	0.00152111
428	0.0015181
429	0.00151507
430	0.00151245
431	0.00150949
432	0.00150677
433	0.00150275
434	0.00150012
435	0.00149703
436	0.00149419
437	0.00149121
438	0.0014886
439	0.00148503
440	0.00148169
441	0.00147889
442	0.00147624
443	0.00147346
444	0.0014706
445	0.00146767
446	0.00146414
447	0.00146107
448	0.00145871
449	0.00145625
450	0.00145324
451	0.00145024
452	0.00144718
453	0.0014442
454	0.00144155
455	0.00143889
456	0.00143605
457	0.00143286
458	0.00143002
459	0.00142715
460	0.00142458
461	0.00142151
462	0.00141841
463	0.00141557
464	0.0014128
465	0.00140988
466	0.00140712
467	0.00140429
468	0.00140082
469	0.00139797
470	0.00139504
471	0.00139237
472	0.00138961
473	0.0013868
474	0.00138357
475	0.00138047
476	0.0013774
477	0.0013748
478	0.00137233
479	0.00136936
480	0.00136639
481	0.00136353
482	0.00136032
483	0.00135741
484	0.00135458
485	0.00135197
486	0.00134907
487	0.00134614
488	0.00134327
489	0.00133947
490	0.00133622
491	0.00133406
492	0.0013315
493	0.00132854
494	0.00132546
495	0.00132193
496	0.00131823
497	0.0013158
498	0.00131339
499	0.00131068
500	0.00130755
501	0.00130416
502	0.00130072
503	0.00129742
504	0.00129493
505	0.0012927
506	0.0012898
507	0.00128638
508	0.00128302
509	0.00128014
510	0.00127661
511	0.00127447
512	0.00127181
513	0.00126874
514	0.00126552
515	0.00126232
516	0.00125942
517	0.00125628
518	0.00125385
519	0.00125129
520	0.00124821
521	0.00124503
522	0.00124233
523	0.00123957
524	0.00123641
525	0.00123407
526	0.00123133
527	0.00122821
528	0.00122537
529	0.00122278
530	0.00121988
531	0.0012167
532	0.00121452
533	0.00121168
534	0.0012087
535	0.0012057
536	0.00120303
537	0.00120013
538	0.00119709
539	0.00119493
540	0.00119192
541	0.00118922
542	0.00118658
543	0.00118367
544	0.00118054
545	0.00117801
546	0.00117535
547	0.00117297
548	0.00117037
549	0.00116723
550	0.00116464
551	0.00116168
552	0.00115905
553	0.00115681
554	0.00115428
555	0.00115104
556	0.0011483
557	0.00114576
558	0.00114275
559	0.0011403
560	0.00113766
561	0.00113497
562	0.00113218
563	0.0011293
564	0.00112639
565	0.00112346
566	0.00112113
567	0.0011187
568	0.0011162
569	0.00111278
570	0.00110992
571	0.00110723
572	0.00110435
573	0.00110232
574	0.00109988
575	0.00109699
576	0.00109384
577	0.00109102
578	0.00108872
579	0.00108614
580	0.00108407
581	0.00108155
582	0.00107851
583	0.00107525
584	0.00107276
585	0.00107045
586	0.00106818
587	0.00106603
588	0.00106307
589	0.00105986
590	0.0010571
591	0.00105442
592	0.00105254
593	0.0010502
594	0.00104753
595	0.00104468
596	0.00104161
597	0.00103893
598	0.00103678
599	0.00103457
600	0.00103231
601	0.00102934
602	0.00102664
603	0.00102367
604	0.00102109
605	0.0010194
606	0.00101707
607	0.00101466
608	0.00101168
609	0.00100892
610	0.0010062
611	0.0010042
612	0.00100253
613	0.00100017
614	0.00099787
615	0.000994677
616	0.000992424
617	0.000990358
618	0.000988114
619	0.000986322
620	0.000983912
621	0.000981683
622	0.000979095
623	0.000976859
624	0.000974187
625	0.000972003
626	0.000970261
627	0.000968034
628	0.000965744
629	0.00096292
630	0.000960607
631	0.000958764
632	0.000956876
633	0.000954566
634	0.000952256
635	0.000949604
636	0.000948058
637	0.000945986
638	0.000943531
639	0.000941376
640	0.000939212
641	0.000937582
642	0.000935974
643	0.000933799
644	0.000931288
645	0.000928992
646	0.000927485
647	0.000925667
648	0.000924494
649	0.000922226
650	0.000919904
651	0.000917846
652	0.000915774
653	0.000914094
654	0.00091258
655	0.000910678
656	0.000908877
657	0.000906788
658	0.000904434
659	0.000902954
660	0.000901531
661	0.000900026
662	0.000898679
663	0.000896682
664	0.000894393
665	0.000892592
666	0.00089123
667	0.000889651
668	0.000888408
669	0.000886975
670	0.00088498
671	0.000883239
672	0.000881715
673	0.000880538
674	0.000879171
675	0.000877484
676	0.000875334
677	0.000873915
678	0.000872391
679	0.000870997
680	0.00087032
681	0.000868749
682	0.000867216
683	0.00086587
684	0.000864518
685	0.000863111
686	0.000861561
687	0.000860439
688	0.000859396
689	0.000858222
690	0.000856954
691	0.000856201
692	0.000854969
693	0.000853392
694	0.000851831
695	0.000850239
696	0.000849671
697	0.000848544
698	0.000847364
699	0.000845943
700	0.00084462
701	0.000843371
702	0.000842314
703	0.000841406
704	0.000840166
705	0.000839291
706	0.000838101
707	0.000837247
708	0.000836335
709	0.000835147
710	0.000834137
711	0.000833475
712	0.000832827
713	0.000832046
714	0.000831403
715	0.000830383
716	0.00082919
717	0.000827901
718	0.000827379
719	0.00082696
720	0.000826281
721	0.000825113
722	0.000824108
723	0.000823024
724	0.000822461
725	0.000821881
726	0.000821258
727	0.000820252
728	0.000818905
729	0.000818275
730	0.000817412
731	0.000816681
732	0.00081601
733	0.000814888
734	0.00081383
735	0.000813123
736	0.000812058
737	0.000811419
738	0.000810713
739	0.000810232
740	0.000809189
741	0.000808531
742	0.000807788
743	0.000807106
744	0.000806833
745	0.000806518
746	0.000805976
747	0.00080499
748	0.00080456
749	0.000804217
750	0.000803335
751	0.00080265
752	0.000802063
753	0.000801839
754	0.000801318
755	0.000800744
756	0.000799764
757	0.000799019
758	0.000798713
759	0.000798368
760	0.000797954
761	0.000797216
762	0.00079628
763	0.000795523
764	0.000795304
765	0.000794969
766	0.000794308
767	0.00079372
768	0.000793414
769	0.000792824
770	0.000792107
771	0.0007919
772	0.000791371
773	0.00079103
774	0.000790942
775	0.000790604
776	0.000789945
777	0.00078967
778	0.000789546
779	0.000788934
780	0.000788546
781	0.000788304
782	0.000787892
783	0.00078748
784	0.000787083
785	0.000786676
786	0.000786283
787	0.000786074
788	0.000785673
789	0.00078531
790	0.000784821
791	0.000784335
792	0.000784285
793	0.000783737
794	0.000783445
795	0.000783142
796	0.000782727
797	0.000782237
798	0.000781889
799	0.000781422
800	0.000781554
801	0.000781296
802	0.000780491
803	0.000779945
804	0.000779923
805	0.000779758
806	0.000779455
807	0.000779366
808	0.000778983
809	0.000778386
810	0.000777985
811	0.000777721
812	0.000777498
813	0.000777055
814	0.000776689
815	0.000776105
816	0.000775501
817	0.000774985
818	0.000774633
819	0.000774045
820	0.000773591
821	0.000773188
822	0.000772316
823	0.000771508
824	0.000771255
825	0.000770523
826	0.000769815
827	0.000769166
828	0.000768512
829	0.000767716
830	0.000766901
831	0.000766071
832	0.000765391
833	0.000764924
834	0.000764253
835	0.000763256
836	0.00076229
837	0.000761644
838	0.000761047
839	0.000760198
840	0.000759365
841	0.000758303
842	0.00075713
843	0.000755981
844	0.000755851
845	0.000754989
846	0.000753693
847	0.00075241
848	0.000751347
849	0.000750428
850	0.000749824
851	0.000749056
852	0.000747781
853	0.000746515
854	0.000745281
855	0.000744534
856	0.000743539
857	0.00074256
858	0.000741354
859	0.000740298
860	0.000738881
861	0.000737698
862	0.000736652
863	0.000735592
864	0.000734384
865	0.000732969
866	0.000731446
867	0.000730159
868	0.000729204
869	0.000727744
870	0.000726154
871	0.000724798
872	0.000723324
873	0.000722175
874	0.00072091
875	0.000719036
876	0.000717451
877	0.000715942
878	0.000714738
879	0.000713523
880	0.000712027
881	0.000710273
882	0.000708536
883	0.000707054
884	0.00070559
885	0.000704297
886	0.000702684
887	0.000700758
888	0.000699383
889	0.000697922
890	0.000696301
891	0.000694491
892	0.000692976
893	0.000691231
894	0.00068962
895	0.000687853
896	0.000686269
897	0.000684534
898	0.000682589
899	0.000680796
900	0.000679105
901	0.000677258
902	0.000675533
903	0.00067367
904	0.000671773
905	0.000669937
906	0.000667964
907	0.00066616
908	0.000664351
909	0.000662309
910	0.000660671
911	0.000658842
912	0.000656661
913	0.00065474
914	0.000652786
915	0.000650928
916	0.000648906
917	0.000647066
918	0.000644906
919	0.000642885
920	0.000640908
921	0.000638932
922	0.00063673
923	0.000634401
924	0.000632465
925	0.000630714
926	0.000628804
927	0.000626479
928	0.000624219
929	0.000621903
930	0.000619946
931	0.000617892
932	0.000615769
933	0.000613577
934	0.000611363
935	0.000609055
936	0.000606896
937	0.000604623
938	0.000602221
939	0.000600049
940	0.000597667
941	0.000595493
942	0.000593368
943	0.000590721
944	0.000588414
945	0.000585928
946	0.000583513
947	0.000581378
948	0.000578913
949	0.000576253
950	0.000574013
951	0.000571732
952	0.000569525
953	0.000567339
954	0.000564975
955	0.0005622
956	0.00055941
957	0.000557148
958	0.000555198
959	0.000552873
960	0.000550443
961	0.000547768
962	0.000545086
963	0.000542824
964	0.000540875
965	0.000538587
966	0.000536117
967	0.000533403
968	0.000531023
969	0.000528627
970	0.000526645
971	0.000524345
972	0.000521995
973	0.000519517
974	0.000517107
975	0.000514825
976	0.000512829
977	0.000510544
978	0.000508242
979	0.000505899
980	0.000503595
981	0.000501369
982	0.000499262
983	0.000497
984	0.000494903
985	0.000492898
986	0.000490801
987	0.000488759
988	0.000486554
989	0.000484465
990	0.00048222
991	0.000480296
992	0.000478412
993	0.000476503
994	0.000474341
995	0.000472268
996	0.000470117
997	0.000468155
998	0.000466409
999	0.000464659
1000	0.00046269
1001	0.000460721
1002	0.00045882
1003	0.000457103
1004	0.000455408
1005	0.000453813
1006	0.000452097
1007	0.000450367
1008	0.000448782
1009	0.000447158
1010	0.000445577
1011	0.000443982
1012	0.000442459
1013	0.000440845
1014	0.000439309
1015	0.000437706
1016	0.000436058
1017	0.000434557
1018	0.000433188
1019	0.00043173
1020	0.000430142
1021	0.000428619
1022	0.000427198
1023	0.000425899
1024	0.00042462
1025	0.000423239
1026	0.000421821
1027	0.000420545
1028	0.000419249
1029	0.000418063
1030	0.00041685
1031	0.000415714
1032	0.000414477
1033	0.000413358
1034	0.00041228
1035	0.000411223
1036	0.000410186
1037	0.000409105
1038	0.000408045
1039	0.000407125
1040	0.000406166
1041	0.000405176
1042	0.000404213
1043	0.000403136
1044	0.000402146
1045	0.000401327
1046	0.000400525
1047	0.000399741
1048	0.000399036
1049	0.000398262
1050	0.000397398
1051	0.000396622
1052	0.000395921
1053	0.000395218
1054	0.000394541
1055	0.000393839
1056	0.000393249
1057	0.000392607
1058	0.000392024
1059	0.000391436
1060	0.000390884
1061	0.000390378
1062	0.000389865
1063	0.000389285
1064	0.000388786
1065	0.000388423
1066	0.000387961
1067	0.000387479
1068	0.000387226
1069	0.000386857
1070	0.00038644
1071	0.00038602
1072	0.000385732
1073	0.000385495
1074	0.000385216
1075	0.000384902
1076	0.000384526
1077	0.000384177
1078	0.000383636
1079	0.000383385
1080	0.000383173
1081	0.000382919
1082	0.000382707
1083	0.000382503
1084	0.00038227
1085	0.000382037
1086	0.000381834
1087	0.00038165
1088	0.000381421
1089	0.000381157
1090	0.000381011
1091	0.000380851
1092	0.000380668
1093	0.000380534
1094	0.000380349
1095	0.000380138
1096	0.000379915
1097	0.000379825
1098	0.000379649
1099	0.000379451
1100	0.00037926
1101	0.000379136
1102	0.000378957
1103	0.000378849
1104	0.000378722
1105	0.000378608
1106	0.000378467
1107	0.00037825
1108	0.000377989
1109	0.000377725
1110	0.000377546
1111	0.00037735
1112	0.000377137
1113	0.000376898
1114	0.000376632
1115	0.00037633
1116	0.000376136
1117	0.000375958
1118	0.000375717
1119	0.00037545
1120	0.000375212
1121	0.000374973
1122	0.000374716
1123	0.000374435
1124	0.0003741
1125	0.000373809
1126	0.000373524
1127	0.000373224
1128	0.000372954
1129	0.000372579
1130	0.00037227
1131	0.000371881
1132	0.000371515
1133	0.000371177
1134	0.000370803
1135	0.000370387
1136	0.000369936
1137	0.000369476
1138	0.000368953
1139	0.000368431
1140	0.000367925
1141	0.000367407
1142	0.000366798
1143	0.000366127
1144	0.000365455
1145	0.000364809
1146	0.00036418
1147	0.000363439
1148	0.00036269
1149	0.00036193
1150	0.000361076
1151	0.000360276
1152	0.000359529
1153	0.000358698
1154	0.000357803
1155	0.000356802
1156	0.000355901
1157	0.000354961
1158	0.000353942
1159	0.000352904
1160	0.000351913
1161	0.000350823
1162	0.000349685
1163	0.000348626
1164	0.000347483
1165	0.000346384
1166	0.000345199
1167	0.000343914
1168	0.000342582
1169	0.00034123
1170	0.000339925
1171	0.00033854
1172	0.000337173
1173	0.000335737
1174	0.000334307
1175	0.000332849
1176	0.000331384
1177	0.000329916
1178	0.000328318
1179	0.000326759
1180	0.000325121
1181	0.000323591
1182	0.000322019
1183	0.000320371
1184	0.000318686
1185	0.000316927
1186	0.000315256
1187	0.000313643
1188	0.000311837
1189	0.000310183
1190	0.000308384
1191	0.000306518
1192	0.000304707
1193	0.000303074
1194	0.000301219
1195	0.000299267
1196	0.000297283
1197	0.000295352
1198	0.000293714
1199	0.000291778
1200	0.000289695
1201	0.000287681
1202	0.000285747
1203	0.000283798
1204	0.000281963
1205	0.000279961
1206	0.000277937
1207	0.000275899
1208	0.000273962
1209	0.000272035
1210	0.000269991
1211	0.000268009
1212	0.000266039
1213	0.000264184
1214	0.000262275
1215	0.00026024
1216	0.000258193
1217	0.00025619
1218	0.000254284
1219	0.000252421
1220	0.000250443
1221	0.000248456
1222	0.000246509
1223	0.000244628
1224	0.000242799
1225	0.000240893
1226	0.000238961
1227	0.000237119
1228	0.000235344
1229	0.000233539
1230	0.00023167
1231	0.000230008
1232	0.000228231
1233	0.000226409
1234	0.000224579
1235	0.000223074
1236	0.000221347
1237	0.000219466
1238	0.000217987
1239	0.000216378
1240	0.000214618
1241	0.000213123
1242	0.000211516
1243	0.000209833
1244	0.000208352
1245	0.000206782
1246	0.000205122
1247	0.000203605
1248	0.000202047
1249	0.000200501
1250	0.000198941
1251	0.000197451
1252	0.000196074
1253	0.000194517
1254	0.000193116
1255	0.000191509
1256	0.000190137
1257	0.000188613
1258	0.000187293
1259	0.000185684
1260	0.000184323
1261	0.00018267
1262	0.000181185
1263	0.000179959
1264	0.000178299
1265	0.00017678
1266	0.000175296
1267	0.000174064
1268	0.000172318
1269	0.000170956
1270	0.000169271
1271	0.000167928
1272	0.000166229
1273	0.000164886
1274	0.000163176
1275	0.000161883
1276	0.000160172
