1	0.0871393
2	0.0592658
3	0.0145759
4	0.00338767
5	0.00139848
6	0.000999457
7	0.000333123
8	0.000351758
9	0.000335645
10	0.000320509
11	0.000319081
12	0.000319043
13	0.000325952
14	0.000326157
15	0.000331128
16	0.000329961
17	0.000327471
18	0.000322647
19	0.000320285
20	0.000313826
21	0.00030856
22	0.000303827
23	0.00029517
24	0.000286485
25	0.000277526
26	0.000270248
27	0.000265234
28	0.000262717
29	0.000259558
30	0.000255206
31	0.00025121
32	0.000246587
33	0.000241815
34	0.00023712
35	0.000231629
36	0.000226088
37	0.000221322
38	0.000217569
39	0.000214755
40	0.000213583
41	0.000213246
42	0.000212606
43	0.000212186
44	0.000212868
45	0.000213016
46	0.000212962
47	0.000214062
48	0.000214611
49	0.00021532
50	0.000216636
51	0.000218219
52	0.000219699
53	0.000220912
54	0.000221883
55	0.000223027
56	0.000223672
57	0.000224115
58	0.000224645
59	0.000224896
60	0.000225214
61	0.000225407
62	0.000225637
63	0.00022577
64	0.000225807
65	0.000225951
66	0.000225974
67	0.000225937
68	0.000226109
69	0.000226209
70	0.000226398
71	0.000226485
72	0.000226471
73	0.000226501
74	0.00022642
75	0.000226344
76	0.000226196
77	0.000226116
78	0.000225967
79	0.000225883
80	0.000225787
81	0.000225576
82	0.000225326
83	0.000224947
84	0.000224616
85	0.000224311
86	0.000223951
87	0.000223659
88	0.00022325
89	0.000222868
90	0.000222529
91	0.000222206
92	0.000221805
93	0.000221415
94	0.000220982
95	0.000220526
96	0.000220046
97	0.000219499
98	0.00021898
99	0.000218514
100	0.000218007
101	0.000217451
102	0.000216894
103	0.000216302
104	0.000215733
105	0.000215208
106	0.000214699
107	0.00021421
108	0.000213708
109	0.000213231
110	0.000212764
111	0.000212286
112	0.000211809
113	0.000211307
114	0.000210801
115	0.00021028
116	0.000209775
117	0.000209263
118	0.000208759
119	0.000208271
120	0.000207795
121	0.000207309
122	0.000206823
123	0.000206348
124	0.000205857
125	0.000205356
126	0.000204841
127	0.000204349
128	0.000203886
129	0.000203459
130	0.000203039
131	0.00020263
132	0.00020226
133	0.000201893
134	0.000201517
135	0.000201167
136	0.000200763
137	0.000200402
138	0.0002
139	0.000199571
140	0.000199176
141	0.000198725
142	0.000198348
143	0.000197898
144	0.000197453
145	0.000197011
146	0.000196584
147	0.000196295
148	0.000195941
149	0.000195516
150	0.000195091
151	0.000194683
152	0.000194299
153	0.000193919
154	0.000193551
155	0.000193163
156	0.000192772
157	0.000192475
158	0.00019215
159	0.000191807
160	0.00019145
161	0.000191134
162	0.000190767
163	0.000190411
164	0.000190065
165	0.000189694
166	0.000189353
167	0.00018897
168	0.000188605
169	0.000188227
170	0.000187844
171	0.000187431
172	0.000187003
173	0.000186568
174	0.000186117
175	0.000185676
176	0.00018524
177	0.000184785
178	0.000184352
179	0.000183939
180	0.00018355
181	0.000183169
182	0.000182768
183	0.000182369
184	0.000181963
185	0.000181537
186	0.000181099
187	0.000180643
188	0.000180199
189	0.000179762
190	0.00017937
191	0.000178985
192	0.000178567
193	0.00017815
194	0.000177787
195	0.000177362
196	0.000176916
197	0.000176456
198	0.000175988
199	0.000175506
200	0.000175033
201	0.000174595
202	0.000174109
203	0.000173634
204	0.000173184
205	0.000172802
206	0.000172338
207	0.000171858
208	0.000171396
209	0.000170934
210	0.000170472
211	0.000170021
212	0.000169574
213	0.000169136
214	0.000168704
215	0.000168272
216	0.000167902
217	0.000167469
218	0.00016705
219	0.000166649
220	0.000166223
221	0.000165781
222	0.000165346
223	0.00016491
224	0.000164489
225	0.000164067
226	0.000163644
227	0.000163234
228	0.000162818
229	0.000162419
230	0.000162051
231	0.000161636
232	0.000161235
233	0.000160826
234	0.000160401
235	0.000159978
236	0.000159556
237	0.000159143
238	0.000158765
239	0.00015839
240	0.000158014
241	0.000157641
242	0.000157254
243	0.000156884
244	0.000156529
245	0.000156162
246	0.000155792
247	0.000155425
248	0.000155059
249	0.000154693
250	0.000154333
251	0.000154009
252	0.000153692
253	0.000153384
254	0.000153063
255	0.000152737
256	0.000152398
257	0.000152064
258	0.000151755
259	0.000151428
260	0.000151102
261	0.000150777
262	0.000150461
263	0.000150152
264	0.000149847
265	0.000149549
266	0.000149242
267	0.000148929
268	0.000148622
269	0.000148315
270	0.000147999
271	0.000147694
272	0.000147409
273	0.000147122
274	0.000146827
275	0.000146538
276	0.000146255
277	0.000145978
278	0.000145703
279	0.000145425
280	0.000145144
281	0.00014486
282	0.000144586
283	0.000144318
284	0.000144048
285	0.000143782
286	0.000143526
287	0.000143278
288	0.000143027
289	0.000142768
290	0.00014251
291	0.000142255
292	0.000142005
293	0.000141756
294	0.000141494
295	0.000141224
296	0.000140957
297	0.000140711
298	0.000140482
299	0.000140236
300	0.000139981
301	0.00013972
302	0.000139474
303	0.000139245
304	0.000139005
305	0.000138768
306	0.000138517
307	0.000138277
308	0.000138049
309	0.000137819
310	0.000137582
311	0.00013736
312	0.000137158
313	0.000136966
314	0.000136753
315	0.000136521
316	0.000136281
317	0.000136039
318	0.000135837
319	0.000135654
320	0.000135435
321	0.000135196
322	0.00013495
323	0.000134732
324	0.000134519
325	0.000134307
326	0.000134098
327	0.000133866
328	0.000133648
329	0.000133434
330	0.000133214
331	0.000132986
332	0.000132768
333	0.000132564
334	0.000132367
335	0.000132148
336	0.000131928
337	0.000131699
338	0.000131479
339	0.000131285
340	0.000131097
341	0.000130889
342	0.000130664
343	0.000130449
344	0.000130238
345	0.000130043
346	0.00012985
347	0.000129648
348	0.000129434
349	0.000129211
350	0.000129003
351	0.000128794
352	0.000128589
353	0.000128385
354	0.000128188
355	0.000127987
356	0.000127781
357	0.000127576
358	0.000127364
359	0.00012716
360	0.000126956
361	0.00012676
362	0.000126557
363	0.000126336
364	0.000126123
365	0.000125923
366	0.000125727
367	0.000125526
368	0.000125323
369	0.000125116
370	0.0001249
371	0.000124698
372	0.000124499
373	0.000124291
374	0.000124072
375	0.00012386
376	0.000123654
377	0.00012344
378	0.000123233
379	0.000123028
380	0.000122814
381	0.0001226
382	0.000122391
383	0.000122182
384	0.000121968
385	0.000121769
386	0.000121573
387	0.000121355
388	0.000121146
389	0.000120933
390	0.00012072
391	0.00012051
392	0.000120316
393	0.000120121
394	0.000119911
395	0.000119703
396	0.000119501
397	0.000119298
398	0.000119086
399	0.000118887
400	0.000118681
401	0.000118476
402	0.000118263
403	0.000118055
404	0.000117848
405	0.000117634
406	0.000117428
407	0.000117214
408	0.000116998
409	0.00011678
410	0.000116567
411	0.000116355
412	0.000116144
413	0.000115927
414	0.000115709
415	0.000115485
416	0.000115265
417	0.000115049
418	0.000114849
419	0.000114637
420	0.00011442
421	0.000114202
422	0.000113979
423	0.000113768
424	0.000113551
425	0.000113347
426	0.000113133
427	0.000112918
428	0.000112702
429	0.000112479
430	0.000112254
431	0.000112038
432	0.00011184
433	0.000111625
434	0.000111406
435	0.000111178
436	0.000110942
437	0.000110721
438	0.000110514
439	0.000110301
440	0.000110078
441	0.000109851
442	0.000109637
443	0.000109401
444	0.000109173
445	0.00010895
446	0.000108736
447	0.000108515
448	0.000108291
449	0.000108059
450	0.000107817
451	0.000107587
452	0.000107363
453	0.000107137
454	0.000106904
455	0.000106673
456	0.000106443
457	0.000106202
458	0.00010597
459	0.000105739
460	0.000105517
461	0.000105279
462	0.000105034
463	0.000104786
464	0.000104538
465	0.00010431
466	0.000104074
467	0.00010383
468	0.000103577
469	0.000103322
470	0.000103068
471	0.000102838
472	0.000102604
473	0.000102366
474	0.000102124
475	0.000101863
476	0.000101611
477	0.000101374
478	0.000101135
479	0.000100898
480	0.000100651
481	0.000100401
482	0.000100148
483	9.98973e-05
484	9.96604e-05
485	9.94179e-05
486	9.91677e-05
487	9.89168e-05
488	9.867e-05
489	9.84148e-05
490	9.8162e-05
491	9.79164e-05
492	9.76546e-05
493	9.74015e-05
494	9.71455e-05
495	9.6889e-05
496	9.66184e-05
497	9.63708e-05
498	9.61174e-05
499	9.58662e-05
500	9.55953e-05
501	9.53357e-05
502	9.50778e-05
503	9.48246e-05
504	9.45671e-05
505	9.43192e-05
506	9.40677e-05
507	9.37987e-05
508	9.35398e-05
509	9.32897e-05
510	9.30347e-05
511	9.27686e-05
512	9.25247e-05
513	9.22756e-05
514	9.20146e-05
515	9.17654e-05
516	9.15233e-05
517	9.12717e-05
518	9.10162e-05
519	9.07684e-05
520	9.05188e-05
521	9.02609e-05
522	9.00088e-05
523	8.97646e-05
524	8.95023e-05
525	8.92568e-05
526	8.90166e-05
527	8.87592e-05
528	8.85018e-05
529	8.82504e-05
530	8.80061e-05
531	8.77516e-05
532	8.74985e-05
533	8.72345e-05
534	8.69687e-05
535	8.67146e-05
536	8.64659e-05
537	8.62269e-05
538	8.59649e-05
539	8.57158e-05
540	8.54627e-05
541	8.52171e-05
542	8.49644e-05
543	8.47319e-05
544	8.44808e-05
545	8.42346e-05
546	8.39935e-05
547	8.37435e-05
548	8.35089e-05
549	8.32614e-05
550	8.30297e-05
551	8.27894e-05
552	8.25317e-05
553	8.23007e-05
554	8.20586e-05
555	8.18188e-05
556	8.1574e-05
557	8.1327e-05
558	8.10901e-05
559	8.08389e-05
560	8.06098e-05
561	8.0372e-05
562	8.01253e-05
563	7.98835e-05
564	7.96496e-05
565	7.94027e-05
566	7.91742e-05
567	7.89476e-05
568	7.87195e-05
569	7.84768e-05
570	7.82347e-05
571	7.801e-05
572	7.77839e-05
573	7.75567e-05
574	7.73126e-05
575	7.70853e-05
576	7.68408e-05
577	7.65857e-05
578	7.63739e-05
579	7.61527e-05
580	7.59009e-05
581	7.56735e-05
582	7.5441e-05
583	7.51938e-05
584	7.49492e-05
585	7.47389e-05
586	7.45137e-05
587	7.42696e-05
588	7.40402e-05
589	7.38129e-05
590	7.35656e-05
591	7.33491e-05
592	7.3138e-05
593	7.29022e-05
594	7.26878e-05
595	7.24645e-05
596	7.22345e-05
597	7.20134e-05
598	7.1811e-05
599	7.15863e-05
600	7.13782e-05
601	7.11557e-05
602	7.09366e-05
603	7.07278e-05
604	7.05158e-05
605	7.02937e-05
606	7.00933e-05
607	6.98777e-05
608	6.96696e-05
609	6.94595e-05
610	6.92398e-05
611	6.90265e-05
612	6.88232e-05
613	6.86118e-05
614	6.83946e-05
615	6.81923e-05
616	6.79969e-05
617	6.77929e-05
618	6.758e-05
619	6.73722e-05
620	6.71736e-05
621	6.6982e-05
622	6.67912e-05
623	6.65914e-05
624	6.63846e-05
625	6.61791e-05
626	6.59769e-05
627	6.57828e-05
628	6.55919e-05
629	6.54084e-05
630	6.52225e-05
631	6.50089e-05
632	6.48102e-05
633	6.46277e-05
634	6.44508e-05
635	6.42778e-05
636	6.40927e-05
637	6.39042e-05
638	6.36999e-05
639	6.3513e-05
640	6.33458e-05
641	6.31751e-05
642	6.30079e-05
643	6.28344e-05
644	6.26488e-05
645	6.24737e-05
646	6.23161e-05
647	6.21578e-05
648	6.19925e-05
649	6.18251e-05
650	6.16643e-05
651	6.14996e-05
652	6.13325e-05
653	6.11827e-05
654	6.10391e-05
655	6.08683e-05
656	6.07163e-05
657	6.05523e-05
658	6.03909e-05
659	6.02734e-05
660	6.01278e-05
661	5.99631e-05
662	5.98296e-05
663	5.96673e-05
664	5.95116e-05
665	5.94083e-05
666	5.92627e-05
667	5.91172e-05
668	5.89796e-05
669	5.88269e-05
670	5.87091e-05
671	5.85959e-05
672	5.8466e-05
673	5.83431e-05
674	5.82084e-05
675	5.80616e-05
676	5.79435e-05
677	5.78191e-05
678	5.76962e-05
679	5.75987e-05
680	5.75255e-05
681	5.74053e-05
682	5.72776e-05
683	5.71711e-05
684	5.70571e-05
685	5.69609e-05
686	5.68273e-05
687	5.67302e-05
688	5.66445e-05
689	5.65561e-05
690	5.6462e-05
691	5.63484e-05
692	5.6241e-05
693	5.61392e-05
694	5.60425e-05
695	5.59382e-05
696	5.58414e-05
697	5.57293e-05
698	5.56303e-05
699	5.5534e-05
700	5.54381e-05
701	5.53741e-05
702	5.53052e-05
703	5.52074e-05
704	5.51123e-05
705	5.50295e-05
706	5.49489e-05
707	5.48764e-05
708	5.48004e-05
709	5.47201e-05
710	5.46272e-05
711	5.4541e-05
712	5.44869e-05
713	5.44199e-05
714	5.43415e-05
715	5.42545e-05
716	5.41625e-05
717	5.40514e-05
718	5.40164e-05
719	5.39548e-05
720	5.38978e-05
721	5.38234e-05
722	5.37347e-05
723	5.36593e-05
724	5.36075e-05
725	5.35489e-05
726	5.34974e-05
727	5.34226e-05
728	5.33407e-05
729	5.3292e-05
730	5.32454e-05
731	5.31973e-05
732	5.3124e-05
733	5.30437e-05
734	5.2984e-05
735	5.29517e-05
736	5.29158e-05
737	5.28781e-05
738	5.28169e-05
739	5.2751e-05
740	5.26879e-05
741	5.26459e-05
742	5.26372e-05
743	5.26151e-05
744	5.25597e-05
745	5.25008e-05
746	5.24512e-05
747	5.24151e-05
748	5.23887e-05
749	5.23567e-05
750	5.23136e-05
751	5.22645e-05
752	5.22203e-05
753	5.22092e-05
754	5.21854e-05
755	5.21468e-05
756	5.2098e-05
757	5.20628e-05
758	5.20411e-05
759	5.20478e-05
760	5.20366e-05
761	5.2009e-05
762	5.19728e-05
763	5.1928e-05
764	5.19118e-05
765	5.19329e-05
766	5.19456e-05
767	5.19355e-05
768	5.19021e-05
769	5.18718e-05
770	5.18615e-05
771	5.18709e-05
772	5.18743e-05
773	5.18623e-05
774	5.18312e-05
775	5.18177e-05
776	5.18262e-05
777	5.18243e-05
778	5.18286e-05
779	5.18287e-05
780	5.18118e-05
781	5.18045e-05
782	5.18304e-05
783	5.18318e-05
784	5.18245e-05
785	5.18254e-05
786	5.18043e-05
787	5.17992e-05
788	5.18379e-05
789	5.1865e-05
790	5.18615e-05
791	5.18639e-05
792	5.18567e-05
793	5.18444e-05
794	5.18843e-05
795	5.19197e-05
796	5.19267e-05
797	5.19187e-05
798	5.19199e-05
799	5.19053e-05
800	5.19231e-05
801	5.19528e-05
802	5.19733e-05
803	5.19665e-05
804	5.19638e-05
805	5.19622e-05
806	5.19673e-05
807	5.19833e-05
808	5.19868e-05
809	5.19834e-05
810	5.19836e-05
811	5.1991e-05
812	5.19868e-05
813	5.19917e-05
814	5.19887e-05
815	5.19789e-05
816	5.19846e-05
817	5.19972e-05
818	5.20102e-05
819	5.20059e-05
820	5.19974e-05
821	5.1975e-05
822	5.19553e-05
823	5.19611e-05
824	5.19733e-05
825	5.19638e-05
826	5.1932e-05
827	5.18995e-05
828	5.18664e-05
829	5.1854e-05
830	5.18463e-05
831	5.1829e-05
832	5.18055e-05
833	5.17662e-05
834	5.17296e-05
835	5.17062e-05
836	5.17016e-05
837	5.16826e-05
838	5.16582e-05
839	5.16375e-05
840	5.16134e-05
841	5.15852e-05
842	5.15481e-05
843	5.152e-05
844	5.14912e-05
845	5.14557e-05
846	5.14078e-05
847	5.13752e-05
848	5.13348e-05
849	5.12738e-05
850	5.12147e-05
851	5.11735e-05
852	5.11227e-05
853	5.10849e-05
854	5.1035e-05
855	5.09602e-05
856	5.09008e-05
857	5.0845e-05
858	5.07865e-05
859	5.07394e-05
860	5.0688e-05
861	5.0614e-05
862	5.05508e-05
863	5.04816e-05
864	5.04319e-05
865	5.03741e-05
866	5.03127e-05
867	5.02414e-05
868	5.01667e-05
869	5.01006e-05
870	5.00417e-05
871	4.99584e-05
872	4.98658e-05
873	4.97911e-05
874	4.97171e-05
875	4.96452e-05
876	4.95672e-05
877	4.94779e-05
878	4.93847e-05
879	4.93165e-05
880	4.9235e-05
881	4.91601e-05
882	4.90729e-05
883	4.89694e-05
884	4.88759e-05
885	4.881e-05
886	4.87366e-05
887	4.86321e-05
888	4.853e-05
889	4.84257e-05
890	4.83331e-05
891	4.8249e-05
892	4.81647e-05
893	4.80619e-05
894	4.79546e-05
895	4.78451e-05
896	4.77374e-05
897	4.76474e-05
898	4.75704e-05
899	4.7474e-05
900	4.73551e-05
901	4.72521e-05
902	4.7144e-05
903	4.70438e-05
904	4.69566e-05
905	4.685e-05
906	4.67273e-05
907	4.66266e-05
908	4.65078e-05
909	4.63939e-05
910	4.63141e-05
911	4.61986e-05
912	4.60502e-05
913	4.59425e-05
914	4.58326e-05
915	4.57232e-05
916	4.56129e-05
917	4.54764e-05
918	4.53392e-05
919	4.52274e-05
920	4.51045e-05
921	4.49873e-05
922	4.48633e-05
923	4.47151e-05
924	4.46018e-05
925	4.44841e-05
926	4.4365e-05
927	4.42314e-05
928	4.40906e-05
929	4.39448e-05
930	4.38015e-05
931	4.36742e-05
932	4.35576e-05
933	4.34253e-05
934	4.32715e-05
935	4.31212e-05
936	4.29803e-05
937	4.28385e-05
938	4.27158e-05
939	4.25711e-05
940	4.24218e-05
941	4.22673e-05
942	4.21238e-05
943	4.19739e-05
944	4.18523e-05
945	4.17041e-05
946	4.15399e-05
947	4.1371e-05
948	4.12172e-05
949	4.10689e-05
950	4.09399e-05
951	4.0808e-05
952	4.06508e-05
953	4.04845e-05
954	4.03406e-05
955	4.01905e-05
956	4.00425e-05
957	3.98936e-05
958	3.97413e-05
959	3.95815e-05
960	3.94327e-05
961	3.92843e-05
962	3.91408e-05
963	3.89961e-05
964	3.88459e-05
965	3.86904e-05
966	3.85511e-05
967	3.84068e-05
968	3.82551e-05
969	3.81082e-05
970	3.79582e-05
971	3.78143e-05
972	3.7672e-05
973	3.75316e-05
974	3.73926e-05
975	3.72472e-05
976	3.7102e-05
977	3.69612e-05
978	3.68284e-05
979	3.66919e-05
980	3.65515e-05
981	3.64081e-05
982	3.62691e-05
983	3.61329e-05
984	3.60124e-05
985	3.58848e-05
986	3.57533e-05
987	3.56188e-05
988	3.54792e-05
989	3.53523e-05
990	3.52267e-05
991	3.5109e-05
992	3.49845e-05
993	3.48528e-05
994	3.47226e-05
995	3.46062e-05
996	3.44878e-05
997	3.43732e-05
998	3.42557e-05
999	3.41376e-05
1000	3.40194e-05
1001	3.39121e-05
1002	3.38078e-05
1003	3.37034e-05
1004	3.35981e-05
1005	3.34986e-05
1006	3.34e-05
1007	3.33081e-05
1008	3.3209e-05
1009	3.31159e-05
1010	3.3024e-05
1011	3.29281e-05
1012	3.28312e-05
1013	3.27376e-05
1014	3.26461e-05
1015	3.25575e-05
1016	3.24663e-05
1017	3.23718e-05
1018	3.22824e-05
1019	3.22001e-05
1020	3.21167e-05
1021	3.2031e-05
1022	3.19504e-05
1023	3.18706e-05
1024	3.17958e-05
1025	3.17207e-05
1026	3.1649e-05
1027	3.15816e-05
1028	3.15088e-05
1029	3.14349e-05
1030	3.13695e-05
1031	3.13113e-05
1032	3.12497e-05
1033	3.1188e-05
1034	3.11262e-05
1035	3.10664e-05
1036	3.10124e-05
1037	3.09562e-05
1038	3.08993e-05
1039	3.08471e-05
1040	3.07973e-05
1041	3.07465e-05
1042	3.06991e-05
1043	3.06419e-05
1044	3.05909e-05
1045	3.05468e-05
1046	3.05087e-05
1047	3.04788e-05
1048	3.04475e-05
1049	3.04091e-05
1050	3.03605e-05
1051	3.03234e-05
1052	3.02913e-05
1053	3.02605e-05
1054	3.02242e-05
1055	3.01979e-05
1056	3.0166e-05
1057	3.01404e-05
1058	3.01129e-05
1059	3.00897e-05
1060	3.00682e-05
1061	3.00472e-05
1062	3.00277e-05
1063	3.00087e-05
1064	2.99924e-05
1065	2.99792e-05
1066	2.99567e-05
1067	2.9952e-05
1068	2.9947e-05
1069	2.99272e-05
1070	2.99186e-05
1071	2.99097e-05
1072	2.99025e-05
1073	2.98958e-05
1074	2.98869e-05
1075	2.98793e-05
1076	2.98625e-05
1077	2.98349e-05
1078	2.98225e-05
1079	2.98213e-05
1080	2.98101e-05
1081	2.98067e-05
1082	2.98054e-05
1083	2.98004e-05
1084	2.97886e-05
1085	2.9784e-05
1086	2.97758e-05
1087	2.97689e-05
1088	2.97553e-05
1089	2.97489e-05
1090	2.97454e-05
1091	2.97367e-05
1092	2.97275e-05
1093	2.97241e-05
1094	2.97118e-05
1095	2.96989e-05
1096	2.96899e-05
1097	2.96855e-05
1098	2.96742e-05
1099	2.96616e-05
1100	2.96505e-05
1101	2.9641e-05
1102	2.96292e-05
1103	2.96205e-05
1104	2.96076e-05
1105	2.95996e-05
1106	2.95878e-05
1107	2.95724e-05
1108	2.9556e-05
1109	2.95409e-05
1110	2.95263e-05
1111	2.95113e-05
1112	2.94957e-05
1113	2.94793e-05
1114	2.94615e-05
1115	2.94402e-05
1116	2.9421e-05
1117	2.94057e-05
1118	2.93874e-05
1119	2.9364e-05
1120	2.93437e-05
1121	2.93221e-05
1122	2.92932e-05
1123	2.9266e-05
1124	2.9245e-05
1125	2.92186e-05
1126	2.91863e-05
1127	2.91546e-05
1128	2.91286e-05
1129	2.90988e-05
1130	2.90657e-05
1131	2.90302e-05
1132	2.90017e-05
1133	2.89622e-05
1134	2.89243e-05
1135	2.88848e-05
1136	2.88419e-05
1137	2.8802e-05
1138	2.87584e-05
1139	2.87116e-05
1140	2.8664e-05
1141	2.86106e-05
1142	2.85543e-05
1143	2.85045e-05
1144	2.84496e-05
1145	2.83892e-05
1146	2.8327e-05
1147	2.8263e-05
1148	2.82024e-05
1149	2.81408e-05
1150	2.80687e-05
1151	2.79968e-05
1152	2.79211e-05
1153	2.78481e-05
1154	2.77767e-05
1155	2.7696e-05
1156	2.76164e-05
1157	2.75294e-05
1158	2.74433e-05
1159	2.73618e-05
1160	2.72741e-05
1161	2.71786e-05
1162	2.70807e-05
1163	2.69935e-05
1164	2.69023e-05
1165	2.68051e-05
1166	2.67002e-05
1167	2.65926e-05
1168	2.64859e-05
1169	2.6381e-05
1170	2.62746e-05
1171	2.61582e-05
1172	2.60396e-05
1173	2.59249e-05
1174	2.58134e-05
1175	2.57009e-05
1176	2.5578e-05
1177	2.54512e-05
1178	2.53222e-05
1179	2.52003e-05
1180	2.50777e-05
1181	2.49477e-05
1182	2.48138e-05
1183	2.46789e-05
1184	2.45477e-05
1185	2.4413e-05
1186	2.42768e-05
1187	2.41333e-05
1188	2.39796e-05
1189	2.38529e-05
1190	2.37174e-05
1191	2.35745e-05
1192	2.34141e-05
1193	2.32781e-05
1194	2.3131e-05
1195	2.29842e-05
1196	2.28342e-05
1197	2.26742e-05
1198	2.25331e-05
1199	2.23797e-05
1200	2.22276e-05
1201	2.20775e-05
1202	2.19172e-05
1203	2.17539e-05
1204	2.16079e-05
1205	2.14541e-05
1206	2.13005e-05
1207	2.11408e-05
1208	2.09814e-05
1209	2.08249e-05
1210	2.0672e-05
1211	2.05188e-05
1212	2.0361e-05
1213	2.02048e-05
1214	2.00523e-05
1215	1.99022e-05
1216	1.97545e-05
1217	1.96016e-05
1218	1.94462e-05
1219	1.92952e-05
1220	1.91476e-05
1221	1.90026e-05
1222	1.88609e-05
1223	1.87145e-05
1224	1.85725e-05
1225	1.84359e-05
1226	1.82961e-05
1227	1.81589e-05
1228	1.80182e-05
1229	1.78831e-05
1230	1.7755e-05
1231	1.76327e-05
1232	1.75078e-05
1233	1.73707e-05
1234	1.72317e-05
1235	1.71196e-05
1236	1.70026e-05
1237	1.68774e-05
1238	1.6764e-05
1239	1.66461e-05
1240	1.65237e-05
1241	1.64142e-05
1242	1.62999e-05
1243	1.61812e-05
1244	1.60716e-05
1245	1.59605e-05
1246	1.58484e-05
1247	1.57377e-05
1248	1.56296e-05
1249	1.55216e-05
1250	1.54098e-05
1251	1.5301e-05
1252	1.51924e-05
1253	1.50777e-05
1254	1.4974e-05
1255	1.48599e-05
1256	1.47472e-05
1257	1.46303e-05
1258	1.45221e-05
1259	1.44038e-05
1260	1.42999e-05
1261	1.41785e-05
1262	1.40663e-05
1263	1.39624e-05
1264	1.38342e-05
1265	1.37214e-05
1266	1.36085e-05
1267	1.35009e-05
1268	1.33684e-05
1269	1.32596e-05
1270	1.31341e-05
1271	1.30269e-05
1272	1.29007e-05
1273	1.27921e-05
1274	1.26648e-05
1275	1.25561e-05
1276	1.24248e-05
