1	0.472942
2	0.334125
3	0.154291
4	0.055691
5	0.0381886
6	0.0215875
7	0.013719
8	0.0119687
9	0.0114109
10	0.01117
11	0.0110295
12	0.0108391
13	0.0107578
14	0.0106248
15	0.0104786
16	0.0104318
17	0.0104212
18	0.0103261
19	0.0101849
20	0.00987362
21	0.00958445
22	0.00938338
23	0.00911224
24	0.00881065
25	0.00852018
26	0.00827569
27	0.00800833
28	0.00781458
29	0.00757041
30	0.00734271
31	0.0071177
32	0.00689257
33	0.00668803
34	0.00649465
35	0.00630811
36	0.00615273
37	0.00603655
38	0.00597715
39	0.00592472
40	0.00595364
41	0.00590711
42	0.00586355
43	0.00576754
44	0.00572454
45	0.00565595
46	0.00556558
47	0.00552538
48	0.00548698
49	0.00550799
50	0.00550162
51	0.00552701
52	0.00557186
53	0.00558246
54	0.00563102
55	0.00569811
56	0.00567062
57	0.00564917
58	0.00559107
59	0.00552682
60	0.00545091
61	0.00540087
62	0.00535308
63	0.00531806
64	0.00532268
65	0.00531329
66	0.00530042
67	0.00530512
68	0.00526988
69	0.0052528
70	0.00523441
71	0.00520475
72	0.00517807
73	0.00515636
74	0.00513481
75	0.0051101
76	0.00508006
77	0.00507358
78	0.00505867
79	0.00504461
80	0.00502034
81	0.00498975
82	0.00496465
83	0.00494755
84	0.00492827
85	0.00490231
86	0.00488555
87	0.00486993
88	0.00485326
89	0.00483292
90	0.00481346
91	0.00478925
92	0.00477935
93	0.00476264
94	0.00474442
95	0.00471849
96	0.00469621
97	0.00469363
98	0.00467721
99	0.00465188
100	0.00462241
101	0.00458932
102	0.00457451
103	0.00457074
104	0.00455639
105	0.00451941
106	0.00447409
107	0.00447044
108	0.00447557
109	0.00445903
110	0.00442677
111	0.00438804
112	0.00439107
113	0.00439298
114	0.00439165
115	0.00436912
116	0.00434086
117	0.00432261
118	0.00431054
119	0.00431319
120	0.00430737
121	0.00428236
122	0.00426033
123	0.004249
124	0.00424182
125	0.00423572
126	0.00422552
127	0.00420629
128	0.00419275
129	0.00417849
130	0.00417047
131	0.00415816
132	0.00414247
133	0.00413506
134	0.00412218
135	0.00410897
136	0.00409354
137	0.00408561
138	0.00406993
139	0.00406409
140	0.00404672
141	0.00403762
142	0.00403003
143	0.00401679
144	0.00399994
145	0.00399437
146	0.00398819
147	0.00397529
148	0.00396681
149	0.00396118
150	0.00395288
151	0.00393882
152	0.00392873
153	0.00391732
154	0.00390814
155	0.00390553
156	0.00389556
157	0.00387926
158	0.00386311
159	0.00385561
160	0.00385358
161	0.00385067
162	0.00384251
163	0.00382907
164	0.00381757
165	0.00380217
166	0.00379502
167	0.0037918
168	0.0037863
169	0.00377946
170	0.00376924
171	0.00375749
172	0.00374302
173	0.0037423
174	0.00374582
175	0.00374566
176	0.00373892
177	0.0037288
178	0.00371219
179	0.00370154
180	0.00370096
181	0.00370314
182	0.00370141
183	0.00369593
184	0.00369003
185	0.00367551
186	0.0036634
187	0.00367329
188	0.0036761
189	0.00367296
190	0.00366716
191	0.00365507
192	0.00364331
193	0.00363646
194	0.0036414
195	0.00364188
196	0.00364738
197	0.00364738
198	0.00363805
199	0.00362533
200	0.00361927
201	0.0036243
202	0.00362986
203	0.00363425
204	0.00362934
205	0.00361495
206	0.00360133
207	0.00359821
208	0.00360679
209	0.00361654
210	0.00361982
211	0.00361323
212	0.00360039
213	0.00359473
214	0.00359661
215	0.0035992
216	0.00360454
217	0.00360247
218	0.00360057
219	0.00359328
220	0.00358845
221	0.00358686
222	0.00359094
223	0.00360121
224	0.00360593
225	0.00360512
226	0.00359549
227	0.00358867
228	0.00358457
229	0.00359332
230	0.00360359
231	0.00360644
232	0.0036032
233	0.00359409
234	0.00359017
235	0.00359371
236	0.00360854
237	0.00361615
238	0.00361503
239	0.00360745
240	0.00359927
241	0.00359937
242	0.0036059
243	0.00361408
244	0.0036154
245	0.00361617
246	0.00361187
247	0.00360919
248	0.00361464
249	0.00361946
250	0.00362842
251	0.00362806
252	0.00362567
253	0.0036232
254	0.0036239
255	0.00362992
256	0.00363553
257	0.0036407
258	0.00364102
259	0.00364085
260	0.00364806
261	0.00365193
262	0.00365637
263	0.00365643
264	0.00365761
265	0.00365925
266	0.00366365
267	0.00367222
268	0.00367493
269	0.00368029
270	0.00367964
271	0.00368294
272	0.00368984
273	0.00369557
274	0.0037026
275	0.00370965
276	0.0037138
277	0.00370935
278	0.00371237
279	0.00372092
280	0.00372486
281	0.0037381
282	0.00374846
283	0.00374951
284	0.00374453
285	0.00375058
286	0.00376087
287	0.00376535
288	0.00378285
289	0.00378895
290	0.00378596
291	0.00378273
292	0.00379228
293	0.00380373
294	0.00381058
295	0.00383091
296	0.00383536
297	0.00383402
298	0.00383483
299	0.00384091
300	0.00385143
301	0.0038609
302	0.00387802
303	0.00388098
304	0.00388101
305	0.00388319
306	0.00389016
307	0.00390268
308	0.00391807
309	0.00393109
310	0.0039348
311	0.00393647
312	0.00393834
313	0.0039453
314	0.00395943
315	0.00397245
316	0.00398547
317	0.00399151
318	0.00399386
319	0.00399473
320	0.00400292
321	0.00401826
322	0.00403353
323	0.00404556
324	0.0040524
325	0.00405227
326	0.00405298
327	0.00406369
328	0.00408006
329	0.00409566
330	0.00410537
331	0.00410965
332	0.0041108
333	0.00411122
334	0.0041277
335	0.00414267
336	0.0041586
337	0.00416448
338	0.00416838
339	0.00417172
340	0.00417473
341	0.00419448
342	0.0042059
343	0.00422051
344	0.00422559
345	0.00423017
346	0.00423526
347	0.00424269
348	0.00425966
349	0.00426993
350	0.00428599
351	0.00428883
352	0.00429448
353	0.0043038
354	0.00431138
355	0.00432541
356	0.00433672
357	0.004351
358	0.00435336
359	0.00436097
360	0.00437297
361	0.00437776
362	0.00439229
363	0.0044033
364	0.00441423
365	0.0044167
366	0.00442929
367	0.00444215
368	0.00444461
369	0.00445851
370	0.00446635
371	0.00447903
372	0.00448241
373	0.00449844
374	0.0045076
375	0.00450909
376	0.00452097
377	0.00453237
378	0.00454262
379	0.00454891
380	0.00456556
381	0.00457071
382	0.00457227
383	0.00458638
384	0.0045965
385	0.00460576
386	0.00461586
387	0.0046308
388	0.00463604
389	0.00463774
390	0.00465322
391	0.00465878
392	0.00466856
393	0.00468362
394	0.00469705
395	0.00470015
396	0.00470494
397	0.00471691
398	0.00472376
399	0.0047362
400	0.00475436
401	0.00476639
402	0.00476612
403	0.00476951
404	0.00477933
405	0.00478901
406	0.00480731
407	0.00482551
408	0.00483453
409	0.00483096
410	0.00483211
411	0.00484413
412	0.00485928
413	0.00487952
414	0.00489423
415	0.00490012
416	0.00489282
417	0.00489634
418	0.00491201
419	0.00493053
420	0.00494973
421	0.00496093
422	0.00496141
423	0.00495466
424	0.00496274
425	0.00498597
426	0.0050007
427	0.00501815
428	0.00502627
429	0.00502082
430	0.00501713
431	0.00503333
432	0.00505401
433	0.00506794
434	0.00508578
435	0.00508645
436	0.00508302
437	0.00508403
438	0.0051027
439	0.00511946
440	0.00513641
441	0.00514798
442	0.0051467
443	0.00514609
444	0.00514602
445	0.0051686
446	0.00518499
447	0.0051986
448	0.00520582
449	0.00520604
450	0.00520443
451	0.00521171
452	0.00523273
453	0.00524641
454	0.00525399
455	0.00526192
456	0.00526486
457	0.00526237
458	0.00527447
459	0.00529136
460	0.00530221
461	0.00531121
462	0.00532045
463	0.00532258
464	0.00532181
465	0.00533473
466	0.00534725
467	0.00535773
468	0.00537032
469	0.00537805
470	0.00537992
471	0.00537953
472	0.00539067
473	0.0054032
474	0.00541686
475	0.00542914
476	0.00543375
477	0.00543559
478	0.00543352
479	0.00544497
480	0.00546295
481	0.00547561
482	0.00548506
483	0.00548968
484	0.0054874
485	0.00548643
486	0.00550222
487	0.00552075
488	0.00553106
489	0.00554003
490	0.00554127
491	0.00554008
492	0.0055446
493	0.00555893
494	0.00557626
495	0.00558406
496	0.00559048
497	0.00559034
498	0.00559471
499	0.0056003
500	0.00561395
501	0.00562825
502	0.00562978
503	0.00563579
504	0.00564018
505	0.00564705
506	0.00565276
507	0.00566735
508	0.00567654
509	0.00567472
510	0.00568494
511	0.00569054
512	0.00569487
513	0.00570142
514	0.00571611
515	0.00572071
516	0.00572388
517	0.00573548
518	0.00573906
519	0.00574084
520	0.00574671
521	0.00576292
522	0.00576489
523	0.00577507
524	0.00578376
525	0.00578514
526	0.00578676
527	0.00579285
528	0.00581059
529	0.00581114
530	0.0058256
531	0.00583011
532	0.0058346
533	0.0058336
534	0.00584362
535	0.0058617
536	0.00586147
537	0.00587616
538	0.00587885
539	0.00588524
540	0.00588658
541	0.00590133
542	0.00591545
543	0.00591675
544	0.00592984
545	0.00593235
546	0.00594215
547	0.00594223
548	0.00595925
549	0.00596859
550	0.00597522
551	0.00598616
552	0.00599114
553	0.00599975
554	0.00600001
555	0.00601561
556	0.00602435
557	0.00603337
558	0.00604312
559	0.00605352
560	0.00605824
561	0.00605924
562	0.00607619
563	0.00607952
564	0.00609477
565	0.00610748
566	0.00611475
567	0.00611514
568	0.00612078
569	0.00613324
570	0.00614342
571	0.00616079
572	0.00616868
573	0.0061764
574	0.00617312
575	0.00618255
576	0.00619775
577	0.00621187
578	0.00622535
579	0.00622974
580	0.00623551
581	0.00623039
582	0.00624768
583	0.00626506
584	0.00627718
585	0.0062851
586	0.00629012
587	0.0062941
588	0.00629483
589	0.00631488
590	0.00632738
591	0.00633887
592	0.00634399
593	0.00635225
594	0.00635566
595	0.00636229
596	0.00637576
597	0.00638776
598	0.00640004
599	0.00640381
600	0.00641334
601	0.00641779
602	0.00642325
603	0.00643471
604	0.00644854
605	0.00646027
606	0.00646248
607	0.00647591
608	0.00647353
609	0.00647976
610	0.00649247
611	0.00650615
612	0.00651748
613	0.00652568
614	0.00653252
615	0.00652951
616	0.00653623
617	0.00654963
618	0.00656584
619	0.00657906
620	0.00658389
621	0.00658659
622	0.00658221
623	0.00658921
624	0.00660813
625	0.00662535
626	0.0066329
627	0.00663611
628	0.00663119
629	0.00662922
630	0.00663986
631	0.00666487
632	0.00667612
633	0.00667883
634	0.00668116
635	0.00667318
636	0.00667641
637	0.00669484
638	0.00671105
639	0.00672212
640	0.00672273
641	0.00672001
642	0.00671615
643	0.0067245
644	0.00674269
645	0.00675832
646	0.00676116
647	0.00676434
648	0.00675948
649	0.00675916
650	0.00677161
651	0.00678361
652	0.00679814
653	0.00679901
654	0.00680031
655	0.00680072
656	0.00679706
657	0.00680923
658	0.0068195
659	0.00682967
660	0.00683229
661	0.00683737
662	0.00683353
663	0.00683198
664	0.00684093
665	0.00685351
666	0.00686069
667	0.00686954
668	0.00687131
669	0.0068586
670	0.0068617
671	0.0068697
672	0.00688385
673	0.00689789
674	0.00690095
675	0.00689639
676	0.00688414
677	0.00688666
678	0.00689616
679	0.0069161
680	0.0069259
681	0.00692436
682	0.006914
683	0.00690233
684	0.00691019
685	0.006928
686	0.00694161
687	0.00694658
688	0.0069414
689	0.00692819
690	0.00692201
691	0.00693598
692	0.00695195
693	0.00696324
694	0.00696498
695	0.00695521
696	0.00694093
697	0.00694745
698	0.00696076
699	0.00697273
700	0.00697861
701	0.00697729
702	0.00696657
703	0.00696286
704	0.00697028
705	0.00697932
706	0.0069906
707	0.0069932
708	0.00699183
709	0.00698524
710	0.00698325
711	0.00698839
712	0.00699878
713	0.00700473
714	0.00700966
715	0.00701058
716	0.00700005
717	0.00700052
718	0.00700576
719	0.00701319
720	0.00702306
721	0.00702924
722	0.00702283
723	0.00701626
724	0.00702012
725	0.00702338
726	0.00703753
727	0.00704324
728	0.00704345
729	0.00703538
730	0.00703311
731	0.00703745
732	0.00704723
733	0.00705741
734	0.00705886
735	0.00705506
736	0.00704703
737	0.00705012
738	0.00705947
739	0.00706994
740	0.00707483
741	0.00707204
742	0.00706128
743	0.00706133
744	0.0070744
745	0.00708412
746	0.00709078
747	0.00708929
748	0.00707892
749	0.00707415
750	0.00708913
751	0.00709946
752	0.00710817
753	0.0071068
754	0.0070984
755	0.00709254
756	0.00710231
757	0.00711695
758	0.00712539
759	0.00712675
760	0.00711997
761	0.00711398
762	0.00712056
763	0.00713334
764	0.00714222
765	0.00714619
766	0.00714137
767	0.00714035
768	0.00714033
769	0.00715202
770	0.00716139
771	0.00716502
772	0.00716406
773	0.00716591
774	0.00716423
775	0.00717279
776	0.00718182
777	0.00718377
778	0.00718607
779	0.00719125
780	0.00719039
781	0.00719661
782	0.00720335
783	0.00720632
784	0.00721048
785	0.00721689
786	0.00721837
787	0.00721963
788	0.00722478
789	0.00722895
790	0.00723554
791	0.00724526
792	0.00724561
793	0.00724363
794	0.00724805
795	0.00725274
796	0.00726205
797	0.00727393
798	0.00727447
799	0.00727001
800	0.0072741
801	0.0072792
802	0.00729115
803	0.00730166
804	0.00730277
805	0.00729513
806	0.00729818
807	0.00730686
808	0.00732042
809	0.00732882
810	0.00733044
811	0.00732183
812	0.00732309
813	0.00733515
814	0.00734952
815	0.00735547
816	0.00735612
817	0.00734696
818	0.00734853
819	0.00736241
820	0.00737461
821	0.00738
822	0.00737831
823	0.00736883
824	0.00737388
825	0.00738745
826	0.00739661
827	0.00740087
828	0.00739787
829	0.00738892
830	0.00739698
831	0.00740891
832	0.00741569
833	0.00741804
834	0.00741398
835	0.00740665
836	0.00741654
837	0.00742651
838	0.00743012
839	0.00743226
840	0.00742524
841	0.00742261
842	0.00743233
843	0.00743932
844	0.00744007
845	0.00744013
846	0.00743387
847	0.00743528
848	0.00744258
849	0.00744682
850	0.00744584
851	0.00744272
852	0.00743851
853	0.00744278
854	0.00744723
855	0.0074481
856	0.00744591
857	0.00744067
858	0.00744136
859	0.00744444
860	0.00744605
861	0.00744462
862	0.0074382
863	0.0074343
864	0.0074384
865	0.00743919
866	0.00743707
867	0.00743233
868	0.00742498
869	0.00742463
870	0.00742778
871	0.00742649
872	0.00742101
873	0.00741223
874	0.00740496
875	0.007411
876	0.00741055
877	0.00740544
878	0.0073978
879	0.00738616
880	0.00738403
881	0.00738791
882	0.00738465
883	0.00737727
884	0.00736652
885	0.00735529
886	0.00735598
887	0.00735592
888	0.00735047
889	0.007343
890	0.0073288
891	0.0073204
892	0.00731969
893	0.00731526
894	0.00730877
895	0.00729679
896	0.00728352
897	0.00727821
898	0.00727404
899	0.00726539
900	0.00725662
901	0.00724365
902	0.00723475
903	0.00722702
904	0.00721924
905	0.00720817
906	0.00719614
907	0.00718545
908	0.00717849
909	0.00716554
910	0.00715417
911	0.00714042
912	0.00712898
913	0.00712194
914	0.00710947
915	0.0070922
916	0.00707825
917	0.00706399
918	0.00705491
919	0.00704722
920	0.00702742
921	0.007007
922	0.00699189
923	0.0069799
924	0.0069728
925	0.00695732
926	0.0069302
927	0.00691126
928	0.00689742
929	0.00688654
930	0.00687755
931	0.00685705
932	0.00682605
933	0.00680742
934	0.00679499
935	0.00678572
936	0.0067697
937	0.00674401
938	0.00671135
939	0.00669531
940	0.00668312
941	0.0066719
942	0.00665015
943	0.00661809
944	0.00658896
945	0.00657368
946	0.00656256
947	0.00654537
948	0.00651773
949	0.00648052
950	0.00645755
951	0.00644207
952	0.00643019
953	0.00640827
954	0.00637574
955	0.00634056
956	0.00631853
957	0.00630229
958	0.00628602
959	0.00625924
960	0.00622211
961	0.00619191
962	0.00616928
963	0.00615057
964	0.00612951
965	0.00609965
966	0.00606069
967	0.00603383
968	0.00601053
969	0.00599053
970	0.00596498
971	0.00593197
972	0.00589499
973	0.00586919
974	0.00584699
975	0.00582377
976	0.00579471
977	0.00576013
978	0.00572584
979	0.00570223
980	0.00567908
981	0.00565354
982	0.00562136
983	0.0055872
984	0.00555484
985	0.00553245
986	0.00550898
987	0.00548303
988	0.00545043
989	0.00541629
990	0.00538531
991	0.00536401
992	0.00534118
993	0.00531471
994	0.00528384
995	0.00525067
996	0.00522077
997	0.00519933
998	0.00517678
999	0.00515244
1000	0.00512408
1001	0.0050931
1002	0.00506357
1003	0.00504186
1004	0.00502143
1005	0.0049998
1006	0.00497355
1007	0.00494503
1008	0.00491841
1009	0.00489567
1010	0.0048767
1011	0.00485583
1012	0.00483333
1013	0.00480978
1014	0.00478584
1015	0.00476329
1016	0.00474521
1017	0.00472615
1018	0.00470645
1019	0.00468612
1020	0.00466593
1021	0.00464728
1022	0.00462841
1023	0.00461293
1024	0.00459592
1025	0.00457783
1026	0.00456029
1027	0.00454571
1028	0.0045291
1029	0.00451318
1030	0.00449942
1031	0.00448474
1032	0.00446895
1033	0.00445465
1034	0.00444223
1035	0.00442743
1036	0.00441274
1037	0.00440095
1038	0.00438794
1039	0.00437508
1040	0.00436329
1041	0.00435256
1042	0.00434009
1043	0.0043256
1044	0.00431446
1045	0.0043036
1046	0.00429404
1047	0.00428418
1048	0.00427484
1049	0.0042644
1050	0.00425114
1051	0.00424082
1052	0.00423156
1053	0.00422338
1054	0.00421499
1055	0.00420735
1056	0.0041998
1057	0.00418792
1058	0.0041765
1059	0.00416921
1060	0.00416069
1061	0.00415288
1062	0.00414566
1063	0.00413858
1064	0.0041304
1065	0.00412162
1066	0.00411193
1067	0.0041034
1068	0.00409614
1069	0.0040888
1070	0.00408252
1071	0.00407691
1072	0.00407029
1073	0.00406265
1074	0.00405329
1075	0.00404422
1076	0.00403662
1077	0.00403032
1078	0.0040246
1079	0.00402077
1080	0.00401548
1081	0.00400811
1082	0.00400038
1083	0.00399222
1084	0.00398469
1085	0.00398011
1086	0.00397717
1087	0.00397234
1088	0.00396751
1089	0.00396137
1090	0.00395468
1091	0.00394892
1092	0.00394297
1093	0.00393606
1094	0.00393249
1095	0.00392822
1096	0.00392457
1097	0.00391997
1098	0.00391494
1099	0.00390813
1100	0.00390141
1101	0.00389585
1102	0.00389301
1103	0.00388907
1104	0.00388418
1105	0.00387881
1106	0.00387276
1107	0.00386712
1108	0.0038637
1109	0.00385897
1110	0.00385222
1111	0.00384555
1112	0.00383992
1113	0.00383535
1114	0.0038308
1115	0.00382458
1116	0.00381729
1117	0.00380932
1118	0.00380178
1119	0.00379558
1120	0.00378953
1121	0.00378226
1122	0.00377314
1123	0.00376358
1124	0.00375397
1125	0.00374545
1126	0.0037373
1127	0.00372789
1128	0.00371747
1129	0.00370778
1130	0.00369726
1131	0.00368645
1132	0.00367692
1133	0.00366684
1134	0.00365482
1135	0.00364199
1136	0.00362969
1137	0.00361828
1138	0.00360709
1139	0.00359486
1140	0.00358148
1141	0.00356802
1142	0.00355381
1143	0.0035396
1144	0.00352591
1145	0.00351131
1146	0.00349807
1147	0.003483
1148	0.00346712
1149	0.00344996
1150	0.00343467
1151	0.00342116
1152	0.00340622
1153	0.00338969
1154	0.00337206
1155	0.00335362
1156	0.00333655
1157	0.00332118
1158	0.00330521
1159	0.00328676
1160	0.00326765
1161	0.00324835
1162	0.00323
1163	0.00321278
1164	0.0031939
1165	0.00317525
1166	0.00315592
1167	0.00313556
1168	0.00311557
1169	0.00309653
1170	0.00307675
1171	0.00305681
1172	0.00303659
1173	0.0030151
1174	0.002993
1175	0.00297267
1176	0.00295236
1177	0.00293096
1178	0.0029094
1179	0.00288767
1180	0.0028658
1181	0.0028444
1182	0.00282331
1183	0.00280151
1184	0.00277922
1185	0.00275693
1186	0.00273438
1187	0.00271237
1188	0.00269047
1189	0.00266883
1190	0.00264611
1191	0.0026234
1192	0.00260056
1193	0.00257853
1194	0.00255555
1195	0.00253321
1196	0.00251221
1197	0.00248956
1198	0.00246724
1199	0.00244403
1200	0.00242174
1201	0.00239932
1202	0.0023781
1203	0.00235607
1204	0.00233547
1205	0.0023149
1206	0.00229492
1207	0.00227411
1208	0.00225356
1209	0.0022338
1210	0.00221404
1211	0.00219319
1212	0.00217313
1213	0.00215367
1214	0.00213548
1215	0.00211707
1216	0.00209747
1217	0.00207643
1218	0.00205626
1219	0.0020369
1220	0.00201791
1221	0.00199937
1222	0.00198157
1223	0.00196422
1224	0.00194709
1225	0.00192985
1226	0.00191211
1227	0.00189402
1228	0.00187565
1229	0.00185644
1230	0.00183604
1231	0.00181685
1232	0.00179831
1233	0.00177791
1234	0.00175649
1235	0.00173622
1236	0.00171587
1237	0.00169443
1238	0.00167393
1239	0.00165378
1240	0.00163214
1241	0.00161173
1242	0.00159053
1243	0.00156854
1244	0.00154785
1245	0.00152713
1246	0.00150584
1247	0.0014857
1248	0.00146509
1249	0.00144377
1250	0.0014238
1251	0.00140358
1252	0.00138315
1253	0.00136383
1254	0.00134451
1255	0.00132528
1256	0.00130571
1257	0.00128721
1258	0.00126853
1259	0.00125057
1260	0.00123268
1261	0.00121529
1262	0.00119795
1263	0.00118064
1264	0.00116428
1265	0.00114888
1266	0.00113254
1267	0.00111607
1268	0.00110108
1269	0.00108637
1270	0.00107229
1271	0.00105805
1272	0.00104487
1273	0.00103115
1274	0.0010188
1275	0.00100602
1276	0.000994094
