1	0.0292015
2	0.0272546
3	0.0122895
4	0.00417835
5	0.002771
6	0.00137421
7	0.000788724
8	0.000691439
9	0.000670069
10	0.000667031
11	0.000660772
12	0.000643736
13	0.000632111
14	0.000621137
15	0.000615231
16	0.000627053
17	0.000635166
18	0.000631376
19	0.000617141
20	0.000597721
21	0.000582644
22	0.000573065
23	0.000558045
24	0.000538992
25	0.000519317
26	0.000501641
27	0.000482498
28	0.000470072
29	0.00045423
30	0.000439552
31	0.000424953
32	0.00041273
33	0.000399698
34	0.000387743
35	0.000375565
36	0.000365796
37	0.000358
38	0.000353263
39	0.00035022
40	0.000353071
41	0.000351108
42	0.000347787
43	0.000340707
44	0.000337675
45	0.000333959
46	0.000325757
47	0.00032375
48	0.000322875
49	0.000323203
50	0.000324667
51	0.000328027
52	0.000331719
53	0.000335514
54	0.000338925
55	0.00034677
56	0.00034657
57	0.000345909
58	0.000344028
59	0.000340736
60	0.000336972
61	0.000333997
62	0.000331748
63	0.000330701
64	0.000331189
65	0.000333067
66	0.000333378
67	0.000334508
68	0.000334003
69	0.000333636
70	0.00033319
71	0.000332277
72	0.000331122
73	0.000329833
74	0.000328654
75	0.000327857
76	0.000327361
77	0.000327129
78	0.000326598
79	0.000325862
80	0.00032511
81	0.000324013
82	0.000323084
83	0.000322377
84	0.000321525
85	0.000320648
86	0.000319768
87	0.000318918
88	0.000318263
89	0.000317805
90	0.000317239
91	0.00031655
92	0.000315785
93	0.000315025
94	0.000314631
95	0.000314028
96	0.000313168
97	0.000312028
98	0.000310798
99	0.00030964
100	0.000308654
101	0.000307393
102	0.000305989
103	0.00030493
104	0.000303816
105	0.000302511
106	0.000301222
107	0.000300454
108	0.000300022
109	0.00029939
110	0.000298539
111	0.000297686
112	0.00029745
113	0.000296951
114	0.000296152
115	0.000295203
116	0.00029424
117	0.000293422
118	0.000292651
119	0.000291783
120	0.000290927
121	0.000289977
122	0.000289179
123	0.000288366
124	0.000287772
125	0.000287105
126	0.000286328
127	0.000285439
128	0.00028459
129	0.000283669
130	0.000282891
131	0.000282054
132	0.000281175
133	0.000280256
134	0.000279371
135	0.000278363
136	0.000277501
137	0.000276674
138	0.00027595
139	0.000275083
140	0.000274161
141	0.000273158
142	0.000272133
143	0.00027132
144	0.000270591
145	0.000269725
146	0.000268884
147	0.000267881
148	0.000266983
149	0.000266366
150	0.000265795
151	0.000265066
152	0.000264239
153	0.000263412
154	0.000262301
155	0.000261319
156	0.000260625
157	0.000259801
158	0.000259102
159	0.000258381
160	0.00025755
161	0.000256654
162	0.000256074
163	0.000255429
164	0.000254771
165	0.000253978
166	0.000253197
167	0.000252313
168	0.000251592
169	0.00025094
170	0.000250323
171	0.000249687
172	0.000249132
173	0.000248572
174	0.000247993
175	0.000247527
176	0.00024699
177	0.000246441
178	0.00024586
179	0.000245271
180	0.00024461
181	0.000244018
182	0.000243536
183	0.000243098
184	0.000242722
185	0.000242339
186	0.000241995
187	0.000241504
188	0.000240904
189	0.000240415
190	0.000239823
191	0.00023928
192	0.000238979
193	0.000238607
194	0.000238033
195	0.000237668
196	0.000237419
197	0.000237134
198	0.000237016
199	0.000236865
200	0.000236518
201	0.00023593
202	0.000235545
203	0.000235133
204	0.000234864
205	0.000234559
206	0.000234361
207	0.000234185
208	0.000233834
209	0.000233593
210	0.000233446
211	0.0002334
212	0.000233364
213	0.000233232
214	0.000232989
215	0.000232466
216	0.000232076
217	0.00023199
218	0.000231978
219	0.00023207
220	0.000232147
221	0.000232012
222	0.000231765
223	0.00023168
224	0.000231742
225	0.000231872
226	0.000231922
227	0.000231869
228	0.000231542
229	0.000231188
230	0.000230992
231	0.000231089
232	0.000231329
233	0.000231602
234	0.000231671
235	0.000231639
236	0.00023143
237	0.000231391
238	0.000231495
239	0.000231684
240	0.000231696
241	0.000231622
242	0.000231425
243	0.000231188
244	0.000231111
245	0.000231375
246	0.000231695
247	0.000231906
248	0.000232031
249	0.000231954
250	0.000231797
251	0.000231767
252	0.000232036
253	0.000232183
254	0.000232358
255	0.000232456
256	0.000232459
257	0.00023239
258	0.000232642
259	0.000233044
260	0.000233302
261	0.000233569
262	0.000233657
263	0.000233596
264	0.000233575
265	0.000233768
266	0.000234162
267	0.000234383
268	0.00023475
269	0.000234981
270	0.00023513
271	0.000235431
272	0.000235777
273	0.000236189
274	0.000236477
275	0.000236758
276	0.000236898
277	0.000237125
278	0.00023749
279	0.000237754
280	0.000238149
281	0.000238583
282	0.000238937
283	0.000239285
284	0.000239858
285	0.00024029
286	0.000240474
287	0.000240881
288	0.000241231
289	0.000241513
290	0.000242057
291	0.000242683
292	0.000243101
293	0.000243361
294	0.000243856
295	0.000244358
296	0.000244885
297	0.000245709
298	0.000246301
299	0.00024666
300	0.000246836
301	0.000247169
302	0.000247653
303	0.00024839
304	0.000249104
305	0.000249706
306	0.000250234
307	0.000250484
308	0.00025091
309	0.000251619
310	0.000252492
311	0.00025311
312	0.000253728
313	0.000254194
314	0.000254414
315	0.00025485
316	0.000255789
317	0.000256636
318	0.000257289
319	0.000257941
320	0.000258361
321	0.000258593
322	0.000259261
323	0.000260263
324	0.000261071
325	0.000261777
326	0.000262363
327	0.000262798
328	0.000263164
329	0.000263877
330	0.000264765
331	0.00026565
332	0.000266233
333	0.000266814
334	0.000267338
335	0.000267972
336	0.000268718
337	0.000269546
338	0.000270366
339	0.000270945
340	0.000271538
341	0.000272246
342	0.00027297
343	0.000273623
344	0.000274423
345	0.000275167
346	0.000275781
347	0.00027647
348	0.000277335
349	0.000277994
350	0.000278734
351	0.000279403
352	0.000280236
353	0.000280856
354	0.000281681
355	0.000282546
356	0.000283228
357	0.00028378
358	0.000284439
359	0.000285205
360	0.000285919
361	0.000286853
362	0.000287662
363	0.00028826
364	0.000288702
365	0.00028937
366	0.00029017
367	0.00029109
368	0.000291981
369	0.000292725
370	0.000293111
371	0.000293588
372	0.000294178
373	0.00029506
374	0.000295994
375	0.000296924
376	0.000297498
377	0.000297779
378	0.00029836
379	0.00029907
380	0.000300026
381	0.000301053
382	0.000301774
383	0.000302188
384	0.000302586
385	0.000303182
386	0.000304064
387	0.00030503
388	0.000306074
389	0.000306603
390	0.000307009
391	0.000307452
392	0.000308157
393	0.000309129
394	0.000310087
395	0.000311006
396	0.000311513
397	0.000311932
398	0.000312478
399	0.000313419
400	0.00031444
401	0.000315312
402	0.000316089
403	0.000316615
404	0.000317089
405	0.000317788
406	0.000318773
407	0.000319737
408	0.000320538
409	0.000321276
410	0.000321805
411	0.000322416
412	0.000323157
413	0.00032405
414	0.000324984
415	0.000325701
416	0.000326447
417	0.000327022
418	0.000327794
419	0.000328446
420	0.000329256
421	0.00033014
422	0.000330796
423	0.000331551
424	0.00033236
425	0.000333152
426	0.000333604
427	0.000334357
428	0.000335142
429	0.00033581
430	0.000336733
431	0.000337604
432	0.000338198
433	0.000338539
434	0.000339272
435	0.000340127
436	0.000340783
437	0.000341915
438	0.000342684
439	0.00034305
440	0.000343401
441	0.000344068
442	0.000344878
443	0.000345754
444	0.000346731
445	0.000347296
446	0.000347702
447	0.000347951
448	0.000348622
449	0.000349577
450	0.000350421
451	0.000351139
452	0.000351723
453	0.000351941
454	0.000352344
455	0.000353104
456	0.000354161
457	0.000354787
458	0.000355353
459	0.000355847
460	0.000356206
461	0.000356681
462	0.000357493
463	0.000358495
464	0.00035904
465	0.000359549
466	0.000359984
467	0.000360402
468	0.000361017
469	0.0003618
470	0.000362715
471	0.000363149
472	0.000363664
473	0.000364126
474	0.000364605
475	0.000365259
476	0.000365866
477	0.000366775
478	0.000367198
479	0.000367767
480	0.000368398
481	0.000368756
482	0.000369306
483	0.000369942
484	0.000370737
485	0.000371208
486	0.000371903
487	0.000372494
488	0.000372755
489	0.000373268
490	0.000373882
491	0.000374652
492	0.000375293
493	0.000375965
494	0.000376415
495	0.000376618
496	0.000377106
497	0.0003776
498	0.000378474
499	0.000379274
500	0.000379895
501	0.00038005
502	0.000380125
503	0.000380575
504	0.000381298
505	0.000382309
506	0.000382999
507	0.000383398
508	0.000383555
509	0.000383607
510	0.000384116
511	0.000385005
512	0.000385954
513	0.000386484
514	0.000386813
515	0.000386853
516	0.000387028
517	0.000387813
518	0.000388648
519	0.000389493
520	0.000389893
521	0.000390111
522	0.000390178
523	0.000390668
524	0.000391475
525	0.000392213
526	0.000392967
527	0.000393313
528	0.000393498
529	0.00039382
530	0.000394375
531	0.00039522
532	0.000395847
533	0.000396509
534	0.000396762
535	0.000397247
536	0.000397751
537	0.000398299
538	0.000399113
539	0.000399752
540	0.000400353
541	0.000400701
542	0.000401569
543	0.000401876
544	0.000402443
545	0.000403139
546	0.000403773
547	0.00040446
548	0.000405189
549	0.000405962
550	0.000406183
551	0.000406732
552	0.000407367
553	0.00040807
554	0.000409083
555	0.000409815
556	0.000410393
557	0.000410655
558	0.000411064
559	0.000411704
560	0.000412902
561	0.000413779
562	0.000414528
563	0.000414948
564	0.000415108
565	0.000415631
566	0.000416632
567	0.000417861
568	0.000418587
569	0.000419242
570	0.00041958
571	0.00041972
572	0.000420636
573	0.000421835
574	0.000422974
575	0.000423486
576	0.000424036
577	0.000424361
578	0.00042475
579	0.000426006
580	0.000427037
581	0.000427906
582	0.000428437
583	0.000428934
584	0.000429304
585	0.000430057
586	0.000431201
587	0.000432135
588	0.000432952
589	0.000433339
590	0.00043398
591	0.0004345
592	0.000435413
593	0.000436336
594	0.000437153
595	0.000437831
596	0.000438363
597	0.000439133
598	0.000439662
599	0.000440519
600	0.000441125
601	0.000442074
602	0.000442572
603	0.000443607
604	0.000444218
605	0.000444721
606	0.000445342
607	0.000445979
608	0.000446829
609	0.000447653
610	0.000448737
611	0.000448943
612	0.00044946
613	0.000449933
614	0.000450705
615	0.00045168
616	0.000452782
617	0.000453435
618	0.000453687
619	0.000453969
620	0.000454539
621	0.000455693
622	0.00045674
623	0.00045764
624	0.000457944
625	0.000458137
626	0.000458224
627	0.000459349
628	0.000460455
629	0.000461223
630	0.000461842
631	0.000462002
632	0.000462061
633	0.000462612
634	0.00046392
635	0.000464763
636	0.000465504
637	0.000465719
638	0.000465852
639	0.000466156
640	0.000467152
641	0.000468108
642	0.000469034
643	0.000469373
644	0.000469576
645	0.000470058
646	0.000470587
647	0.000471507
648	0.000472303
649	0.000472768
650	0.000473105
651	0.000473505
652	0.000474258
653	0.000474687
654	0.000475437
655	0.000475886
656	0.000476205
657	0.000476687
658	0.000477541
659	0.000477982
660	0.000478245
661	0.000478675
662	0.000479181
663	0.000479628
664	0.00048061
665	0.000481354
666	0.00048129
667	0.000481519
668	0.000481891
669	0.000482429
670	0.000483648
671	0.000484354
672	0.000484664
673	0.000484439
674	0.000484601
675	0.000485184
676	0.000486329
677	0.000487188
678	0.000487537
679	0.000487387
680	0.000487191
681	0.000487611
682	0.000488806
683	0.000489738
684	0.000490091
685	0.000490204
686	0.000489916
687	0.000490021
688	0.000491173
689	0.000492027
690	0.000492664
691	0.000492801
692	0.000492665
693	0.000492658
694	0.000493531
695	0.000494383
696	0.000495019
697	0.00049522
698	0.000495322
699	0.000495516
700	0.000495921
701	0.000496635
702	0.000497293
703	0.000497572
704	0.000497841
705	0.000498149
706	0.000498738
707	0.0004991
708	0.000499519
709	0.000499863
710	0.000500212
711	0.000500688
712	0.000501519
713	0.000501668
714	0.000501746
715	0.000502177
716	0.000502532
717	0.000503321
718	0.000504211
719	0.000504449
720	0.00050428
721	0.000504505
722	0.000504994
723	0.000505926
724	0.000506877
725	0.000507262
726	0.000507184
727	0.000506962
728	0.000507357
729	0.000508497
730	0.000509469
731	0.000510007
732	0.000509943
733	0.000509555
734	0.000509837
735	0.000511094
736	0.000511958
737	0.000512619
738	0.000512634
739	0.000512472
740	0.000512438
741	0.000513593
742	0.000514571
743	0.000515132
744	0.000515362
745	0.000515336
746	0.00051529
747	0.000516259
748	0.000517189
749	0.00051768
750	0.000518028
751	0.000518132
752	0.000518386
753	0.000519012
754	0.000519793
755	0.000520332
756	0.000520645
757	0.000520938
758	0.000521486
759	0.000521947
760	0.000522432
761	0.000522947
762	0.000523291
763	0.000523707
764	0.000524572
765	0.000525048
766	0.000525207
767	0.000525639
768	0.00052605
769	0.000526561
770	0.00052767
771	0.00052815
772	0.000528107
773	0.000528341
774	0.000528793
775	0.000529513
776	0.000530711
777	0.0005312
778	0.000531179
779	0.000531135
780	0.000531677
781	0.000532632
782	0.00053377
783	0.000534282
784	0.00053432
785	0.000534179
786	0.000534652
787	0.000535854
788	0.000536869
789	0.000537393
790	0.00053747
791	0.000537336
792	0.000537797
793	0.000539084
794	0.000540066
795	0.000540593
796	0.000540704
797	0.000540686
798	0.000541127
799	0.000542401
800	0.0005433
801	0.000543795
802	0.000543942
803	0.000544064
804	0.000544557
805	0.000545737
806	0.000546435
807	0.000546931
808	0.00054722
809	0.000547379
810	0.00054798
811	0.000548907
812	0.000549472
813	0.000549922
814	0.000550325
815	0.00055055
816	0.000551198
817	0.000551879
818	0.000552341
819	0.000552745
820	0.000553125
821	0.000553541
822	0.000554224
823	0.00055463
824	0.000555
825	0.000555385
826	0.000555726
827	0.000556396
828	0.000556995
829	0.000557169
830	0.000557378
831	0.000557741
832	0.000558111
833	0.000559007
834	0.000559407
835	0.000559384
836	0.000559482
837	0.000559742
838	0.000560231
839	0.000561229
840	0.000561451
841	0.000561217
842	0.000561251
843	0.000561479
844	0.000562117
845	0.000562967
846	0.000562985
847	0.000562614
848	0.0005626
849	0.000562739
850	0.000563591
851	0.000564187
852	0.00056409
853	0.000563627
854	0.000563513
855	0.000563643
856	0.000564578
857	0.000564918
858	0.000564701
859	0.000564127
860	0.000563948
861	0.000564272
862	0.000564968
863	0.0005651
864	0.000564689
865	0.000564098
866	0.000563875
867	0.00056437
868	0.000564769
869	0.000564631
870	0.000564059
871	0.000563465
872	0.000563435
873	0.000563703
874	0.000563821
875	0.000563553
876	0.000562886
877	0.000562321
878	0.000562535
879	0.000562478
880	0.00056233
881	0.000561871
882	0.000561155
883	0.000560849
884	0.000560878
885	0.000560559
886	0.000560153
887	0.000559494
888	0.00055883
889	0.000558934
890	0.000558525
891	0.000557879
892	0.000557268
893	0.000556499
894	0.000556127
895	0.00055607
896	0.000555218
897	0.000554436
898	0.000553632
899	0.000552896
900	0.000552837
901	0.000552364
902	0.00055108
903	0.000550263
904	0.000549433
905	0.000549006
906	0.000548766
907	0.000547855
908	0.000546239
909	0.000545362
910	0.000544647
911	0.000544526
912	0.000543782
913	0.000542365
914	0.000540596
915	0.000539714
916	0.000539474
917	0.000538929
918	0.000537731
919	0.000535861
920	0.000534129
921	0.000533577
922	0.000533367
923	0.000532373
924	0.000530646
925	0.00052828
926	0.000526983
927	0.000526787
928	0.000526199
929	0.000524649
930	0.000522562
931	0.000520503
932	0.000519592
933	0.00051922
934	0.000518077
935	0.00051615
936	0.000513781
937	0.000512155
938	0.000511457
939	0.000510618
940	0.000509032
941	0.000506857
942	0.000504354
943	0.000503131
944	0.000502285
945	0.000501097
946	0.00049918
947	0.00049666
948	0.000494419
949	0.00049334
950	0.000492222
951	0.000490626
952	0.00048847
953	0.000485849
954	0.000484114
955	0.000483004
956	0.000481422
957	0.000479417
958	0.000477193
959	0.000474758
960	0.000473093
961	0.000471694
962	0.000469806
963	0.000467638
964	0.000465331
965	0.000462996
966	0.000461364
967	0.000459742
968	0.000457644
969	0.000455357
970	0.000452918
971	0.000450771
972	0.000449121
973	0.000447357
974	0.000445211
975	0.000442783
976	0.000440245
977	0.000438226
978	0.000436532
979	0.000434782
980	0.000432655
981	0.000430142
982	0.000427494
983	0.000425446
984	0.00042382
985	0.000422227
986	0.000420114
987	0.000417588
988	0.000414865
989	0.000412902
990	0.000411333
991	0.000409798
992	0.000407781
993	0.000405356
994	0.000402743
995	0.000400754
996	0.000399101
997	0.000397627
998	0.000395849
999	0.000393676
1000	0.000391228
1001	0.000389068
1002	0.000387465
1003	0.000386138
1004	0.000384594
1005	0.000382693
1006	0.000380552
1007	0.000378389
1008	0.000376759
1009	0.00037545
1010	0.000374145
1011	0.00037262
1012	0.000370789
1013	0.000368817
1014	0.000367146
1015	0.000365918
1016	0.000364751
1017	0.000363445
1018	0.000361959
1019	0.000360313
1020	0.000358795
1021	0.000357506
1022	0.000356516
1023	0.000355419
1024	0.000354282
1025	0.000353019
1026	0.000351626
1027	0.000350312
1028	0.000349359
1029	0.000348544
1030	0.000347591
1031	0.000346526
1032	0.000345382
1033	0.000344313
1034	0.000343286
1035	0.000342409
1036	0.000341628
1037	0.000340847
1038	0.000339976
1039	0.000338969
1040	0.000338018
1041	0.000337196
1042	0.000336417
1043	0.000335709
1044	0.000334945
1045	0.000334124
1046	0.00033334
1047	0.000332615
1048	0.000331964
1049	0.000331236
1050	0.000330465
1051	0.00032982
1052	0.000329045
1053	0.00032821
1054	0.000327763
1055	0.000327242
1056	0.000326692
1057	0.000325806
1058	0.000325068
1059	0.000324476
1060	0.000323886
1061	0.000323312
1062	0.000322901
1063	0.000322427
1064	0.000321828
1065	0.000321108
1066	0.000320443
1067	0.000319893
1068	0.000319407
1069	0.000318943
1070	0.000318493
1071	0.00031812
1072	0.00031764
1073	0.000317059
1074	0.000316411
1075	0.000315864
1076	0.000315375
1077	0.000314975
1078	0.00031445
1079	0.000314161
1080	0.000313751
1081	0.000313303
1082	0.000312832
1083	0.000312375
1084	0.000311878
1085	0.00031141
1086	0.000311059
1087	0.000310851
1088	0.00031062
1089	0.000310224
1090	0.000309714
1091	0.000309274
1092	0.000308855
1093	0.000308533
1094	0.000308247
1095	0.000307981
1096	0.000307659
1097	0.000307244
1098	0.00030685
1099	0.000306483
1100	0.000306149
1101	0.000305754
1102	0.000305402
1103	0.00030513
1104	0.000304872
1105	0.000304495
1106	0.000303958
1107	0.000303569
1108	0.000303235
1109	0.000302842
1110	0.000302444
1111	0.000302071
1112	0.000301571
1113	0.000301041
1114	0.000300502
1115	0.000300082
1116	0.000299669
1117	0.000299083
1118	0.000298459
1119	0.000297954
1120	0.000297351
1121	0.000296639
1122	0.000296033
1123	0.000295435
1124	0.000294732
1125	0.00029396
1126	0.000293221
1127	0.000292448
1128	0.000291603
1129	0.000290861
1130	0.000290176
1131	0.000289362
1132	0.000288363
1133	0.000287421
1134	0.0002865
1135	0.000285721
1136	0.000284795
1137	0.000283854
1138	0.000282798
1139	0.000281638
1140	0.000280508
1141	0.000279593
1142	0.00027859
1143	0.000277486
1144	0.000276318
1145	0.000275065
1146	0.00027381
1147	0.000272687
1148	0.000271622
1149	0.000270435
1150	0.000269156
1151	0.000267765
1152	0.000266446
1153	0.000265277
1154	0.000264108
1155	0.000262832
1156	0.000261478
1157	0.00026001
1158	0.000258553
1159	0.000257259
1160	0.000255988
1161	0.0002546
1162	0.000253157
1163	0.000251609
1164	0.00024999
1165	0.000248514
1166	0.000247205
1167	0.00024577
1168	0.000244222
1169	0.000242596
1170	0.000240902
1171	0.000239281
1172	0.000237836
1173	0.000236298
1174	0.00023463
1175	0.000232923
1176	0.000231165
1177	0.000229434
1178	0.000227857
1179	0.000226254
1180	0.000224551
1181	0.000222782
1182	0.000220957
1183	0.000219169
1184	0.000217474
1185	0.000215836
1186	0.000214143
1187	0.000212368
1188	0.000210547
1189	0.000208754
1190	0.000206959
1191	0.000205257
1192	0.000203525
1193	0.000201785
1194	0.000199961
1195	0.000198158
1196	0.000196379
1197	0.000194608
1198	0.000193012
1199	0.000191354
1200	0.000189571
1201	0.0001878
1202	0.000186077
1203	0.00018435
1204	0.000182838
1205	0.000181346
1206	0.000179765
1207	0.000178141
1208	0.00017651
1209	0.000174895
1210	0.000173335
1211	0.000171868
1212	0.000170409
1213	0.000168975
1214	0.000167567
1215	0.000166109
1216	0.00016466
1217	0.000163219
1218	0.000161829
1219	0.000160533
1220	0.000159228
1221	0.000157868
1222	0.000156502
1223	0.000155067
1224	0.000153619
1225	0.000152107
1226	0.000150567
1227	0.000149
1228	0.000147419
1229	0.000145786
1230	0.000144074
1231	0.000142432
1232	0.000140844
1233	0.000139126
1234	0.000137294
1235	0.000135569
1236	0.000133913
1237	0.000132119
1238	0.000130406
1239	0.000128736
1240	0.000126918
1241	0.00012519
1242	0.000123475
1243	0.000121681
1244	0.000120002
1245	0.000118333
1246	0.000116593
1247	0.000114918
1248	0.000113251
1249	0.000111558
1250	0.000109954
1251	0.000108354
1252	0.00010673
1253	0.000105168
1254	0.000103605
1255	0.000102079
1256	0.000100538
1257	9.9079e-05
1258	9.7602e-05
1259	9.61938e-05
1260	9.47581e-05
1261	9.33903e-05
1262	9.20516e-05
1263	9.07104e-05
1264	8.94535e-05
1265	8.82619e-05
1266	8.70073e-05
1267	8.57251e-05
1268	8.46058e-05
1269	8.34971e-05
1270	8.24712e-05
1271	8.139e-05
1272	8.03955e-05
1273	7.93582e-05
1274	7.84228e-05
1275	7.74465e-05
1276	7.66001e-05
