/*--------------------------------*- C++ -*----------------------------------*\
| =========                 |                                                 |
| \\      /  F ield         | OpenFOAM: The Open Source CFD Toolbox           |
|  \\    /   O peration     | Version:  v1906                                 |
|   \\  /    A nd           | Web:      www.OpenFOAM.com                      |
|    \\/     M anipulation  |                                                 |
\*---------------------------------------------------------------------------*/
FoamFile
{
    version     2.0;
    format      ascii;
    class       vectorField;
    location    "constant/polyMesh";
    object      points;
}
// * * * * * * * * * * * * * * * * * * * * * * * * * * * * * * * * * * * * * //


404
(
(-4 -1 -1)
(-3.92 -1 -1)
(-3.84 -1 -1)
(-3.76 -1 -1)
(-3.68 -1 -1)
(-3.6 -1 -1)
(-3.52 -1 -1)
(-3.44 -1 -1)
(-3.36 -1 -1)
(-3.28 -1 -1)
(-3.2 -1 -1)
(-3.12 -1 -1)
(-3.04 -1 -1)
(-2.96 -1 -1)
(-2.88 -1 -1)
(-2.8 -1 -1)
(-2.72 -1 -1)
(-2.64 -1 -1)
(-2.56 -1 -1)
(-2.48 -1 -1)
(-2.4 -1 -1)
(-2.32 -1 -1)
(-2.24 -1 -1)
(-2.16 -1 -1)
(-2.08 -1 -1)
(-2 -1 -1)
(-1.92 -1 -1)
(-1.84 -1 -1)
(-1.76 -1 -1)
(-1.68 -1 -1)
(-1.6 -1 -1)
(-1.52 -1 -1)
(-1.44 -1 -1)
(-1.36 -1 -1)
(-1.28 -1 -1)
(-1.2 -1 -1)
(-1.12 -1 -1)
(-1.04 -1 -1)
(-0.96 -1 -1)
(-0.88 -1 -1)
(-0.8 -1 -1)
(-0.72 -1 -1)
(-0.64 -1 -1)
(-0.56 -1 -1)
(-0.48 -1 -1)
(-0.4 -1 -1)
(-0.32 -1 -1)
(-0.24 -1 -1)
(-0.16 -1 -1)
(-0.08 -1 -1)
(0 -1 -1)
(0.08 -1 -1)
(0.16 -1 -1)
(0.24 -1 -1)
(0.32 -1 -1)
(0.4 -1 -1)
(0.48 -1 -1)
(0.56 -1 -1)
(0.64 -1 -1)
(0.72 -1 -1)
(0.8 -1 -1)
(0.88 -1 -1)
(0.96 -1 -1)
(1.04 -1 -1)
(1.12 -1 -1)
(1.2 -1 -1)
(1.28 -1 -1)
(1.36 -1 -1)
(1.44 -1 -1)
(1.52 -1 -1)
(1.6 -1 -1)
(1.68 -1 -1)
(1.76 -1 -1)
(1.84 -1 -1)
(1.92 -1 -1)
(2 -1 -1)
(2.08 -1 -1)
(2.16 -1 -1)
(2.24 -1 -1)
(2.32 -1 -1)
(2.4 -1 -1)
(2.48 -1 -1)
(2.56 -1 -1)
(2.64 -1 -1)
(2.72 -1 -1)
(2.8 -1 -1)
(2.88 -1 -1)
(2.96 -1 -1)
(3.04 -1 -1)
(3.12 -1 -1)
(3.2 -1 -1)
(3.28 -1 -1)
(3.36 -1 -1)
(3.44 -1 -1)
(3.52 -1 -1)
(3.6 -1 -1)
(3.68 -1 -1)
(3.76 -1 -1)
(3.84 -1 -1)
(3.92 -1 -1)
(4 -1 -1)
(-4 1 -1)
(-3.92 1 -1)
(-3.84 1 -1)
(-3.76 1 -1)
(-3.68 1 -1)
(-3.6 1 -1)
(-3.52 1 -1)
(-3.44 1 -1)
(-3.36 1 -1)
(-3.28 1 -1)
(-3.2 1 -1)
(-3.12 1 -1)
(-3.04 1 -1)
(-2.96 1 -1)
(-2.88 1 -1)
(-2.8 1 -1)
(-2.72 1 -1)
(-2.64 1 -1)
(-2.56 1 -1)
(-2.48 1 -1)
(-2.4 1 -1)
(-2.32 1 -1)
(-2.24 1 -1)
(-2.16 1 -1)
(-2.08 1 -1)
(-2 1 -1)
(-1.92 1 -1)
(-1.84 1 -1)
(-1.76 1 -1)
(-1.68 1 -1)
(-1.6 1 -1)
(-1.52 1 -1)
(-1.44 1 -1)
(-1.36 1 -1)
(-1.28 1 -1)
(-1.2 1 -1)
(-1.12 1 -1)
(-1.04 1 -1)
(-0.96 1 -1)
(-0.88 1 -1)
(-0.8 1 -1)
(-0.72 1 -1)
(-0.64 1 -1)
(-0.56 1 -1)
(-0.48 1 -1)
(-0.4 1 -1)
(-0.32 1 -1)
(-0.24 1 -1)
(-0.16 1 -1)
(-0.08 1 -1)
(0 1 -1)
(0.08 1 -1)
(0.16 1 -1)
(0.24 1 -1)
(0.32 1 -1)
(0.4 1 -1)
(0.48 1 -1)
(0.56 1 -1)
(0.64 1 -1)
(0.72 1 -1)
(0.8 1 -1)
(0.88 1 -1)
(0.96 1 -1)
(1.04 1 -1)
(1.12 1 -1)
(1.2 1 -1)
(1.28 1 -1)
(1.36 1 -1)
(1.44 1 -1)
(1.52 1 -1)
(1.6 1 -1)
(1.68 1 -1)
(1.76 1 -1)
(1.84 1 -1)
(1.92 1 -1)
(2 1 -1)
(2.08 1 -1)
(2.16 1 -1)
(2.24 1 -1)
(2.32 1 -1)
(2.4 1 -1)
(2.48 1 -1)
(2.56 1 -1)
(2.64 1 -1)
(2.72 1 -1)
(2.8 1 -1)
(2.88 1 -1)
(2.96 1 -1)
(3.04 1 -1)
(3.12 1 -1)
(3.2 1 -1)
(3.28 1 -1)
(3.36 1 -1)
(3.44 1 -1)
(3.52 1 -1)
(3.6 1 -1)
(3.68 1 -1)
(3.76 1 -1)
(3.84 1 -1)
(3.92 1 -1)
(4 1 -1)
(-4 -1 1)
(-3.92 -1 1)
(-3.84 -1 1)
(-3.76 -1 1)
(-3.68 -1 1)
(-3.6 -1 1)
(-3.52 -1 1)
(-3.44 -1 1)
(-3.36 -1 1)
(-3.28 -1 1)
(-3.2 -1 1)
(-3.12 -1 1)
(-3.04 -1 1)
(-2.96 -1 1)
(-2.88 -1 1)
(-2.8 -1 1)
(-2.72 -1 1)
(-2.64 -1 1)
(-2.56 -1 1)
(-2.48 -1 1)
(-2.4 -1 1)
(-2.32 -1 1)
(-2.24 -1 1)
(-2.16 -1 1)
(-2.08 -1 1)
(-2 -1 1)
(-1.92 -1 1)
(-1.84 -1 1)
(-1.76 -1 1)
(-1.68 -1 1)
(-1.6 -1 1)
(-1.52 -1 1)
(-1.44 -1 1)
(-1.36 -1 1)
(-1.28 -1 1)
(-1.2 -1 1)
(-1.12 -1 1)
(-1.04 -1 1)
(-0.96 -1 1)
(-0.88 -1 1)
(-0.8 -1 1)
(-0.72 -1 1)
(-0.64 -1 1)
(-0.56 -1 1)
(-0.48 -1 1)
(-0.4 -1 1)
(-0.32 -1 1)
(-0.24 -1 1)
(-0.16 -1 1)
(-0.08 -1 1)
(0 -1 1)
(0.08 -1 1)
(0.16 -1 1)
(0.24 -1 1)
(0.32 -1 1)
(0.4 -1 1)
(0.48 -1 1)
(0.56 -1 1)
(0.64 -1 1)
(0.72 -1 1)
(0.8 -1 1)
(0.88 -1 1)
(0.96 -1 1)
(1.04 -1 1)
(1.12 -1 1)
(1.2 -1 1)
(1.28 -1 1)
(1.36 -1 1)
(1.44 -1 1)
(1.52 -1 1)
(1.6 -1 1)
(1.68 -1 1)
(1.76 -1 1)
(1.84 -1 1)
(1.92 -1 1)
(2 -1 1)
(2.08 -1 1)
(2.16 -1 1)
(2.24 -1 1)
(2.32 -1 1)
(2.4 -1 1)
(2.48 -1 1)
(2.56 -1 1)
(2.64 -1 1)
(2.72 -1 1)
(2.8 -1 1)
(2.88 -1 1)
(2.96 -1 1)
(3.04 -1 1)
(3.12 -1 1)
(3.2 -1 1)
(3.28 -1 1)
(3.36 -1 1)
(3.44 -1 1)
(3.52 -1 1)
(3.6 -1 1)
(3.68 -1 1)
(3.76 -1 1)
(3.84 -1 1)
(3.92 -1 1)
(4 -1 1)
(-4 1 1)
(-3.92 1 1)
(-3.84 1 1)
(-3.76 1 1)
(-3.68 1 1)
(-3.6 1 1)
(-3.52 1 1)
(-3.44 1 1)
(-3.36 1 1)
(-3.28 1 1)
(-3.2 1 1)
(-3.12 1 1)
(-3.04 1 1)
(-2.96 1 1)
(-2.88 1 1)
(-2.8 1 1)
(-2.72 1 1)
(-2.64 1 1)
(-2.56 1 1)
(-2.48 1 1)
(-2.4 1 1)
(-2.32 1 1)
(-2.24 1 1)
(-2.16 1 1)
(-2.08 1 1)
(-2 1 1)
(-1.92 1 1)
(-1.84 1 1)
(-1.76 1 1)
(-1.68 1 1)
(-1.6 1 1)
(-1.52 1 1)
(-1.44 1 1)
(-1.36 1 1)
(-1.28 1 1)
(-1.2 1 1)
(-1.12 1 1)
(-1.04 1 1)
(-0.96 1 1)
(-0.88 1 1)
(-0.8 1 1)
(-0.72 1 1)
(-0.64 1 1)
(-0.56 1 1)
(-0.48 1 1)
(-0.4 1 1)
(-0.32 1 1)
(-0.24 1 1)
(-0.16 1 1)
(-0.08 1 1)
(0 1 1)
(0.08 1 1)
(0.16 1 1)
(0.24 1 1)
(0.32 1 1)
(0.4 1 1)
(0.48 1 1)
(0.56 1 1)
(0.64 1 1)
(0.72 1 1)
(0.8 1 1)
(0.88 1 1)
(0.96 1 1)
(1.04 1 1)
(1.12 1 1)
(1.2 1 1)
(1.28 1 1)
(1.36 1 1)
(1.44 1 1)
(1.52 1 1)
(1.6 1 1)
(1.68 1 1)
(1.76 1 1)
(1.84 1 1)
(1.92 1 1)
(2 1 1)
(2.08 1 1)
(2.16 1 1)
(2.24 1 1)
(2.32 1 1)
(2.4 1 1)
(2.48 1 1)
(2.56 1 1)
(2.64 1 1)
(2.72 1 1)
(2.8 1 1)
(2.88 1 1)
(2.96 1 1)
(3.04 1 1)
(3.12 1 1)
(3.2 1 1)
(3.28 1 1)
(3.36 1 1)
(3.44 1 1)
(3.52 1 1)
(3.6 1 1)
(3.68 1 1)
(3.76 1 1)
(3.84 1 1)
(3.92 1 1)
(4 1 1)
)


// ************************************************************************* //
