/*--------------------------------*- C++ -*----------------------------------*\
| =========                 |                                                 |
| \\      /  F ield         | OpenFOAM: The Open Source CFD Toolbox           |
|  \\    /   O peration     | Version:  v1906                                 |
|   \\  /    A nd           | Web:      www.OpenFOAM.com                      |
|    \\/     M anipulation  |                                                 |
\*---------------------------------------------------------------------------*/
FoamFile
{
    version     2.0;
    format      ascii;
    class       volScalarField;
    location    "100";
    object      p;
}
// * * * * * * * * * * * * * * * * * * * * * * * * * * * * * * * * * * * * * //

dimensions      [0 2 -2 0 0 0 0];


internalField   nonuniform List<scalar> 
12225
(
2.30435
1.08674
1.00001
0.941294
0.737647
0.514965
0.305369
0.0852686
-0.157736
-0.426041
-0.727819
-1.06892
-1.4685
-1.94984
-2.55644
-3.35298
-4.48911
-6.32474
0.547596
0.0159674
-0.179219
-0.219959
-0.34476
-0.496375
-0.649765
-0.826825
-1.03382
-1.27434
-1.55038
-1.87401
-2.26106
-2.73473
-3.33056
-4.09895
-5.15233
-6.55552
1.13184
0.335258
0.157528
0.134558
0.0328386
-0.101969
-0.246409
-0.415299
-0.612687
-0.842835
-1.10628
-1.41567
-1.78177
-2.22833
-2.78185
-3.4762
-4.36279
-5.39387
0.483762
0.000635088
-0.258701
-0.390049
-0.554785
-0.72776
-0.897219
-1.08129
-1.28907
-1.52559
-1.79506
-2.11315
-2.48259
-2.91953
-3.44124
-4.06564
-4.80487
-5.6036
0.674482
0.199631
-0.0553825
-0.169848
-0.300307
-0.439377
-0.582386
-0.743279
-0.928866
-1.14152
-1.38511
-1.6683
-1.99932
-2.3874
-2.84359
-3.37327
-3.95749
-4.527
0.308952
-0.0100961
-0.257468
-0.416444
-0.591996
-0.772744
-0.954504
-1.14823
-1.36152
-1.59846
-1.86329
-2.15797
-2.4909
-2.86473
-3.28239
-3.73629
-4.19864
-4.61036
0.376343
0.113375
-0.125306
-0.27558
-0.429493
-0.58281
-0.737216
-0.903115
-1.08627
-1.28893
-1.51707
-1.77179
-2.059
-2.37758
-2.7244
-3.08647
-3.42742
-3.68916
0.15447
-0.0454884
-0.261843
-0.423877
-0.598088
-0.775628
-0.957187
-1.14949
-1.35721
-1.58042
-1.82328
-2.08493
-2.36732
-2.66634
-2.97376
-3.27234
-3.53145
-3.71037
0.170752
0.0293244
-0.16473
-0.316016
-0.474615
-0.632554
-0.792206
-0.959185
-1.13845
-1.33091
-1.53949
-1.76316
-2.00123
-2.24808
-2.4931
-2.7187
-2.89353
-2.98326
0.0412213
-0.0920505
-0.269382
-0.419469
-0.582282
-0.749347
-0.922323
-1.10391
-1.29606
-1.49822
-1.71089
-1.93166
-2.15738
-2.38089
-2.5908
-2.77054
-2.89834
-2.95254
0.0357329
-0.0286632
-0.180205
-0.319036
-0.471195
-0.625541
-0.782674
-0.944995
-1.11447
-1.29094
-1.47428
-1.66195
-1.84967
-2.03024
-2.19232
-2.32129
-2.39736
-2.40115
-0.0246856
-0.128249
-0.270046
-0.400808
-0.543942
-0.692516
-0.847656
-1.00984
-1.17887
-1.35311
-1.53074
-1.70816
-1.88039
-2.04011
-2.17748
-2.28074
-2.33781
-2.33538
-0.0450392
-0.076741
-0.1867
-0.304616
-0.442245
-0.586545
-0.734865
-0.886402
-1.04079
-1.19698
-1.35319
-1.50653
-1.65172
-1.78273
-1.89006
-1.96529
-1.99532
-1.97715
-0.0653806
-0.138084
-0.260899
-0.374576
-0.496397
-0.623009
-0.755381
-0.893447
-1.03564
-1.17951
-1.32212
-1.45953
-1.58673
-1.69832
-1.78666
-1.8473
-1.87094
-1.86283
-0.0669909
-0.0898906
-0.159652
-0.250678
-0.363298
-0.48555
-0.611872
-0.739256
-0.865829
-0.989907
-1.10951
-1.22203
-1.32373
-1.41053
-1.4774
-1.52176
-1.53605
-1.52349
-0.0687447
-0.112368
-0.198018
-0.283641
-0.374349
-0.469849
-0.569338
-0.672002
-0.775479
-0.877498
-0.974928
-1.06569
-1.14582
-1.21446
-1.26716
-1.30559
-1.32221
-1.32605
-0.0203169
-0.0392523
-0.0893655
-0.157009
-0.239447
-0.328766
-0.419394
-0.5085
-0.594463
-0.676301
-0.752977
-0.823798
-0.886908
-0.942511
-0.986869
-1.02356
-1.04306
-1.05925
0.0471158
0.0271699
-0.0169502
-0.0646085
-0.114728
-0.16746
-0.22145
-0.275182
-0.326785
-0.374547
-0.417335
-0.454929
-0.486931
-0.515189
-0.537547
-0.560919
-0.57256
-0.5991
0.133443
0.109919
0.0652376
0.0132068
-0.0439256
-0.102084
-0.157354
-0.207517
-0.251981
-0.290669
-0.324646
-0.355419
-0.384476
-0.414664
-0.444857
-0.481119
-0.512612
-0.559117
0.347889
0.344909
0.320671
0.294977
0.273393
0.258555
0.252435
0.25523
0.266722
0.286404
0.312894
0.344499
0.378153
0.410326
0.43855
0.458289
0.473643
0.476627
0.393995
0.356434
0.299649
0.249286
0.203556
0.165259
0.137479
0.120677
0.114224
0.117527
0.129047
0.146128
0.165038
0.179968
0.184662
0.174551
0.141896
0.0983932
0.625212
0.612615
0.567311
0.534576
0.514937
0.510595
0.523448
0.552437
0.59695
0.656296
0.728915
0.812732
0.904359
0.998688
1.08702
1.16027
1.20817
1.22486
0.63529
0.562197
0.473249
0.410548
0.360237
0.32276
0.301338
0.296074
0.306084
0.330567
0.368936
0.420786
0.482112
0.547168
0.603953
0.640056
0.62847
0.565946
0.924664
0.857667
0.759801
0.714736
0.698576
0.705028
0.734441
0.783474
0.848252
0.927466
1.02098
1.12859
1.2518
1.3906
1.53968
1.68732
1.81519
1.89651
0.878653
0.730365
0.589333
0.512724
0.457008
0.418236
0.403442
0.41021
0.434887
0.475831
0.53127
0.599451
0.678533
0.766912
0.861129
0.950041
0.997633
0.967468
1.30544
1.07221
0.913682
0.884706
0.893597
0.920931
0.971129
1.03783
1.11523
1.20234
1.30035
1.40828
1.52497
1.64985
1.78536
1.93176
2.09415
2.249
1.12152
0.832557
0.633183
0.562423
0.514804
0.486954
0.493992
0.526684
0.575488
0.637555
0.711121
0.794421
0.883709
0.976854
1.0672
1.14762
1.19814
1.18782
1.86389
1.27049
1.13673
1.20192
1.25378
1.29302
1.34897
1.41684
1.49042
1.57071
1.65913
1.75401
1.85212
1.95236
2.0506
2.14189
2.22301
2.30105
1.24017
0.867493
0.674886
0.709071
0.728041
0.749816
0.798298
0.861454
0.930199
1.00526
1.08769
1.17537
1.26501
1.35392
1.43801
1.51122
1.56077
1.56251
3.11556
2.00762
1.96927
2.03703
1.99786
1.95048
1.94132
1.95711
1.98635
2.02829
2.08253
2.14571
2.21349
2.28187
2.34637
2.40051
2.43982
2.45982
1.98969
1.87825
1.73493
1.53999
1.32653
1.10224
0.883217
0.678409
0.500624
0.357725
0.259085
0.207653
0.205318
0.249985
0.347734
0.507416
0.727323
0.994473
1.30114
1.64021
2.00636
2.39327
2.79567
3.21161
3.6382
4.07075
4.50616
4.94258
5.37605
5.8054
6.22687
6.64072
7.04451
7.43748
7.81797
8.18659
8.54205
8.88396
9.20894
9.51825
9.81602
10.1087
10.3946
10.6706
10.9342
11.1856
11.424
11.6505
11.8649
12.0687
12.2616
12.4451
12.619
12.7845
12.9415
13.0912
13.2334
13.369
13.498
13.6211
13.7382
13.85
13.9564
14.058
14.1548
14.2474
14.3357
14.4202
14.5009
14.5783
14.6524
14.7236
14.7919
14.8578
14.9212
14.9824
15.0416
15.0988
15.1544
15.2091
15.2629
15.3161
15.3687
15.4206
15.4718
15.5227
15.5736
15.6245
15.6758
15.7274
15.7795
15.8319
15.8849
15.9385
15.9928
16.0476
16.1028
16.1581
16.2128
16.2667
16.3192
16.3697
16.4183
16.4647
16.5093
16.5532
16.5982
16.6443
16.69
16.7352
16.7797
16.8234
16.8659
16.9073
16.9473
16.9856
17.0221
17.0564
17.0885
17.1184
17.146
17.1717
17.1956
17.2182
17.2396
17.2603
17.2807
17.3011
17.3215
17.3423
17.3633
17.3847
17.4062
17.4277
17.4491
17.4705
17.492
17.5136
17.535
17.5562
17.5771
17.5978
17.6182
17.6384
17.6582
17.6777
17.6968
17.7157
17.7343
17.7525
17.7705
17.788
17.8054
17.8232
17.8415
17.8604
17.8802
17.9012
17.9235
17.947
17.9717
17.9974
18.0238
18.0508
18.0784
18.1066
18.1358
18.1664
18.1991
18.235
18.2751
18.3212
18.3755
18.441
18.5234
18.6293
18.7776
18.9816
19.3271
19.7667
1.83763
1.37616
1.09433
0.728494
0.376284
-0.00438162
-0.371268
-0.71339
-1.00492
-1.23656
-1.39832
-1.48944
-1.50725
-1.45189
-1.32648
-1.15263
-0.943502
-0.698156
-0.417785
-0.104849
0.23718
0.603937
0.993203
1.40194
1.82315
2.25457
2.69283
3.1345
3.57729
4.01785
4.45495
4.88671
5.31021
5.72536
6.12962
6.52337
6.90609
7.27846
7.63719
7.98237
8.31351
8.62323
8.91179
9.18805
9.45244
9.70612
9.94885
10.1814
10.4037
10.6165
10.8198
11.0143
11.2001
11.3781
11.5481
11.7111
11.8669
12.0163
12.1593
12.2965
12.4279
12.5542
12.6753
12.7917
12.9036
13.0112
13.1148
13.2146
13.3108
13.4037
13.4935
13.5805
13.6649
13.747
13.827
13.9051
13.9814
14.056
14.1293
14.2016
14.2732
14.3439
14.4141
14.4837
14.5527
14.621
14.6891
14.7567
14.824
14.8908
14.9569
15.0219
15.0855
15.1474
15.2074
15.2658
15.3228
15.3789
15.4343
15.489
15.543
15.5964
15.6487
15.6993
15.748
15.7957
15.8445
15.8948
15.9448
15.9938
16.042
16.0894
16.136
16.182
16.2271
16.271
16.3134
16.3542
16.3931
16.4301
16.4651
16.4982
16.5296
16.5594
16.5881
16.616
16.6433
16.6703
16.6972
16.7241
16.7512
16.7784
16.8058
16.8331
16.8598
16.8857
16.9111
16.9361
16.9608
16.9853
17.0095
17.0334
17.057
17.0801
17.1026
17.1246
17.1461
17.167
17.1876
17.2078
17.2275
17.2467
17.265
17.2829
17.3012
17.3207
17.3413
17.3632
17.3863
17.4106
17.4362
17.4628
17.4904
17.5188
17.5479
17.5779
17.6089
17.6415
17.6761
17.7136
17.7551
17.8018
17.8557
17.9192
17.9971
18.0935
18.2253
18.3933
18.6778
19.0348
1.33842
0.639771
0.400554
0.0582739
-0.170882
-0.434986
-0.647345
-0.843896
-0.997709
-1.11733
-1.18831
-1.21368
-1.18753
-1.11225
-0.985636
-0.811892
-0.590595
-0.327775
-0.0276266
0.304755
0.66487
1.04811
1.4503
1.86753
2.29505
2.72957
3.16814
3.60771
4.04564
4.47958
4.90666
5.325
5.7333
6.132
6.51989
6.89636
7.26013
7.61092
7.94649
8.26799
8.57858
8.87901
9.16855
9.44779
9.71611
9.97366
10.2201
10.4559
10.6811
10.8962
11.1015
11.2975
11.4845
11.6631
11.8335
11.9964
12.152
12.3007
12.4429
12.5789
12.7089
12.8333
12.9523
13.0663
13.1756
13.2804
13.3812
13.4781
13.5715
13.6615
13.7485
13.8327
13.9142
13.9933
14.0701
14.1448
14.2177
14.289
14.359
14.4278
14.4955
14.5625
14.6286
14.6943
14.7593
14.824
14.8885
14.953
15.0173
15.0816
15.1459
15.2102
15.2744
15.3387
15.4027
15.4661
15.5284
15.5894
15.6486
15.7055
15.7602
15.8126
15.8631
15.9115
15.9576
16.0029
16.0501
16.0991
16.1479
16.1958
16.2428
16.2889
16.3338
16.3775
16.4198
16.4606
16.4996
16.5367
16.5717
16.6048
16.6362
16.666
16.6947
16.7223
16.7493
16.776
16.8026
16.8294
16.8564
16.8836
16.911
16.9384
16.9657
16.993
17.02
17.0468
17.073
17.0986
17.1238
17.1486
17.173
17.1971
17.2209
17.2443
17.2672
17.2895
17.3113
17.3325
17.3534
17.3739
17.3939
17.4135
17.433
17.4521
17.4711
17.4907
17.5111
17.5328
17.556
17.5806
17.6064
17.6331
17.6604
17.6881
17.7162
17.7447
17.7739
17.8045
17.837
17.8726
17.9124
17.9578
18.0109
18.074
18.1522
18.2488
18.379
18.5413
18.7966
19.0307
0.412465
-0.352476
-0.564864
-0.989582
-1.22828
-1.54828
-1.78682
-2.03067
-2.21089
-2.35752
-2.44203
-2.47647
-2.44833
-2.36502
-2.2224
-2.02913
-1.78872
-1.50777
-1.19001
-0.840848
-0.464416
-0.0652925
0.352274
0.78385
1.22494
1.67268
2.12428
2.57731
3.02887
3.47682
3.91882
4.35323
4.7779
5.19201
5.59431
5.98476
6.36279
6.72861
7.08134
7.42108
7.74718
8.05921
8.35729
8.64246
8.91513
9.17607
9.42555
9.66425
9.89242
10.1107
10.3193
10.5188
10.7096
10.8922
11.0668
11.234
11.3941
11.5474
11.6942
11.835
11.9699
12.0994
12.2238
12.3431
12.4578
12.568
12.6742
12.7764
12.8751
12.9706
13.0632
13.153
13.2402
13.3251
13.4079
13.4889
13.5679
13.6453
13.7212
13.796
13.8697
13.9425
14.0142
14.0851
14.1552
14.2247
14.2937
14.3623
14.4305
14.4982
14.5653
14.6316
14.6968
14.7607
14.8233
14.8847
14.945
15.0044
15.0628
15.12
15.1762
15.2308
15.2836
15.3342
15.3827
15.4303
15.4787
15.5282
15.5775
15.6262
15.6746
15.7226
15.7703
15.8175
15.8639
15.909
15.9526
15.9944
16.0343
16.0721
16.1077
16.1411
16.1728
16.2033
16.2329
16.2619
16.2905
16.319
16.3473
16.3757
16.4041
16.4326
16.4612
16.4894
16.5173
16.5446
16.5714
16.5977
16.6237
16.6495
16.6747
16.6994
16.7235
16.747
16.77
16.7925
16.8144
16.8356
16.8564
16.8767
16.8966
16.916
16.9351
16.9545
16.9744
16.9948
17.0156
17.0371
17.0595
17.083
17.1079
17.1342
17.1618
17.1905
17.2202
17.251
17.283
17.3164
17.3518
17.3898
17.4316
17.4782
17.5318
17.5938
17.6685
17.7567
17.8709
18.0034
18.1949
18.3906
-0.521102
-1.24072
-1.33538
-1.71572
-1.82137
-2.06319
-2.17917
-2.33219
-2.40952
-2.4763
-2.47448
-2.43498
-2.33398
-2.19105
-1.99936
-1.76815
-1.49521
-1.18706
-0.845991
-0.476755
-0.0824818
0.33231
0.763213
1.206
1.65637
2.11088
2.56623
3.01999
3.4696
3.91326
4.34875
4.77496
5.19047
5.59496
5.98739
6.36758
6.73483
7.08926
7.43056
7.75955
8.07661
8.38221
8.67619
8.95892
9.23032
9.49072
9.74012
9.97893
10.2073
10.4258
10.6346
10.8342
11.025
11.2073
11.3814
11.5479
11.707
11.8592
12.0047
12.1438
12.2769
12.4044
12.5264
12.6435
12.756
12.8643
12.9686
13.0692
13.1665
13.2609
13.3525
13.4413
13.5275
13.6113
13.6931
13.773
13.851
13.9272
14.0018
14.0749
14.1466
14.2171
14.2864
14.3546
14.4219
14.4884
14.5541
14.6193
14.684
14.7484
14.8124
14.8763
14.9399
15.0032
15.0659
15.1277
15.1883
15.2475
15.305
15.3608
15.4148
15.4671
15.5177
15.5667
15.6143
15.6614
15.709
15.7576
15.8061
15.8539
15.9009
15.947
15.9921
16.036
16.0788
16.1202
16.1602
16.1985
16.2349
16.2695
16.3025
16.3343
16.3652
16.3952
16.4246
16.4537
16.4826
16.5114
16.5402
16.5691
16.598
16.6269
16.6558
16.6848
16.7137
16.7425
16.771
16.7989
16.8261
16.8527
16.8788
16.9044
16.9296
16.9545
16.9788
17.0025
17.0256
17.0483
17.0705
17.0922
17.1134
17.1342
17.1543
17.1741
17.1939
17.2141
17.2351
17.2572
17.2806
17.3051
17.3305
17.3566
17.3831
17.4099
17.4369
17.4644
17.4926
17.5221
17.5537
17.5882
17.6268
17.6707
17.7216
17.7808
17.8522
17.9354
18.0409
18.1542
18.31
18.3934
-1.40912
-2.09934
-2.14559
-2.55099
-2.62683
-2.9016
-3.01995
-3.20546
-3.28938
-3.37318
-3.37772
-3.35787
-3.26872
-3.13836
-2.94965
-2.71736
-2.43717
-2.11714
-1.75974
-1.37142
-0.956781
-0.521028
-0.0690364
0.394505
0.865031
1.339
1.81284
2.28402
2.75008
3.20936
3.65967
4.09987
4.52855
4.94536
5.34941
5.74071
6.11874
6.48361
6.83496
7.17304
7.49764
7.80912
8.10754
8.39356
8.66745
8.92981
9.18089
9.42125
9.65119
9.87126
10.0818
10.2832
10.4759
10.6604
10.8369
11.0058
11.1673
11.3219
11.4698
11.6115
11.7471
11.8773
12.0022
12.1223
12.2379
12.3492
12.4565
12.5599
12.6599
12.757
12.8513
12.943
13.0321
13.1189
13.2036
13.2864
13.3674
13.4466
13.5242
13.6004
13.6752
13.7488
13.8213
13.8927
13.9632
14.0327
14.1015
14.1695
14.2368
14.3032
14.3688
14.4334
14.497
14.5594
14.6208
14.6811
14.7405
14.7989
14.8562
14.9123
14.9672
15.0205
15.0722
15.1222
15.1708
15.2189
15.2667
15.3147
15.3627
15.4103
15.4576
15.5046
15.5513
15.5973
15.6425
15.6864
15.7286
15.7689
15.8071
15.8433
15.8775
15.91
15.941
15.9709
16
16.0287
16.057
16.0849
16.1127
16.1402
16.1678
16.1955
16.2232
16.2509
16.2784
16.3057
16.3329
16.3599
16.3865
16.4125
16.438
16.4629
16.4873
16.5112
16.5345
16.5572
16.5794
16.6012
16.6226
16.6436
16.6645
16.6853
16.706
16.7268
16.7477
16.7689
16.7903
16.8122
16.8349
16.8588
16.8839
16.9105
16.9385
16.9678
16.9983
17.0299
17.0625
17.0964
17.1318
17.1693
17.2102
17.2553
17.3067
17.3652
17.4342
17.5129
17.6107
17.7133
17.8479
17.9186
-2.24109
-2.90155
-2.8811
-3.24692
-3.24265
-3.46299
-3.50189
-3.62828
-3.64736
-3.68764
-3.64501
-3.58788
-3.46248
-3.30644
-3.08905
-2.82941
-2.52035
-2.17043
-1.78175
-1.36093
-0.913425
-0.445553
0.0367643
0.527881
1.02265
1.51731
2.00834
2.49337
2.96997
3.43671
3.89179
4.33451
4.76387
5.17987
5.58195
5.97032
6.3447
6.70555
7.0528
7.3871
7.70855
8.0177
8.31465
8.5999
8.87356
9.13613
9.38778
9.62901
9.86001
10.0813
10.293
10.4957
10.6897
10.8754
11.0531
11.2232
11.3859
11.5415
11.6905
11.833
11.9697
12.1008
12.2268
12.348
12.4645
12.5769
12.6854
12.7902
12.8918
12.9903
13.086
13.179
13.2695
13.3575
13.4433
13.5269
13.6084
13.6878
13.7654
13.8412
13.9153
13.9879
14.059
14.1288
14.1973
14.2648
14.3314
14.3973
14.4625
14.5271
14.5912
14.6547
14.7177
14.7799
14.8412
14.9013
14.9601
15.0175
15.0735
15.1279
15.1809
15.2325
15.2829
15.332
15.3803
15.4285
15.4763
15.5237
15.5707
15.617
15.6626
15.7073
15.7511
15.7939
15.8355
15.876
15.9149
15.9523
15.9881
16.0224
16.0554
16.0872
16.1181
16.1485
16.1784
16.2081
16.2376
16.267
16.2964
16.3259
16.3554
16.385
16.4148
16.4446
16.4745
16.5041
16.5334
16.562
16.5899
16.6171
16.6437
16.6698
16.6954
16.7203
16.7447
16.7686
16.792
16.815
16.8374
16.8593
16.8808
16.9018
16.9223
16.9427
16.9631
16.984
17.0057
17.0282
17.0517
17.0759
17.1006
17.1256
17.151
17.1768
17.203
17.2298
17.2576
17.2867
17.3177
17.3511
17.3878
17.4284
17.4744
17.5257
17.5849
17.6494
17.7262
17.797
17.8853
17.8966
-3.14453
-3.82488
-3.79553
-4.15869
-4.14232
-4.36237
-4.38887
-4.51809
-4.5312
-4.58102
-4.54796
-4.50967
-4.4001
-4.26006
-4.05634
-3.80756
-3.49785
-3.13777
-2.7295
-2.28123
-1.80052
-1.29574
-0.77488
-0.24496
0.287852
0.818679
1.3433
1.85898
2.36317
2.85454
3.33152
3.79364
4.24013
4.6712
5.08656
5.48669
5.87148
6.24152
6.59683
6.93804
7.26528
7.57922
7.88008
8.16853
8.44488
8.70975
8.96347
9.20664
9.43954
9.6627
9.8764
10.0811
10.2771
10.4648
10.6446
10.8167
10.9815
11.1394
11.2907
11.4357
11.575
11.7088
11.8374
11.961
12.08
12.1947
12.3055
12.4125
12.5162
12.6168
12.7146
12.8096
12.9021
12.9922
13.0801
13.1659
13.2497
13.3316
13.4117
13.4902
13.5671
13.6425
13.7166
13.7893
13.8608
13.9311
14.0002
14.0683
14.1352
14.201
14.2657
14.3294
14.3919
14.4535
14.514
14.5735
14.632
14.6895
14.7457
14.8007
14.8544
14.9067
14.9575
15.0069
15.0552
15.103
15.1506
15.1974
15.2439
15.2899
15.3357
15.3809
15.4256
15.4695
15.5123
15.5536
15.5934
15.6313
15.6675
15.702
15.735
15.7667
15.7972
15.8267
15.8556
15.8838
15.9116
15.9391
15.9664
15.9936
16.0208
16.048
16.0754
16.103
16.1308
16.1585
16.1862
16.2135
16.2405
16.2669
16.2927
16.3179
16.3425
16.3665
16.3899
16.4126
16.4349
16.4569
16.4785
16.4999
16.5213
16.5427
16.564
16.5853
16.6065
16.6278
16.6494
16.6716
16.6947
16.719
16.7444
16.7711
16.7991
16.828
16.8579
16.8885
16.9199
16.952
16.9852
17.0201
17.0576
17.0983
17.144
17.1944
17.2519
17.3139
17.386
17.4525
17.5283
17.5468
-4.15121
-4.88532
-4.82796
-5.13518
-5.04466
-5.18354
-5.12204
-5.17541
-5.12997
-5.14112
-5.0832
-5.03848
-4.93595
-4.8085
-4.6132
-4.36278
-4.04177
-3.65978
-3.21452
-2.71883
-2.18319
-1.61985
-1.03988
-0.453147
0.132287
0.710381
1.27649
1.82773
2.36183
2.8779
3.37499
3.85319
4.3123
4.75308
5.17578
5.58131
5.97005
6.34295
6.7004
7.04334
7.37213
7.6876
7.99009
8.28032
8.55859
8.82555
9.08147
9.32693
9.56221
9.78782
10.004
10.2113
10.4099
10.6003
10.7827
10.9575
11.1251
11.2857
11.4397
11.5875
11.7294
11.8659
11.9971
12.1233
12.2449
12.3622
12.4756
12.5852
12.6914
12.7944
12.8943
12.9915
13.0859
13.1777
13.267
13.354
13.4388
13.5214
13.6019
13.6805
13.7572
13.8322
13.9056
13.9775
14.0481
14.1174
14.1856
14.2529
14.3192
14.3846
14.4492
14.5129
14.5755
14.6372
14.6976
14.7569
14.8148
14.8713
14.9265
14.9804
15.0331
15.0844
15.1346
15.1838
15.2321
15.2798
15.3273
15.3738
15.4192
15.4636
15.5072
15.5498
15.5915
15.6322
15.6719
15.7104
15.7477
15.7836
15.8183
15.8517
15.8841
15.9155
15.9463
15.9765
16.0064
16.0362
16.0657
16.0952
16.1247
16.1541
16.1836
16.2131
16.2426
16.2719
16.301
16.3298
16.3582
16.3862
16.4136
16.4404
16.4664
16.4918
16.5165
16.5407
16.5643
16.5876
16.6104
16.6328
16.6548
16.6764
16.6976
16.7184
16.7391
16.7596
16.7802
16.8011
16.8225
16.8445
16.8671
16.8901
16.9137
16.9377
16.9624
16.9877
17.0138
17.0407
17.0683
17.0968
17.1265
17.1573
17.1901
17.225
17.2631
17.3033
17.3475
17.3919
17.4408
17.4779
17.5156
17.4958
-5.38359
-6.21411
-6.13879
-6.40815
-6.25838
-6.33118
-6.20434
-6.19321
-6.08369
-6.03727
-5.96346
-5.93061
-5.87092
-5.79934
-5.66156
-5.45543
-5.15835
-4.77594
-4.31115
-3.77994
-3.19345
-2.56951
-1.92486
-1.27329
-0.625616
0.0103018
0.62887
1.22679
1.80185
2.35345
2.88115
3.38559
3.86712
4.32696
4.76584
5.18512
5.58553
5.96833
6.33421
6.68428
7.01913
7.33977
7.64669
7.94078
8.22247
8.49252
8.75133
8.99953
9.23746
9.46568
9.68449
9.89436
10.0956
10.2886
10.4737
10.6512
10.8215
10.9849
11.1417
11.2924
11.4372
11.5764
11.7102
11.8391
11.9632
12.083
12.1987
12.3106
12.4191
12.5242
12.6263
12.7255
12.822
12.9159
13.0074
13.0966
13.1837
13.2686
13.3516
13.4328
13.5121
13.5898
13.6658
13.7403
13.8133
13.8848
13.955
14.0238
14.0913
14.1576
14.2227
14.2866
14.3493
14.411
14.4716
14.531
14.5893
14.6465
14.7023
14.7569
14.8101
14.8619
14.9124
14.9617
15.0099
15.0574
15.1044
15.1508
15.1963
15.2409
15.2849
15.328
15.3703
15.4115
15.4515
15.4902
15.5275
15.5633
15.5978
15.6309
15.6629
15.694
15.7241
15.7535
15.7822
15.8103
15.838
15.8654
15.8927
15.92
15.9474
15.975
16.0028
16.0308
16.0588
16.0866
16.1142
16.1413
16.1679
16.1941
16.2197
16.2448
16.2692
16.293
16.3162
16.3388
16.3609
16.3826
16.4041
16.4253
16.4465
16.4677
16.4889
16.5101
16.5314
16.5527
16.5744
16.5967
16.6198
16.6438
16.6689
16.6948
16.7216
16.7492
16.7774
16.806
16.8351
16.8647
16.895
16.9262
16.9591
16.9939
17.0317
17.0713
17.1143
17.157
17.2026
17.2371
17.2673
17.2528
-6.98249
-7.92196
-7.81925
-8.04696
-7.82628
-7.79641
-7.55232
-7.41056
-7.20573
-7.07385
-6.96032
-6.90557
-6.84916
-6.78016
-6.65605
-6.46081
-6.16054
-5.74994
-5.23111
-4.62381
-3.95051
-3.2321
-2.49244
-1.75044
-1.01963
-0.30992
0.372811
1.02538
1.64634
2.23598
2.79492
3.32483
3.82699
4.30347
4.75573
5.18578
5.59493
5.98492
6.35683
6.71208
7.05154
7.37637
7.68724
7.9851
8.27048
8.54416
8.80657
9.05834
9.29986
9.53166
9.75406
9.96753
10.1723
10.3689
10.5576
10.7387
10.9125
11.0794
11.2396
11.3936
11.5418
11.6842
11.8211
11.953
12.0801
12.2027
12.3211
12.4356
12.5464
12.6538
12.7579
12.8589
12.9571
13.0524
13.1451
13.2354
13.3232
13.4088
13.4922
13.5735
13.6529
13.7305
13.8064
13.8806
13.9534
14.0248
14.0948
14.1636
14.2313
14.2977
14.363
14.427
14.4899
14.5514
14.6117
14.6707
14.7283
14.7847
14.8397
14.8935
14.946
14.9973
15.0474
15.0963
15.1442
15.1912
15.2375
15.283
15.3272
15.3702
15.4122
15.4531
15.493
15.5319
15.5697
15.6066
15.6423
15.6769
15.7105
15.7432
15.7749
15.806
15.8363
15.8663
15.8958
15.9251
15.9542
15.9832
16.012
16.0406
16.0691
16.0976
16.126
16.1543
16.1824
16.2102
16.2376
16.2646
16.291
16.3168
16.3419
16.3663
16.3901
16.4133
16.4361
16.4585
16.4806
16.5024
16.5237
16.5446
16.5652
16.5857
16.606
16.6264
16.6468
16.6674
16.6884
16.7098
16.7317
16.7541
16.7772
16.8008
16.8252
16.8503
16.8759
16.902
16.9285
16.9552
16.9822
17.0094
17.0372
17.0657
17.0953
17.1247
17.1549
17.182
17.2081
17.2202
17.224
17.186
-9.0094
-10.0732
-9.9924
-10.277
-10.1336
-10.2244
-10.2395
-10.4136
-10.5133
-10.5215
-10.3305
-9.98288
-9.55817
-9.115
-8.65851
-8.21724
-7.75705
-7.22758
-6.60171
-5.88534
-5.09866
-4.26968
-3.42631
-2.58668
-1.76798
-0.980894
-0.231331
0.478012
1.14676
1.77628
2.36833
2.92567
3.45059
3.94595
4.41393
4.85711
5.2773
5.67665
6.05657
6.41875
6.76428
7.09451
7.41025
7.71258
8.00213
8.27975
8.54595
8.80142
9.04654
9.2819
9.50783
9.7248
9.93311
10.1332
10.3253
10.5098
10.6871
10.8574
11.021
11.1783
11.3296
11.4752
11.6152
11.7501
11.8801
12.0056
12.1267
12.2438
12.3571
12.4669
12.5734
12.6768
12.7772
12.8748
12.9698
13.0623
13.1524
13.2403
13.3261
13.4098
13.4915
13.5714
13.6494
13.7258
13.8005
13.8737
13.9453
14.0155
14.0842
14.1517
14.2177
14.2825
14.346
14.4083
14.4694
14.5291
14.5876
14.6448
14.7007
14.7552
14.8083
14.8601
14.9106
14.9598
15.008
15.0552
15.1015
15.147
15.1916
15.235
15.2774
15.3187
15.359
15.3981
15.4361
15.4729
15.5084
15.5428
15.5761
15.6084
15.6397
15.6703
15.7001
15.7293
15.7579
15.786
15.8138
15.8414
15.8689
15.8965
15.9242
15.9518
15.9794
16.007
16.0344
16.0615
16.0883
16.1148
16.1408
16.1663
16.1914
16.2159
16.2398
16.2631
16.2858
16.3081
16.3298
16.3513
16.3724
16.3933
16.4142
16.4351
16.456
16.4771
16.4981
16.5193
16.5408
16.5629
16.5855
16.6089
16.633
16.6577
16.683
16.7089
16.7352
16.7616
16.7883
16.8151
16.8419
16.869
16.8965
16.9244
16.9531
16.9812
17.0094
17.0341
17.0563
17.0654
17.0632
17.0274
-11.4932
-12.7038
-12.8857
-13.5952
-14.0686
-14.9786
-16.0082
-17.1992
-18.2241
-18.8685
-18.7932
-17.9784
-16.6014
-14.9026
-13.0617
-11.417
-10.154
-9.11636
-8.14601
-7.16921
-6.1675
-5.15459
-4.15137
-3.17818
-2.2501
-1.37192
-0.548134
0.221254
0.938198
1.60621
2.22888
2.81057
3.3549
3.86587
4.34652
4.80012
5.22906
5.63592
6.02247
6.39064
6.74175
7.07725
7.39809
7.70538
7.99982
8.28228
8.55327
8.81348
9.06332
9.30334
9.53386
9.75538
9.96816
10.1726
10.369
10.5578
10.7391
10.9134
11.0809
11.2419
11.3967
11.5457
11.6891
11.8271
11.9601
12.0883
12.212
12.3316
12.4471
12.5589
12.6673
12.7722
12.8741
12.973
13.0691
13.1625
13.2535
13.342
13.4282
13.5123
13.5944
13.6745
13.7528
13.8294
13.9042
13.9776
14.0493
14.1197
14.1886
14.2561
14.3222
14.3868
14.4501
14.512
14.5726
14.6317
14.6895
14.746
14.8011
14.8548
14.9072
14.9583
15.0081
15.0568
15.1042
15.1505
15.1959
15.2402
15.2834
15.3253
15.3661
15.4058
15.4444
15.482
15.5187
15.5543
15.5888
15.6225
15.6552
15.6871
15.7183
15.7487
15.7785
15.8079
15.8367
15.8652
15.8934
15.9214
15.9492
15.9768
16.0044
16.0319
16.0592
16.0865
16.1134
16.14
16.1663
16.192
16.2173
16.242
16.2661
16.2897
16.3127
16.3351
16.3572
16.379
16.4005
16.4217
16.4425
16.4629
16.4831
16.5032
16.5234
16.5435
16.5638
16.5842
16.6049
16.626
16.6476
16.6697
16.6924
16.7156
16.7394
16.7636
16.7881
16.8127
16.8373
16.8615
16.8854
16.9088
16.9319
16.9542
16.9761
16.9961
17.0142
17.0271
17.0351
17.0293
17.0104
16.9621
-13.7477
-15.1541
-15.6216
-16.8534
-18.0362
-19.8581
-21.9212
-23.9967
-25.4694
-25.9515
-25.5611
-24.4822
-23.0264
-21.3087
-18.8762
-15.8232
-13.2611
-11.3864
-9.91329
-8.61064
-7.37078
-6.16842
-5.0094
-3.90811
-2.87487
-1.91467
-1.02851
-0.210013
0.545577
1.24363
1.88973
2.48982
3.04875
3.57155
4.06198
4.52389
4.96006
5.37339
5.76585
6.13958
6.49597
6.83659
7.16243
7.47467
7.77399
8.06131
8.33711
8.60213
8.85672
9.10147
9.33669
9.56284
9.7802
9.98919
10.19
10.3831
10.5687
10.7472
10.9188
11.0838
11.2425
11.3952
11.5422
11.6838
11.8201
11.9515
12.0784
12.2009
12.3193
12.4338
12.5448
12.6524
12.7567
12.858
12.9565
13.0522
13.1454
13.2362
13.3246
13.4109
13.4951
13.5772
13.6574
13.7359
13.8125
13.8875
13.9609
14.0327
14.103
14.1718
14.2391
14.305
14.3694
14.4325
14.4941
14.5544
14.6132
14.6706
14.7265
14.781
14.8342
14.8859
14.9364
14.9855
15.0335
15.0803
15.1261
15.1707
15.2143
15.2566
15.2977
15.3376
15.3764
15.4141
15.4507
15.4863
15.5208
15.5543
15.5869
15.6187
15.6496
15.6798
15.7093
15.7382
15.7667
15.7947
15.8224
15.8499
15.8772
15.9044
15.9315
15.9585
15.9853
16.0119
16.0383
16.0643
16.09
16.1154
16.1404
16.165
16.1892
16.2129
16.236
16.2586
16.2806
16.3023
16.3236
16.3447
16.3656
16.3863
16.4069
16.4275
16.4481
16.4688
16.4896
16.5105
16.5316
16.5531
16.5752
16.5977
16.6207
16.6442
16.6681
16.6923
16.7167
16.7411
16.7653
16.7891
16.8125
16.8352
16.8575
16.8785
16.8987
16.9166
16.932
16.9417
16.9455
16.9365
16.9125
16.8648
-14.4443
-16.0893
-16.7284
-18.2202
-19.7286
-21.8927
-24.2185
-26.3996
-27.8563
-28.3718
-28.0621
-27.1271
-25.5747
-23.8412
-22.194
-19.4276
-16.0004
-13.2939
-11.276
-9.64398
-8.18393
-6.81476
-5.52265
-4.31399
-3.19582
-2.16995
-1.23397
-0.381123
0.399086
1.11479
1.77335
2.38247
2.9481
3.47619
3.97111
4.43712
4.8773
5.29467
5.69139
6.06957
6.43069
6.77627
7.10732
7.42493
7.72981
8.02276
8.30429
8.57502
8.83534
9.08576
9.32657
9.55822
9.78096
9.99519
10.2012
10.3992
10.5896
10.7726
10.9486
11.1178
11.2804
11.4368
11.5873
11.7322
11.8716
12.0059
12.1355
12.2605
12.3813
12.4981
12.611
12.7204
12.8263
12.9291
13.0289
13.1258
13.2201
13.3117
13.401
13.488
13.5728
13.6556
13.7363
13.8152
13.8923
13.9677
14.0413
14.1133
14.1837
14.2524
14.3197
14.3854
14.4495
14.5122
14.5733
14.633
14.6911
14.7479
14.8031
14.8569
14.9093
14.9604
15.0101
15.0584
15.1055
15.1514
15.1961
15.2397
15.282
15.3232
15.3632
15.4021
15.4398
15.4765
15.5122
15.5469
15.5806
15.6134
15.6453
15.6764
15.7068
15.7364
15.7655
15.794
15.822
15.8496
15.8768
15.9038
15.9306
15.9573
15.9838
16.0101
16.0363
16.0623
16.0879
16.1131
16.1379
16.1623
16.1863
16.2098
16.2329
16.2556
16.2779
16.2998
16.3213
16.3425
16.3635
16.3842
16.4047
16.4249
16.445
16.4649
16.4849
16.505
16.5251
16.5454
16.5659
16.5867
16.608
16.6296
16.6517
16.6742
16.697
16.72
16.7431
16.7659
16.7884
16.8101
16.8312
16.851
16.8699
16.8869
16.9019
16.9139
16.9222
16.924
16.9183
16.9004
16.8663
16.8135
-13.3231
-15.0113
-15.9495
-17.544
-19.2619
-21.4736
-23.889
-26.1707
-27.7796
-28.45
-28.1515
-27.1219
-25.6119
-23.9172
-22.4652
-20.709
-17.5044
-14.3649
-11.9932
-10.1706
-8.60421
-7.16504
-5.82113
-4.57317
-3.42692
-2.38241
-1.43519
-0.576246
0.203969
0.915575
1.56952
2.17409
2.73564
3.26057
3.75329
4.2182
4.65828
5.07651
5.4749
5.85554
6.21972
6.56893
6.90399
7.22601
7.53551
7.83333
8.11982
8.39563
8.66104
8.91659
9.16248
9.39918
9.62689
9.84606
10.0569
10.2596
10.4546
10.642
10.8222
10.9955
11.1621
11.3224
11.4766
11.625
11.7679
11.9056
12.0383
12.1664
12.2901
12.4097
12.5254
12.6375
12.746
12.8513
12.9536
13.0529
13.1495
13.2435
13.3351
13.4243
13.5113
13.5962
13.6791
13.7601
13.8392
13.9165
13.9921
14.066
14.1382
14.2088
14.2777
14.345
14.4107
14.4748
14.5373
14.5982
14.6576
14.7154
14.7716
14.8264
14.8796
14.9315
14.9819
15.031
15.0787
15.1252
15.1703
15.2142
15.2569
15.2982
15.3383
15.3772
15.415
15.4517
15.4874
15.5221
15.5558
15.5888
15.6209
15.6522
15.6829
15.7129
15.7422
15.7708
15.7988
15.8263
15.8534
15.8802
15.9066
15.9329
15.9589
15.9847
16.0102
16.0355
16.0605
16.0851
16.1094
16.1334
16.1571
16.1804
16.2035
16.2261
16.2483
16.2701
16.2915
16.3127
16.3336
16.3544
16.375
16.3955
16.4159
16.4362
16.4565
16.4769
16.4973
16.5178
16.5386
16.5596
16.5809
16.6026
16.6246
16.647
16.6696
16.6922
16.7148
16.7371
16.759
16.7801
16.8003
16.8192
16.8368
16.8522
16.8653
16.8749
16.8803
16.879
16.8693
16.8486
16.8102
16.7582
-11.2879
-12.5246
-13.6822
-15.179
-16.8058
-18.6584
-20.6728
-22.6138
-24.12
-24.8994
-24.9011
-24.2112
-22.939
-21.3489
-20.1243
-19.4143
-17.1278
-13.9465
-11.5326
-9.70633
-8.17083
-6.77425
-5.47444
-4.27079
-3.16904
-2.16852
-1.26349
-0.443554
0.301584
0.983148
1.61016
2.19099
2.73348
3.2436
3.72507
4.18182
4.61645
5.03147
5.42858
5.80945
6.17518
6.52692
6.86538
7.19135
7.50534
7.80793
8.09945
8.38035
8.65095
8.91164
9.16262
9.40426
9.63673
9.86048
10.0756
10.2824
10.4812
10.6723
10.8558
11.0322
11.2017
11.3647
11.5213
11.6719
11.8168
11.9563
12.0907
12.2203
12.3454
12.4661
12.583
12.6959
12.8054
12.9114
13.0143
13.1143
13.2114
13.3059
13.3979
13.4876
13.575
13.6602
13.7434
13.8247
13.9041
13.9816
14.0574
14.1312
14.2034
14.2738
14.3425
14.4096
14.475
14.5387
14.6008
14.6613
14.7202
14.7774
14.8331
14.8873
14.9399
14.9911
15.0409
15.0892
15.1361
15.1818
15.2261
15.2692
15.311
15.3516
15.3909
15.429
15.4661
15.502
15.5369
15.5708
15.6038
15.6359
15.6672
15.6977
15.7274
15.7564
15.7849
15.8128
15.8401
15.8669
15.8933
15.9194
15.9452
15.9707
15.9961
16.0212
16.046
16.0705
16.0947
16.1184
16.1418
16.1647
16.1873
16.2096
16.2316
16.2534
16.2749
16.2961
16.3171
16.3379
16.3585
16.379
16.3993
16.4194
16.4394
16.4594
16.4793
16.4993
16.5193
16.5394
16.5597
16.5802
16.601
16.6221
16.6435
16.665
16.6868
16.7085
16.7301
16.7512
16.7717
16.7913
16.8098
16.8266
16.8418
16.8543
16.8639
16.8693
16.87
16.8637
16.8481
16.8226
16.7782
16.7259
-9.99207
-10.5886
-11.5632
-12.7596
-14.0458
-15.396
-16.8049
-18.1665
-19.2892
-19.9886
-20.1786
-19.9011
-19.2346
-18.2516
-17.2605
-16.8812
-15.6479
-12.5897
-10.184
-8.44096
-7.03303
-5.77942
-4.62101
-3.55154
-2.57368
-1.68511
-0.878682
-0.143998
0.529075
1.15054
1.72831
2.26938
2.77902
3.26299
3.7242
4.16539
4.5885
4.99529
5.38682
5.76428
6.12831
6.47975
6.81896
7.14659
7.46279
7.76817
8.06273
8.34702
8.62104
8.88527
9.13976
9.38482
9.62074
9.8476
10.0658
10.2755
10.4771
10.6706
10.8565
11.035
11.2064
11.371
11.5291
11.681
11.827
11.9674
12.1025
12.2327
12.3581
12.4793
12.5962
12.7094
12.8189
12.925
13.0279
13.1279
13.2251
13.3196
13.4117
13.5014
13.589
13.6745
13.7579
13.8395
13.9192
13.9971
14.0732
14.1477
14.2204
14.2913
14.3605
14.428
14.4938
14.5579
14.6202
14.6809
14.7399
14.7973
14.853
14.9072
14.9598
15.011
15.0607
15.1089
15.1558
15.2013
15.2455
15.2884
15.33
15.3703
15.4094
15.4473
15.4841
15.5199
15.5546
15.5884
15.6213
15.6533
15.6846
15.7149
15.7446
15.7735
15.8017
15.8293
15.8563
15.8826
15.9085
15.9339
15.9589
15.9836
16.0079
16.0319
16.0556
16.079
16.102
16.1248
16.1472
16.1694
16.1913
16.213
16.2345
16.2558
16.2769
16.2978
16.3185
16.3391
16.3595
16.3799
16.4003
16.4205
16.4406
16.4607
16.4807
16.5007
16.5207
16.5407
16.5609
16.5812
16.6018
16.6225
16.6435
16.6647
16.6859
16.7071
16.7281
16.7485
16.7683
16.787
16.8047
16.8204
16.8344
16.8453
16.8532
16.8563
16.8544
16.8455
16.8266
16.7989
16.751
16.6995
-9.75512
-10.038
-10.5746
-11.2576
-12.0519
-12.9095
-13.8126
-14.7173
-15.5318
-16.1166
-16.3629
-16.278
-15.8975
-15.2844
-14.6616
-14.3809
-13.5348
-10.6417
-8.06871
-6.41326
-5.19052
-4.16273
-3.2335
-2.37971
-1.59589
-0.876796
-0.214758
0.398948
0.972391
1.51259
2.02499
2.51397
2.98274
3.43395
3.8691
4.2903
4.69849
5.09412
5.47789
5.84997
6.21078
6.56048
6.89937
7.22752
7.54517
7.85234
8.14929
8.43603
8.71285
8.97975
9.23696
9.48477
9.72306
9.95235
10.1726
10.3842
10.5873
10.7823
10.9693
11.1487
11.3207
11.4857
11.6439
11.7957
11.9414
12.0814
12.2158
12.3451
12.4697
12.5897
12.7055
12.8173
12.9254
13.0301
13.1316
13.2301
13.3258
13.4189
13.5095
13.5979
13.6841
13.7682
13.8504
13.9307
14.0092
14.0859
14.1608
14.2341
14.3055
14.3753
14.4433
14.5096
14.5742
14.6371
14.6983
14.7578
14.8156
14.8717
14.9262
14.9791
15.0305
15.0805
15.129
15.1761
15.2219
15.2664
15.3096
15.3517
15.3925
15.4321
15.4705
15.5078
15.5439
15.579
15.613
15.6461
15.6782
15.7095
15.7398
15.7692
15.7979
15.8257
15.8529
15.8793
15.9051
15.9303
15.955
15.9793
16.0031
16.0265
16.0496
16.0724
16.0948
16.1169
16.1386
16.16
16.181
16.2018
16.2225
16.2429
16.2633
16.2836
16.3039
16.3241
16.3444
16.3645
16.3847
16.4048
16.4249
16.4448
16.4647
16.4844
16.5041
16.5238
16.5434
16.563
16.5827
16.6025
16.6225
16.6427
16.663
16.6834
16.7039
16.7243
16.7444
16.7639
16.7828
16.8004
16.8169
16.8312
16.8436
16.8527
16.8584
16.859
16.854
16.842
16.8195
16.7889
16.7374
16.6855
-9.87488
-10.1391
-10.3783
-10.6047
-10.8585
-11.1944
-11.6378
-12.1652
-12.7095
-13.1432
-13.3723
-13.3889
-13.1682
-12.7494
-12.3406
-12.0655
-11.1662
-8.17165
-5.29599
-3.73388
-2.77008
-2.06429
-1.4599
-0.903913
-0.380637
0.118315
0.597664
1.0623
1.51502
1.95855
2.3938
2.82176
3.24235
3.65575
4.06143
4.45925
4.84914
5.23121
5.60436
5.96891
6.32417
6.67024
7.0067
7.33366
7.65077
7.95819
8.25566
8.54346
8.82137
9.08961
9.34821
9.59713
9.83677
10.067
10.2882
10.5005
10.7042
10.8994
11.0865
11.2656
11.4372
11.6014
11.7587
11.9094
12.0537
12.192
12.3247
12.4522
12.5747
12.6926
12.8061
12.9157
13.0216
13.124
13.2232
13.3194
13.4129
13.504
13.5926
13.6791
13.7635
13.846
13.9267
14.0056
14.0828
14.1584
14.2323
14.3046
14.3752
14.4441
14.5114
14.5769
14.6406
14.7027
14.7629
14.8214
14.8782
14.9334
14.9868
15.0387
15.0891
15.1381
15.1856
15.2318
15.2767
15.3204
15.3629
15.4042
15.4444
15.4835
15.5214
15.5581
15.5939
15.6286
15.6623
15.695
15.7268
15.7577
15.7877
15.8167
15.8448
15.8722
15.8987
15.9244
15.9494
15.9736
15.9972
16.0202
16.0427
16.0647
16.0863
16.1075
16.1283
16.1487
16.1689
16.1888
16.2085
16.2281
16.2475
16.267
16.2864
16.3059
16.3255
16.3452
16.3649
16.3848
16.4047
16.4247
16.4447
16.4646
16.4843
16.504
16.5235
16.543
16.5623
16.5816
16.601
16.6204
16.6399
16.6595
16.6792
16.699
16.7189
16.7385
16.758
16.7768
16.795
16.8119
16.8276
16.8411
16.8526
16.8604
16.8649
16.8638
16.8568
16.8428
16.8179
16.7853
16.7313
16.6784
-10.0028
-10.3413
-10.4037
-10.4293
-10.2662
-10.1296
-10.1611
-10.3737
-10.6972
-11.016
-11.2284
-11.2626
-11.0848
-10.7525
-10.4095
-9.9344
-8.52678
-5.06168
-1.8546
-0.449883
0.145643
0.417278
0.606058
0.794486
1.01077
1.25758
1.53422
1.83659
2.16086
2.5026
2.85781
3.22272
3.59397
3.96869
4.34434
4.71875
5.09047
5.45789
5.8206
6.17696
6.52639
6.86823
7.2019
7.52698
7.84315
8.15012
8.44772
8.73579
9.01426
9.28311
9.5422
9.79188
10.0318
10.2623
10.4835
10.6957
10.8989
11.0934
11.2795
11.4574
11.6274
11.7899
11.9451
12.0934
12.2353
12.371
12.5008
12.6253
12.7446
12.8593
12.9696
13.0757
13.1782
13.2772
13.373
13.4659
13.5561
13.6439
13.7294
13.8128
13.8943
13.974
14.0519
14.1283
14.2031
14.2762
14.3479
14.418
14.4864
14.5533
14.6185
14.682
14.7438
14.8038
14.8621
14.9187
14.9735
15.0267
15.0783
15.1283
15.1768
15.224
15.2699
15.3145
15.358
15.4004
15.4417
15.4819
15.5212
15.5594
15.5965
15.6326
15.6676
15.7017
15.7347
15.7667
15.7977
15.8277
15.8567
15.8847
15.9117
15.9378
15.963
15.9874
16.0109
16.0336
16.0557
16.0771
16.0979
16.1182
16.1381
16.1575
16.1765
16.1951
16.2135
16.2316
16.2496
16.2674
16.2853
16.3033
16.3215
16.3399
16.3585
16.3774
16.3966
16.4161
16.4357
16.4554
16.4751
16.4948
16.5143
16.5337
16.553
16.572
16.5909
16.6097
16.6285
16.6473
16.6661
16.685
16.704
16.7231
16.7422
16.761
16.7797
16.7978
16.8152
16.8314
16.8464
16.859
16.8695
16.8763
16.8795
16.8768
16.8681
16.8521
16.825
16.7904
16.7342
16.6795
-10.0898
-10.4416
-10.4405
-10.4329
-10.0208
-9.57746
-9.27688
-9.20814
-9.31866
-9.51588
-9.66953
-9.69192
-9.52452
-9.23143
-8.7725
-7.75382
-5.31549
-1.14838
2.20474
3.30291
3.3822
3.10812
2.80137
2.57753
2.45872
2.44089
2.50894
2.64804
2.84421
3.0857
3.36222
3.66543
3.9882
4.32487
4.67058
5.0217
5.37468
5.72793
6.0786
6.42605
6.76853
7.10507
7.43472
7.75681
8.07075
8.37612
8.67252
8.95976
9.23755
9.50581
9.76452
10.0133
10.2527
10.4824
10.7026
10.9135
11.1152
11.3079
11.492
11.6675
11.8349
11.9945
12.1466
12.2917
12.4298
12.5616
12.6875
12.8079
12.923
13.0333
13.1392
13.241
13.3391
13.4338
13.5253
13.614
13.7002
13.7841
13.8659
13.9457
14.0239
14.1004
14.1754
14.2489
14.3211
14.3919
14.4612
14.5291
14.5955
14.6604
14.7237
14.7853
14.8452
14.9034
14.9597
15.0144
15.0672
15.1184
15.168
15.2161
15.2628
15.3082
15.3523
15.3953
15.4373
15.4783
15.5183
15.5575
15.5958
15.6331
15.6695
15.7049
15.7394
15.7729
15.8054
15.8369
15.8674
15.8968
15.9252
15.9525
15.9787
16.0039
16.0281
16.0513
16.0735
16.0949
16.1154
16.1352
16.1543
16.1727
16.1906
16.208
16.225
16.2416
16.258
16.2743
16.2904
16.3066
16.3229
16.3395
16.3564
16.3737
16.3915
16.4097
16.4283
16.4473
16.4666
16.4862
16.5058
16.5253
16.5447
16.5639
16.5829
16.6016
16.6201
16.6384
16.6566
16.6748
16.693
16.7112
16.7294
16.7477
16.7661
16.7842
16.8022
16.8196
16.8365
16.852
16.8665
16.8785
16.8884
16.8944
16.8967
16.8929
16.883
16.8655
16.8368
16.8003
16.7425
16.6856
-10.0668
-10.4767
-10.4867
-10.3759
-9.83357
-9.24248
-8.71225
-8.43422
-8.39594
-8.50128
-8.59406
-8.5492
-8.35515
-8.01043
-7.17844
-5.12672
-1.29261
3.52261
6.67934
7.26484
6.69698
5.79959
4.9669
4.32069
3.8752
3.60406
3.47705
3.46515
3.54446
3.69491
3.90052
4.14817
4.42747
4.72993
5.04887
5.37873
5.7156
6.05512
6.39599
6.73519
7.0714
7.40305
7.72894
8.04816
8.35993
8.66362
8.95876
9.24493
9.52186
9.78929
10.0469
10.2951
10.5331
10.7614
10.98
11.1891
11.3886
11.579
11.7602
11.9327
12.0967
12.2526
12.4008
12.5415
12.6753
12.8026
12.9236
13.039
13.149
13.2542
13.3548
13.4514
13.5442
13.6336
13.72
13.8037
13.8849
13.9639
14.0411
14.1164
14.1902
14.2626
14.3337
14.4035
14.4721
14.5394
14.6056
14.6705
14.7339
14.7959
14.8564
14.9153
14.9725
15.028
15.0817
15.1336
15.1838
15.2324
15.2794
15.325
15.3692
15.4122
15.4542
15.4952
15.5353
15.5746
15.6131
15.6509
15.688
15.7243
15.7598
15.7945
15.8282
15.8609
15.8927
15.9234
15.9531
15.9816
16.0089
16.035
16.06
16.0838
16.1064
16.128
16.1485
16.168
16.1866
16.2044
16.2214
16.2376
16.2533
16.2685
16.2832
16.2976
16.3117
16.3258
16.3398
16.354
16.3684
16.3833
16.3987
16.4147
16.4314
16.4487
16.4667
16.4853
16.5043
16.5236
16.543
16.5624
16.5816
16.6005
16.6191
16.6373
16.6553
16.673
16.6905
16.7079
16.7253
16.7427
16.7601
16.7775
16.795
16.8124
16.8297
16.8464
16.8627
16.8777
16.8917
16.9032
16.9126
16.918
16.9197
16.9149
16.9041
16.8853
16.8554
16.8171
16.758
16.6984
-9.97317
-10.4845
-10.4327
-10.2607
-9.67507
-9.01787
-8.37549
-7.9777
-7.80657
-7.75025
-7.75
-7.72623
-7.51648
-6.85766
-5.16107
-1.69476
3.43229
8.58753
11.1977
11.105
9.82311
8.29714
6.96083
5.92991
5.19099
4.69757
4.40064
4.25821
4.23648
4.30837
4.4525
4.65189
4.89308
5.16538
5.4603
5.77121
6.09235
6.42047
6.75062
7.08183
7.41143
7.73774
8.05933
8.37505
8.68392
8.9852
9.27823
9.56255
9.83769
10.1034
10.3594
10.6053
10.8416
11.0677
11.2838
11.4901
11.6865
11.8734
12.0509
12.2193
12.3789
12.5301
12.6732
12.8088
12.937
13.0584
13.1736
13.2829
13.3868
13.4858
13.5802
13.6705
13.7572
13.8405
13.9209
13.9987
14.0742
14.1478
14.2196
14.29
14.359
14.4269
14.4937
14.5595
14.6244
14.6883
14.751
14.8127
14.8731
14.9322
14.9899
15.046
15.1005
15.1532
15.2041
15.2533
15.3007
15.3465
15.3908
15.4336
15.4752
15.5157
15.5553
15.594
15.6321
15.6695
15.7064
15.7428
15.7786
15.8139
15.8484
15.8823
15.9153
15.9474
15.9785
16.0086
16.0375
16.0653
16.0917
16.1169
16.1408
16.1634
16.1848
16.2048
16.2237
16.2415
16.2582
16.2739
16.2888
16.3028
16.3162
16.329
16.3414
16.3534
16.3652
16.377
16.3888
16.401
16.4135
16.4267
16.4406
16.4553
16.4708
16.4873
16.5047
16.5228
16.5416
16.5607
16.58
16.5992
16.6183
16.6369
16.6552
16.673
16.6905
16.7075
16.7243
16.741
16.7575
16.774
16.7906
16.8071
16.8238
16.8404
16.8569
16.873
16.8888
16.9034
16.917
16.9282
16.9373
16.9422
16.9435
16.9381
16.9267
16.9066
16.8758
16.8358
16.7756
16.7133
-10.0192
-10.5846
-10.4353
-10.1508
-9.51066
-8.79302
-8.08996
-7.65476
-7.47145
-7.42523
-7.38793
-7.16142
-6.49211
-5.06172
-2.25358
2.36603
8.2279
13.3984
15.2883
14.466
12.5015
10.4206
8.663
7.31694
6.34285
5.67238
5.24078
4.99507
4.89357
4.90342
4.99906
5.16035
5.3715
5.62003
5.89608
6.19182
6.50144
6.81902
7.14257
7.46751
7.79215
8.11443
8.43276
8.74581
9.05248
9.35189
9.64329
9.92607
10.1998
10.464
10.7183
10.9628
11.1966
11.4203
11.6338
11.8371
12.0302
12.2134
12.3868
12.5507
12.7054
12.8514
12.989
13.1185
13.2408
13.3559
13.4645
13.5672
13.6643
13.7563
13.8438
13.9271
14.0068
14.0833
14.1569
14.2282
14.2972
14.3645
14.4303
14.4949
14.5584
14.621
14.6828
14.7439
14.8043
14.8639
14.9228
14.9806
15.0374
15.093
15.1472
15.2
15.2511
15.3004
15.348
15.3939
15.438
15.4805
15.5214
15.5611
15.5996
15.6372
15.674
15.7102
15.746
15.7813
15.8164
15.8512
15.8856
15.9196
15.9531
15.9861
16.0182
16.0496
16.0799
16.1091
16.1372
16.1639
16.1892
16.2132
16.2357
16.2567
16.2763
16.2945
16.3113
16.3269
16.3413
16.3546
16.3669
16.3783
16.389
16.3991
16.4087
16.418
16.4271
16.4363
16.4456
16.4554
16.4658
16.4769
16.4891
16.5023
16.5167
16.5322
16.5489
16.5666
16.585
16.604
16.6231
16.6422
16.6611
16.6794
16.6972
16.7145
16.7313
16.7476
16.7636
16.7793
16.7948
16.8103
16.8259
16.8415
16.8572
16.8729
16.8887
16.9042
16.9195
16.9336
16.947
16.9579
16.9669
16.9716
16.9727
16.9668
16.9551
16.9341
16.9027
16.8611
16.8003
16.7348
-9.85361
-10.7492
-10.4819
-10.1527
-9.41451
-8.67682
-7.97579
-7.48777
-7.19025
-6.93086
-6.56439
-5.86193
-4.55081
-2.35462
1.1629
6.18493
12.226
17.2414
18.4915
17.0525
14.5591
12.0775
10.0246
8.45954
7.32168
6.52566
5.99757
5.67691
5.51679
5.48056
5.53979
5.67216
5.86022
6.09021
6.3513
6.63502
6.93428
7.24487
7.56057
7.8801
8.20005
8.51841
8.83343
9.14365
9.44783
9.74502
10.0343
10.3151
10.5868
10.8489
11.1011
11.3427
11.5742
11.7949
12.005
12.2045
12.3935
12.5721
12.7405
12.899
13.048
13.1878
13.3188
13.4418
13.5567
13.6644
13.7656
13.8605
13.9499
14.0341
14.1137
14.1893
14.2613
14.3301
14.3963
14.4602
14.5222
14.5827
14.642
14.7003
14.7579
14.8148
14.8714
14.9275
14.9831
15.0385
15.093
15.1469
15.1999
15.2519
15.3026
15.3519
15.3995
15.4455
15.4896
15.5319
15.5725
15.6115
15.6491
15.6854
15.7206
15.755
15.7889
15.8224
15.8556
15.8887
15.9218
15.9548
15.9878
16.0205
16.0529
16.0849
16.1162
16.1468
16.1764
16.2048
16.232
16.2578
16.2822
16.3049
16.3261
16.3457
16.3637
16.3801
16.3951
16.4086
16.4208
16.4317
16.4416
16.4505
16.4586
16.466
16.4729
16.4795
16.486
16.4926
16.4994
16.5069
16.5151
16.5242
16.5346
16.5463
16.5595
16.5741
16.5901
16.6074
16.6256
16.6444
16.6635
16.6826
16.7012
16.7193
16.7368
16.7536
16.7697
16.7852
16.8004
16.8152
16.8298
16.8443
16.8589
16.8735
16.8883
16.9032
16.9182
16.9331
16.9479
16.9617
16.9749
16.9857
16.9947
16.9992
17.0003
16.9941
16.9823
16.9604
16.9287
16.8854
16.8239
16.7555
-9.86152
-10.3092
-10.2267
-9.72462
-8.85675
-7.94116
-7.11141
-6.49227
-6.01244
-5.50205
-4.79715
-3.7366
-2.09046
0.419755
4.06172
8.94486
14.813
19.5345
20.4235
18.6541
15.8961
13.2176
11.0141
9.332
8.09927
7.22948
6.64268
6.27571
6.07902
6.01393
6.05033
6.16464
6.33834
6.55692
6.80889
7.08521
7.37909
7.68379
7.99709
8.31352
8.63113
8.9476
9.261
9.56987
9.87291
10.1691
10.4574
10.7372
11.0077
11.2685
11.519
11.7593
11.9881
12.2062
12.4133
12.6093
12.7943
12.9685
13.1319
13.285
13.4281
13.5616
13.686
13.8016
13.9094
14.0096
14.1027
14.1896
14.2707
14.3466
14.4179
14.4851
14.5487
14.6094
14.6674
14.7235
14.7778
14.8308
14.8829
14.9344
14.9854
15.0362
15.0869
15.1375
15.188
15.2382
15.2884
15.338
15.3868
15.4348
15.4815
15.5269
15.5707
15.6128
15.653
15.6915
15.7281
15.7632
15.7968
15.8293
15.8608
15.8918
15.9223
15.9528
15.9833
16.0139
16.0449
16.076
16.1074
16.1388
16.1701
16.2011
16.2316
16.2613
16.2901
16.3177
16.3439
16.3687
16.3918
16.4132
16.4329
16.4507
16.4668
16.4811
16.4937
16.5048
16.5143
16.5224
16.5294
16.5352
16.5401
16.5444
16.5481
16.5515
16.5548
16.5583
16.5623
16.5669
16.5725
16.5793
16.5876
16.5976
16.6094
16.6229
16.6382
16.6551
16.6731
16.6918
16.7109
16.7298
16.7483
16.7661
16.7831
16.7991
16.8145
16.8291
16.8432
16.8569
16.8703
16.8837
16.897
16.9105
16.9242
16.9381
16.9523
16.9665
16.9808
16.9943
17.0073
17.0181
17.0272
17.0317
17.033
17.0268
17.0151
16.9927
16.961
16.9162
16.8546
16.783
-8.9654
-8.56849
-8.19487
-7.67107
-6.86746
-6.04691
-5.3375
-4.77355
-4.28273
-3.73455
-2.96586
-1.8295
-0.1243
2.4245
5.96307
10.5537
15.9074
20.046
20.8805
19.1859
16.5055
13.8637
11.662
9.96092
8.70526
7.80939
7.1991
6.81167
6.59783
6.51858
6.54344
6.64832
6.81435
7.02661
7.27337
7.54547
7.83524
8.13821
8.44759
8.76202
9.07776
9.39262
9.70459
10.0122
10.314
10.6089
10.896
11.1744
11.4434
11.7025
11.9511
12.1884
12.4149
12.6297
12.8331
13.0248
13.2051
13.3739
13.5316
13.6783
13.8147
13.941
14.0577
14.1655
14.2647
14.3563
14.4407
14.5186
14.5907
14.6575
14.7196
14.7778
14.8325
14.8843
14.9337
14.9812
15.0274
15.0727
15.1172
15.1615
15.2057
15.25
15.2946
15.3396
15.3847
15.4302
15.4754
15.5205
15.5651
15.609
15.6518
15.6933
15.7331
15.7713
15.8075
15.842
15.8746
15.9056
15.9352
15.9638
15.9915
16.0188
16.0459
16.0732
16.1008
16.1289
16.1576
16.1868
16.2165
16.2464
16.2765
16.3064
16.3359
16.3647
16.3926
16.4193
16.4445
16.4682
16.4901
16.5101
16.5282
16.5443
16.5585
16.5708
16.5812
16.5899
16.5969
16.6025
16.6067
16.6097
16.6118
16.6131
16.6139
16.6144
16.6149
16.6156
16.6168
16.6189
16.6221
16.6268
16.6332
16.6417
16.6522
16.6649
16.6796
16.696
16.7138
16.7326
16.7516
16.7705
16.7889
16.8064
16.8229
16.8383
16.8529
16.8666
16.8798
16.8925
16.9049
16.9171
16.9294
16.9419
16.9546
16.9677
16.9812
16.9948
17.0088
17.0221
17.0351
17.0459
17.0552
17.0598
17.0613
17.0549
17.0435
17.0202
16.9887
16.9421
16.8805
16.8068
-7.82523
-7.40267
-6.83893
-6.29586
-5.61281
-4.92218
-4.30804
-3.7582
-3.21239
-2.58732
-1.72829
-0.486676
1.28321
3.8295
7.20156
11.4187
16.0638
19.3847
20.2517
18.8934
16.5335
14.0972
12.0057
10.3608
9.12736
8.24183
7.63436
7.2469
7.03179
6.95096
6.97424
7.07773
7.24252
7.45372
7.69954
7.97067
8.26025
8.56116
8.87144
9.18531
9.50074
9.81512
10.1266
10.4337
10.735
11.0294
11.3158
11.5934
11.8613
12.1189
12.3656
12.6013
12.8247
13.0365
13.2363
13.424
13.5997
13.7634
13.9154
14.0561
14.1857
14.305
14.4143
14.514
14.6053
14.6885
14.7643
14.8335
14.8966
14.9545
15.0078
15.057
15.1029
15.1461
15.187
15.2264
15.2645
15.302
15.3392
15.3764
15.414
15.4521
15.4908
15.5303
15.5704
15.6109
15.6519
15.6928
15.7335
15.7735
15.8126
15.8504
15.8866
15.921
15.9536
15.9842
16.0129
16.04
16.0658
16.0905
16.1145
16.1383
16.1621
16.1863
16.2112
16.2368
16.2633
16.2907
16.3188
16.3474
16.3764
16.4053
16.4339
16.4619
16.4889
16.5147
16.539
16.5616
16.5823
16.601
16.6176
16.6321
16.6445
16.6548
16.6631
16.6695
16.6741
16.6771
16.6787
16.679
16.6783
16.6767
16.6747
16.6723
16.6699
16.6678
16.6664
16.6659
16.6667
16.6692
16.6736
16.6803
16.6895
16.7011
16.715
16.7311
16.7487
16.7673
16.7863
16.8051
16.8232
16.8403
16.8562
16.8709
16.8847
16.8975
16.9097
16.9214
16.9328
16.9441
16.9554
16.9668
16.9787
16.991
17.0038
17.0169
17.0305
17.0435
17.0564
17.0671
17.0765
17.0811
17.083
17.0764
17.0656
17.0418
17.0116
16.9639
16.9047
16.8301
-6.1705
-6.23804
-5.95875
-5.56723
-5.01142
-4.37098
-3.73791
-3.11591
-2.45987
-1.6919
-0.698015
0.636167
2.43824
4.90481
8.00904
11.7654
15.735
18.2891
19.1066
18.0797
16.089
13.9296
12.0181
10.4821
9.3213
8.48089
7.90488
7.5398
7.34148
7.27362
7.30723
7.41908
7.59076
7.80767
8.05827
8.33363
8.62607
8.93158
9.24316
9.55978
9.87725
10.1935
10.5068
10.8155
11.1182
11.4139
11.7013
11.9797
12.2481
12.5058
12.7524
12.9868
13.2095
13.4196
13.617
13.8019
13.974
14.1337
14.281
14.4164
14.5404
14.6534
14.7559
14.8488
14.9325
15.0079
15.0757
15.1367
15.1916
15.2412
15.286
15.3269
15.3645
15.3995
15.4325
15.464
15.4947
15.525
15.5552
15.5859
15.6173
15.6495
15.6829
15.7173
15.7527
15.7891
15.8258
15.8629
15.9
15.9366
15.9723
16.0068
16.0396
16.0705
16.0994
16.1263
16.1513
16.1746
16.1965
16.2174
16.2377
16.2579
16.2784
16.2996
16.3217
16.3449
16.3693
16.3949
16.4215
16.4489
16.4768
16.5048
16.5326
16.5599
16.5861
16.6111
16.6345
16.656
16.6756
16.6929
16.708
16.7208
16.7313
16.7395
16.7457
16.7497
16.7519
16.7524
16.7513
16.7488
16.7452
16.7408
16.7357
16.7304
16.7251
16.7202
16.716
16.7128
16.7112
16.7114
16.7139
16.7189
16.7267
16.7374
16.7508
16.7665
16.7841
16.8029
16.822
16.8409
16.8588
16.8756
16.891
16.905
16.9178
16.9297
16.9408
16.9514
16.9617
16.9719
16.9822
16.9926
17.0036
17.015
17.0273
17.04
17.0534
17.0664
17.0795
17.0905
17.1004
17.1053
17.1079
17.1014
17.0915
17.067
17.0383
16.9885
16.9318
16.8511
-6.18441
-6.10165
-5.68323
-5.16931
-4.5612
-3.89095
-3.21693
-2.53928
-1.80881
-0.958963
0.109091
1.48062
3.25439
5.58509
8.39067
11.6524
14.9892
16.9227
17.6613
16.9418
15.3238
13.4739
11.7825
10.4011
9.34277
8.57788
8.05681
7.73354
7.56764
7.52544
7.57961
7.70814
7.89342
8.12151
8.3814
8.66427
8.96395
9.27337
9.5912
9.91175
10.2328
10.5522
10.8682
11.1794
11.4844
11.782
12.0711
12.3508
12.6202
12.8786
13.1251
13.3596
13.5809
13.7895
13.9849
14.167
14.3359
14.4916
14.6344
14.7648
14.8831
14.9899
15.086
15.1717
15.2482
15.316
15.3759
15.4289
15.4757
15.517
15.5536
15.5863
15.6158
15.6427
15.6678
15.6918
15.715
15.7381
15.7616
15.7859
15.8112
15.8379
15.866
15.8956
15.9266
15.9587
15.992
16.0257
16.0596
16.0931
16.1257
16.1571
16.1868
16.2144
16.24
16.2634
16.2847
16.3042
16.3223
16.3394
16.3561
16.3728
16.3899
16.4081
16.4275
16.4483
16.4707
16.4946
16.5199
16.5462
16.5732
16.6005
16.6278
16.6544
16.6801
16.7044
16.727
16.7476
16.7661
16.7822
16.7959
16.8071
16.8159
16.8223
16.8263
16.8281
16.8279
16.8258
16.8221
16.8168
16.8104
16.803
16.795
16.7868
16.7785
16.7706
16.7636
16.7577
16.7534
16.7513
16.7516
16.7548
16.7612
16.7709
16.7837
16.7992
16.8169
16.8359
16.8553
16.8742
16.8921
16.9085
16.9233
16.9365
16.9484
16.9592
16.9692
16.9787
16.9879
16.9969
17.0061
17.0155
17.0255
17.036
17.0476
17.0598
17.0729
17.0859
17.0992
17.1105
17.121
17.1265
17.13
17.1239
17.1155
17.091
17.065
17.0142
16.9623
16.8787
-4.78772
-4.7677
-4.55985
-4.24249
-3.81138
-3.28081
-2.68468
-2.02554
-1.275
-0.383783
0.713682
2.07877
3.77809
5.93267
8.43519
11.2166
13.9988
15.4542
16.0596
15.5617
14.2675
12.7216
11.2735
10.0712
9.15158
8.48909
8.04758
7.7865
7.67001
7.6675
7.75385
7.90865
8.11554
8.36154
8.63627
8.93194
9.24141
9.56174
9.88616
10.2135
10.5404
10.8652
11.1861
11.5018
11.8109
12.1122
12.4047
12.6874
12.9593
13.2196
13.4679
13.7028
13.9249
14.1332
14.3276
14.5081
14.6746
14.8273
14.9665
15.0926
15.2061
15.3075
15.3976
15.4772
15.5468
15.6075
15.6602
15.7057
15.7448
15.7784
15.8072
15.8322
15.854
15.8733
15.891
15.9077
15.924
15.9404
15.9576
15.9759
15.9956
16.0171
16.0405
16.0658
16.0928
16.1217
16.1515
16.1822
16.2132
16.244
16.2741
16.3027
16.3296
16.3543
16.3767
16.3967
16.4145
16.4303
16.4446
16.4579
16.4709
16.484
16.4979
16.513
16.5297
16.5482
16.5687
16.591
16.615
16.6403
16.6666
16.6933
16.72
16.7461
16.7712
16.7949
16.8168
16.8365
16.8539
16.8688
16.881
16.8906
16.8976
16.902
16.904
16.9035
16.9009
16.8963
16.8899
16.8819
16.8726
16.8624
16.8514
16.8401
16.8289
16.818
16.808
16.7994
16.7925
16.7878
16.786
16.7874
16.7924
16.8011
16.8135
16.829
16.847
16.8664
16.8863
16.9055
16.9235
16.9396
16.9537
16.9661
16.9769
16.9867
16.9956
17.0039
17.0119
17.0198
17.0279
17.0362
17.0453
17.0551
17.0661
17.0779
17.091
17.1041
17.1179
17.1299
17.1414
17.1477
17.1525
17.147
17.1404
17.1158
17.0926
17.04
16.9932
16.904
-4.82827
-4.72119
-4.44663
-4.05157
-3.55376
-2.9749
-2.33677
-1.63787
-0.853344
0.0582074
1.14744
2.46609
4.04664
5.99476
8.20024
10.5317
12.8529
13.9667
14.4064
14.0403
13.0115
11.7522
10.5534
9.55736
8.796
8.26094
7.91985
7.73924
7.68747
7.73741
7.86639
8.05611
8.29166
8.5613
8.85579
9.16758
9.49195
9.82236
10.1578
10.4934
10.828
11.1595
11.4866
11.808
12.1222
12.4283
12.725
13.0114
13.2865
13.5496
13.7997
14.0366
14.2591
14.4675
14.6613
14.8405
15.0049
15.1549
15.2906
15.4126
15.5212
15.6174
15.7017
15.7747
15.8378
15.8916
15.937
15.9751
16.0066
16.0325
16.0537
16.071
16.0852
16.0971
16.1074
16.117
16.1264
16.1363
16.1473
16.1597
16.174
16.1905
16.2094
16.2306
16.2541
16.2794
16.3066
16.3347
16.3634
16.3919
16.4196
16.4459
16.4702
16.4921
16.5115
16.5282
16.5425
16.5546
16.5651
16.5746
16.5837
16.5932
16.6037
16.6158
16.6298
16.6461
16.6647
16.6855
16.7084
16.7329
16.7586
16.7849
16.8112
16.837
16.8617
16.8849
16.9062
16.9251
16.9416
16.9554
16.9663
16.9744
16.9797
16.9822
16.9821
16.9795
16.9745
16.9674
16.9583
16.9476
16.9354
16.9222
16.9082
16.8939
16.8795
16.8657
16.8527
16.8411
16.8314
16.8242
16.8201
16.8196
16.8231
16.8309
16.8428
16.8585
16.8769
16.897
16.9175
16.9373
16.9553
16.9711
16.9846
16.996
17.0057
17.0142
17.0219
17.029
17.0359
17.0426
17.0494
17.0566
17.0647
17.0737
17.0839
17.0953
17.1082
17.1217
17.136
17.1488
17.1615
17.1689
17.1753
17.1709
17.1666
17.1426
17.1234
17.0697
17.0304
16.9365
-3.7384
-3.65853
-3.48269
-3.20454
-2.83129
-2.37342
-1.83243
-1.20755
-0.478103
0.381647
1.40492
2.63204
4.06061
5.79147
7.71455
9.65034
11.609
12.4791
12.7284
12.4015
11.5727
10.5691
9.62082
8.83782
8.25815
7.86895
7.64725
7.56337
7.59051
7.70464
7.88628
8.11902
8.39016
8.68925
9.0081
9.34084
9.68146
10.0279
10.3744
10.7209
11.0651
11.4053
11.7404
12.0691
12.3901
12.7024
13.0049
13.2965
13.5763
13.8434
14.0971
14.3362
14.561
14.7706
14.9648
15.1436
15.3069
15.455
15.588
15.7066
15.8113
15.9027
15.9817
16.0493
16.1062
16.1534
16.1922
16.2233
16.2477
16.2664
16.2804
16.2904
16.2974
16.3022
16.3057
16.3085
16.3114
16.3151
16.3202
16.3273
16.3366
16.3486
16.3634
16.3811
16.4015
16.4245
16.4491
16.4752
16.5021
16.5288
16.5548
16.5792
16.6014
16.621
16.6376
16.6512
16.6621
16.6706
16.6773
16.6829
16.6882
16.6941
16.7011
16.7101
16.7215
16.7356
16.7525
16.772
16.7939
16.8178
16.843
16.869
16.8951
16.9206
16.945
16.9678
16.9885
17.0068
17.0222
17.0348
17.0444
17.051
17.0546
17.0552
17.0531
17.0484
17.0411
17.0315
17.0199
17.0065
16.9916
16.9755
16.9586
16.9412
16.9239
16.907
16.891
16.8765
16.864
16.8542
16.8477
16.8452
16.8473
16.8542
16.8659
16.8819
16.9011
16.9222
16.9436
16.964
16.9822
16.9978
17.0106
17.021
17.0295
17.0368
17.0434
17.0494
17.0551
17.0607
17.0665
17.0727
17.0799
17.0881
17.0978
17.1089
17.122
17.136
17.1513
17.1653
17.1794
17.1884
17.1968
17.1938
17.1922
17.1688
17.1541
17.0989
17.068
16.9672
-3.7567
-3.62912
-3.41068
-3.09796
-2.6951
-2.21184
-1.65518
-1.02311
-0.300768
0.526453
1.48755
2.60788
3.86567
5.37053
7.00164
8.55565
10.2078
10.8908
10.952
10.619
9.957
9.19799
8.50221
7.95392
7.57153
7.34974
7.26554
7.29506
7.41487
7.60529
7.84912
8.13343
8.44681
8.78096
9.12917
9.4858
9.84738
10.2087
10.5708
10.9299
11.2855
11.6362
11.9807
12.3182
12.6474
12.9673
13.2766
13.5746
13.86
14.1322
14.3898
14.6328
14.8599
15.0712
15.2663
15.445
15.6074
15.7537
15.8841
15.9993
16.0999
16.1866
16.2604
16.3219
16.3726
16.4134
16.4452
16.4693
16.4866
16.4981
16.5048
16.5076
16.5074
16.5052
16.5018
16.4979
16.4945
16.4922
16.4916
16.4934
16.498
16.5057
16.5167
16.5312
16.5489
16.5693
16.5923
16.6169
16.6424
16.6678
16.6924
16.7152
16.7356
16.7528
16.7668
16.7774
16.7848
16.7894
16.7921
16.7936
16.7949
16.7969
16.8004
16.8062
16.8148
16.8267
16.8419
16.8602
16.8813
16.9046
16.9296
16.9554
16.9814
17.0069
17.0311
17.0536
17.0739
17.0915
17.1061
17.1177
17.126
17.1312
17.1331
17.132
17.128
17.1211
17.1116
17.0997
17.0856
17.0695
17.0518
17.0328
17.0129
16.9925
16.9721
16.9521
16.933
16.9154
16.9
16.8873
16.8784
16.8738
16.8743
16.8804
16.8919
16.9083
16.9285
16.9509
16.9735
16.9947
17.0132
17.0284
17.0403
17.0495
17.0568
17.0628
17.0681
17.0729
17.0774
17.0819
17.0865
17.0917
17.0979
17.1051
17.1141
17.125
17.1383
17.1528
17.1691
17.1844
17.2003
17.211
17.2217
17.2204
17.222
17.1998
17.1906
17.1344
17.1142
17.006
-2.93581
-2.83573
-2.67432
-2.43232
-2.1134
-1.72318
-1.26222
-0.72594
-0.104162
0.612875
1.44213
2.40149
3.453
4.73128
6.06571
7.28139
8.68448
9.17119
9.04087
8.69533
8.1953
7.67769
7.24128
6.93082
6.76014
6.71611
6.78091
6.93325
7.15452
7.42772
7.74019
8.08015
8.43996
8.81229
9.19195
9.57438
9.9557
10.3368
10.7136
11.0868
11.4549
11.8169
12.1721
12.5193
12.8578
13.1862
13.5037
13.809
14.1012
14.3792
14.6423
14.8892
15.1201
15.334
15.5307
15.7102
15.8724
16.0176
16.1462
16.2586
16.3557
16.4383
16.5071
16.5636
16.6085
16.6431
16.6686
16.6861
16.6967
16.7013
16.7011
16.6971
16.6901
16.6812
16.6711
16.661
16.6513
16.6432
16.6372
16.634
16.6341
16.6379
16.6456
16.6573
16.6727
16.6918
16.7134
16.7372
16.762
16.7869
16.8108
16.8327
16.8517
16.8673
16.879
16.8867
16.8909
16.8919
16.8906
16.888
16.8852
16.8833
16.8832
16.8859
16.8919
16.9017
16.9154
16.9327
16.9532
16.9763
17.0013
17.0272
17.0533
17.0788
17.103
17.1252
17.145
17.1619
17.1756
17.186
17.193
17.1966
17.1969
17.194
17.1881
17.1792
17.1676
17.1534
17.137
17.1184
17.0982
17.0765
17.0538
17.0306
17.0074
16.9845
16.9626
16.9422
16.9239
16.9086
16.8971
16.8904
16.8894
16.8947
16.9062
16.9236
16.9452
16.9692
16.9933
17.0156
17.0346
17.0495
17.0606
17.0686
17.0745
17.0792
17.0834
17.0873
17.091
17.0945
17.0985
17.103
17.1082
17.1148
17.1236
17.1347
17.1485
17.1641
17.1819
17.1991
17.2173
17.2304
17.244
17.2452
17.2505
17.23
17.2271
17.1699
17.1622
17.0441
-2.92092
-2.79354
-2.6114
-2.36298
-2.0465
-1.66649
-1.2268
-0.727127
-0.158829
0.476671
1.19255
1.98354
2.82502
3.85546
4.79128
5.59832
6.71444
6.93374
6.65667
6.39103
6.12804
5.90908
5.77154
5.73649
5.80257
5.95995
6.19235
6.4838
6.8195
7.18758
7.57738
7.98199
8.39468
8.81109
9.22594
9.63685
10.0441
10.4448
10.8409
11.2305
11.6133
11.9894
12.3571
12.7166
13.0661
13.4054
13.7325
14.0472
14.3475
14.6331
14.9023
15.1552
15.3901
15.6074
15.8063
15.9869
16.1491
16.2934
16.4199
16.5295
16.6229
16.7009
16.7647
16.8152
16.8539
16.8821
16.9007
16.9112
16.9147
16.9122
16.9049
16.8937
16.8797
16.8639
16.8472
16.8305
16.8149
16.801
16.7898
16.7819
16.7778
16.7781
16.783
16.7925
16.8065
16.8243
16.8456
16.8692
16.894
16.9189
16.9426
16.9639
16.9818
16.9957
17.005
17.0097
17.0101
17.007
17.0013
16.994
16.9867
16.9804
16.9764
16.9756
16.9789
16.9866
16.9987
17.0151
17.0351
17.058
17.0831
17.1092
17.1355
17.1612
17.1854
17.2074
17.2268
17.2431
17.2561
17.2655
17.2714
17.2737
17.2726
17.2683
17.2608
17.2502
17.2368
17.2208
17.2023
17.1816
17.1589
17.1347
17.1093
17.0832
17.0569
17.031
17.0058
16.9822
16.9607
16.9423
16.928
16.919
16.9164
16.9208
16.9325
16.9507
16.974
16.9999
17.0258
17.0493
17.0685
17.083
17.0929
17.0995
17.1039
17.1072
17.1103
17.1132
17.1159
17.1185
17.1217
17.1251
17.1292
17.135
17.1433
17.1542
17.1684
17.1848
17.2039
17.223
17.2434
17.259
17.2755
17.2792
17.2884
17.2699
17.2737
17.2157
17.2226
17.0928
-2.32689
-2.22078
-2.08117
-1.88668
-1.63678
-1.33789
-0.993083
-0.600649
-0.155151
0.335792
0.876689
1.44947
2.05897
2.7915
3.27003
3.7385
4.55837
4.50061
4.19969
4.09203
4.08863
4.16569
4.31925
4.54652
4.84139
5.19185
5.5857
6.01077
6.45676
6.91543
7.37975
7.84529
8.30859
8.76426
9.2111
9.64946
10.0785
10.5002
10.9134
11.3185
11.7166
12.1055
12.487
12.8581
13.2201
13.5699
13.9082
14.232
14.5418
14.8349
15.1119
15.3701
15.6105
15.8315
16.0333
16.2155
16.3784
16.522
16.6472
16.7543
16.8443
16.9182
16.9771
17.0224
17.0554
17.0772
17.0896
17.0934
17.0903
17.0811
17.0671
17.0492
17.0286
17.0062
16.983
16.9603
16.9386
16.9191
16.9027
16.8899
16.8818
16.8785
16.8806
16.888
16.9004
16.9178
16.9388
16.9626
16.988
17.0135
17.0376
17.0589
17.0764
17.0891
17.0966
17.0987
17.0959
17.089
17.079
17.0674
17.0556
17.0452
17.0374
17.0335
17.0343
17.0402
17.0512
17.067
17.087
17.1102
17.1357
17.1624
17.1891
17.2151
17.2394
17.2613
17.2803
17.2959
17.3079
17.3161
17.3205
17.3212
17.3184
17.3122
17.3028
17.2904
17.2751
17.257
17.2363
17.2134
17.1884
17.1617
17.1339
17.1054
17.0767
17.0484
17.021
16.995
16.9712
16.9504
16.9339
16.923
16.9189
16.9226
16.9346
16.9542
16.9797
17.008
17.0362
17.0612
17.0811
17.0952
17.104
17.109
17.112
17.1141
17.1164
17.1187
17.1209
17.1236
17.1264
17.1293
17.1332
17.1391
17.1477
17.1595
17.175
17.1935
17.2151
17.2371
17.2608
17.28
17.3005
17.308
17.3222
17.3069
17.3187
17.2607
17.2847
17.1408
-2.28712
-2.17066
-2.0303
-1.84981
-1.62348
-1.35757
-1.05755
-0.724355
-0.357584
0.0323411
0.437823
0.823714
1.2403
1.69423
1.70546
1.70845
1.83
1.29195
0.982675
1.14154
1.54983
2.05867
2.60488
3.16458
3.73064
4.30128
4.87231
5.44096
6.00437
6.55869
7.10276
7.63386
8.15024
8.64924
9.13425
9.60428
10.0626
10.5089
10.9445
11.3716
11.7878
12.197
12.5945
12.9845
13.3611
13.7281
14.0795
14.4185
14.7397
15.0455
15.3314
15.5995
15.8467
16.074
16.2801
16.4656
16.63
16.7742
16.8983
17.0034
17.0903
17.1602
17.2142
17.2541
17.2809
17.2968
17.3023
17.2998
17.2895
17.2734
17.2523
17.2274
17.1998
17.1705
17.1408
17.1114
17.0837
17.0585
17.0368
17.0197
17.0076
17.0016
17.0016
17.008
17.0205
17.0383
17.0608
17.0866
17.1141
17.1416
17.1674
17.1899
17.2075
17.2195
17.2251
17.2242
17.2175
17.2058
17.1906
17.1734
17.1562
17.1405
17.1282
17.1205
17.1182
17.122
17.1318
17.147
17.1669
17.1905
17.2165
17.2437
17.271
17.2973
17.3217
17.3435
17.362
17.377
17.3881
17.3954
17.3988
17.3984
17.3946
17.3875
17.3773
17.3642
17.3482
17.3294
17.3079
17.2839
17.2578
17.2297
17.2003
17.1698
17.1388
17.108
17.0776
17.0484
17.021
16.9965
16.9764
16.9624
16.9561
16.9588
16.971
16.9922
17.0201
17.0513
17.082
17.1085
17.1287
17.1419
17.1491
17.1522
17.1535
17.1544
17.1558
17.1576
17.1597
17.1621
17.1642
17.1661
17.1693
17.1745
17.1828
17.1945
17.2104
17.2297
17.2528
17.2768
17.3031
17.3252
17.3489
17.3595
17.3781
17.3655
17.3848
17.3263
17.3685
17.2076
-1.90652
-1.80911
-1.69391
-1.54718
-1.36863
-1.16528
-0.940554
-0.693391
-0.431384
-0.172019
0.0733026
0.269586
0.472892
0.569528
0.233584
-0.111428
-0.688583
-1.59618
-1.91999
-1.54795
-0.803256
0.0792119
0.968877
1.82078
2.6296
3.39701
4.13137
4.83526
5.51188
6.16398
6.78544
7.38106
7.94735
8.49071
9.00924
9.5096
9.9919
10.4599
10.9165
11.3606
11.7975
12.222
12.6401
13.0447
13.4413
13.8221
14.1921
14.5436
14.8809
15.1974
15.4964
15.7731
16.0295
16.2632
16.4752
16.6642
16.8316
16.9767
17.101
17.2047
17.2893
17.3557
17.4055
17.4399
17.4613
17.4702
17.4695
17.4594
17.4423
17.4189
17.3907
17.3586
17.3239
17.2877
17.2511
17.2153
17.1812
17.1501
17.1232
17.1011
17.0852
17.0757
17.0735
17.0783
17.0902
17.1085
17.1318
17.1588
17.1879
17.2167
17.2436
17.2663
17.2836
17.294
17.2972
17.2928
17.2818
17.2652
17.2446
17.222
17.1995
17.1792
17.1628
17.152
17.1475
17.15
17.1593
17.1747
17.1953
17.2199
17.2469
17.2751
17.3032
17.3299
17.3545
17.376
17.3941
17.4082
17.4182
17.424
17.4257
17.4236
17.4178
17.4088
17.3966
17.3815
17.3634
17.3424
17.3187
17.2923
17.2635
17.2327
17.2003
17.167
17.1334
17.1001
17.0676
17.0364
17.0073
16.9815
16.9602
16.9454
16.9388
16.9418
16.9554
16.9788
17.0096
17.0439
17.0771
17.1053
17.1259
17.1383
17.1441
17.1455
17.1454
17.1453
17.1463
17.1483
17.1509
17.1534
17.1554
17.1578
17.1617
17.1681
17.178
17.1922
17.2112
17.2343
17.2617
17.2905
17.3217
17.349
17.3782
17.3943
17.4194
17.4123
17.4417
17.3856
17.4487
17.2671
-1.80802
-1.71893
-1.61516
-1.4958
-1.36065
-1.21185
-1.04904
-0.87432
-0.713284
-0.580127
-0.489625
-0.441845
-0.403672
-0.608877
-1.13789
-1.5374
-2.18819
-3.05261
-3.33436
-2.94843
-2.13758
-1.14108
-0.1026
0.911547
1.87256
2.7786
3.62728
4.42331
5.17124
5.8695
6.52508
7.13951
7.72248
8.27527
8.80641
9.31825
9.81491
10.2999
10.7727
11.2381
11.692
12.1394
12.5746
13.0017
13.4147
13.8167
14.2019
14.5725
14.9233
15.256
15.5667
15.8562
16.1224
16.3656
16.5848
16.7806
16.9526
17.1017
17.2282
17.3334
17.4181
17.484
17.5323
17.5653
17.5841
17.5913
17.588
17.5761
17.5567
17.5313
17.5005
17.4661
17.4284
17.3892
17.3491
17.3098
17.2723
17.238
17.208
17.1838
17.1661
17.1561
17.1541
17.1606
17.1752
17.1971
17.2253
17.2579
17.2927
17.3278
17.36
17.3879
17.4088
17.422
17.4259
17.4213
17.4083
17.3885
17.3638
17.3364
17.309
17.2838
17.2631
17.2486
17.2415
17.2421
17.2503
17.2654
17.286
17.3109
17.3383
17.3668
17.3949
17.4215
17.4456
17.4665
17.4835
17.4964
17.505
17.5094
17.5099
17.5068
17.5005
17.4915
17.4799
17.4658
17.4492
17.4301
17.4083
17.3839
17.3571
17.3282
17.2975
17.2659
17.2335
17.2009
17.1683
17.1361
17.1049
17.0759
17.0505
17.0311
17.0202
17.0202
17.0323
17.056
17.0886
17.1254
17.1609
17.1902
17.2105
17.2216
17.2252
17.2245
17.2228
17.2219
17.2227
17.2254
17.2288
17.2317
17.2341
17.237
17.2411
17.2478
17.258
17.2724
17.2917
17.3154
17.3435
17.3735
17.4064
17.4359
17.4676
17.4866
17.5157
17.5116
17.5481
17.4916
17.5728
17.3623
-1.47063
-1.40284
-1.33418
-1.26292
-1.18292
-1.09419
-1.00204
-0.927189
-0.888268
-0.886836
-0.925212
-1.00507
-1.16704
-1.607
-2.22146
-2.74639
-3.51642
-4.26225
-4.41986
-3.94618
-3.05774
-1.97809
-0.852477
0.235756
1.25772
2.20507
3.08332
3.9006
4.6695
5.39595
6.08792
6.74666
7.37767
7.97891
8.55531
9.10477
9.63291
10.1402
10.6311
11.1084
11.5737
12.0308
12.4772
12.9162
13.3424
13.7583
14.1576
14.5421
14.9062
15.2512
15.5727
15.8722
16.1464
16.3966
16.6211
16.8212
16.9964
17.1479
17.2761
17.3824
17.4679
17.5342
17.5826
17.6153
17.6333
17.6392
17.6336
17.619
17.5958
17.5657
17.5302
17.4898
17.4467
17.4015
17.356
17.3114
17.2691
17.2306
17.1972
17.1702
17.1509
17.1401
17.1386
17.1466
17.1636
17.1889
17.2211
17.2577
17.2967
17.3348
17.3697
17.3984
17.4192
17.4302
17.431
17.4215
17.4028
17.3768
17.3457
17.3125
17.2799
17.2507
17.2273
17.2115
17.2042
17.2058
17.2157
17.2329
17.2559
17.2829
17.3123
17.3421
17.371
17.3978
17.4216
17.4416
17.4575
17.4689
17.4761
17.479
17.4781
17.4737
17.4663
17.4563
17.4438
17.4291
17.4118
17.3918
17.369
17.3432
17.3146
17.2835
17.2502
17.2153
17.1794
17.143
17.1067
17.0714
17.0377
17.0071
16.9817
16.9639
16.9563
16.9609
16.9786
17.0077
17.045
17.0852
17.1222
17.1512
17.1702
17.1796
17.1819
17.1806
17.179
17.1788
17.1807
17.1844
17.1886
17.1922
17.1956
17.1999
17.206
17.2157
17.2301
17.25
17.2758
17.307
17.3431
17.3814
17.4222
17.4593
17.4982
17.5245
17.562
17.5662
17.6153
17.5657
17.6682
17.4398
-1.29897
-1.23939
-1.18571
-1.13706
-1.08482
-1.03823
-1.00669
-1.00743
-1.04349
-1.12331
-1.24315
-1.40784
-1.70129
-2.21003
-2.7852
-3.37817
-4.14412
-4.73295
-4.80182
-4.32678
-3.49388
-2.47311
-1.38934
-0.303283
0.758417
1.78895
2.77866
3.72293
4.60515
5.42341
6.16317
6.83493
7.43495
7.98334
8.486
8.96362
9.42616
9.88417
10.347
10.8122
11.2873
11.7598
12.2367
12.7017
13.162
13.6027
14.031
14.4349
14.8207
15.1796
15.5167
15.826
16.1114
16.3691
16.6025
16.8093
16.992
17.1497
17.2844
17.3957
17.4859
17.5549
17.6055
17.6382
17.6565
17.6609
17.6553
17.6401
17.6182
17.5903
17.5578
17.5215
17.4825
17.4414
17.3993
17.3574
17.3171
17.28
17.2477
17.2217
17.2035
17.1946
17.1957
17.2075
17.2298
17.2617
17.3017
17.3476
17.3964
17.4452
17.4905
17.5295
17.5596
17.5789
17.5866
17.5827
17.568
17.5445
17.5146
17.4812
17.4477
17.4168
17.3916
17.3735
17.3645
17.3642
17.3727
17.3886
17.4103
17.436
17.4636
17.4917
17.5185
17.5432
17.5647
17.5825
17.5959
17.6051
17.6099
17.6107
17.608
17.6024
17.5947
17.5854
17.5746
17.5624
17.5486
17.5327
17.5146
17.4939
17.4708
17.4454
17.4182
17.3897
17.3605
17.331
17.3016
17.2725
17.244
17.2168
17.1925
17.1731
17.1614
17.16
17.1711
17.1942
17.2267
17.2634
17.2977
17.3248
17.3419
17.3495
17.3499
17.3468
17.3438
17.3424
17.3435
17.3473
17.3519
17.3566
17.3612
17.3668
17.3742
17.3848
17.3998
17.4195
17.4445
17.4742
17.5083
17.5446
17.5837
17.6197
17.6577
17.6835
17.7218
17.7255
17.7774
17.7253
17.837
17.6019
-1.04753
-1.0108
-0.984782
-0.964703
-0.948942
-0.942387
-0.956554
-0.996395
-1.07199
-1.18205
-1.33045
-1.53701
-1.84646
-2.2467
-2.67856
-3.21882
-3.832
-4.26578
-4.2797
-3.84439
-3.03447
-1.98571
-0.825942
0.334092
1.41969
2.38787
3.22348
3.93546
4.54694
5.09042
5.59845
6.09949
6.61402
7.15236
7.71672
8.3004
8.89343
9.48372
10.0607
10.6184
11.1521
11.6643
12.1537
12.6261
13.0794
13.5178
13.9373
14.3393
14.7193
15.0777
15.4111
15.7198
16.0021
16.2587
16.4887
16.6931
16.8719
17.0263
17.1568
17.2652
17.3524
17.4211
17.4726
17.5099
17.5345
17.5487
17.5534
17.5498
17.5382
17.5184
17.4908
17.4554
17.4136
17.3664
17.3162
17.2652
17.2158
17.1704
17.131
17.0998
17.0784
17.0686
17.0712
17.087
17.1153
17.1551
17.204
17.2592
17.3169
17.3729
17.4237
17.4651
17.4947
17.5103
17.5112
17.4978
17.4717
17.4355
17.3927
17.3473
17.3034
17.2649
17.2347
17.2153
17.2072
17.2105
17.2238
17.2454
17.2728
17.3036
17.3357
17.3668
17.3958
17.4213
17.4426
17.4593
17.4712
17.4783
17.481
17.4799
17.4757
17.469
17.4609
17.4519
17.442
17.4309
17.4182
17.4034
17.3859
17.3655
17.3423
17.3163
17.2879
17.2572
17.2246
17.1902
17.1542
17.117
17.0796
17.0437
17.0125
16.99
16.9806
16.9876
17.0122
17.0511
17.0988
17.1475
17.1888
17.2181
17.2345
17.24
17.2391
17.2365
17.2359
17.2385
17.2437
17.2506
17.2574
17.2637
17.2695
17.2763
17.2854
17.2989
17.3185
17.3452
17.379
17.4192
17.4649
17.5132
17.564
17.6107
17.6581
17.6916
17.739
17.752
17.8166
17.7767
17.9043
17.689
-0.580878
-0.523325
-0.48263
-0.46055
-0.449487
-0.451441
-0.470738
-0.505989
-0.559399
-0.632563
-0.729103
-0.852276
-0.99879
-1.16312
-1.35879
-1.64338
-1.97249
-2.21583
-2.26876
-2.14006
-1.88256
-1.53901
-1.11011
-0.573267
0.103455
0.92977
1.89888
2.96381
4.07542
5.15878
6.16998
7.05857
7.81554
8.42983
8.91777
9.30012
9.6069
9.88081
10.1511
10.4575
10.8082
11.2179
11.6695
12.1559
12.6511
13.1441
13.6164
14.0631
14.4759
14.8554
15.1998
15.5121
15.793
16.046
16.273
16.4769
16.6598
16.8233
16.9689
17.097
17.2081
17.3019
17.3784
17.438
17.4808
17.5087
17.5217
17.5224
17.5112
17.4913
17.4637
17.4317
17.3966
17.3603
17.3241
17.2889
17.2558
17.2259
17.2008
17.1822
17.172
17.1722
17.184
17.2083
17.2451
17.2933
17.3508
17.4147
17.4815
17.547
17.6077
17.6599
17.7008
17.7287
17.7427
17.7434
17.732
17.7112
17.6842
17.6546
17.626
17.6014
17.5833
17.5733
17.5719
17.5788
17.5928
17.6123
17.6352
17.6596
17.684
17.7068
17.7272
17.7444
17.7581
17.7677
17.7733
17.7749
17.7731
17.7688
17.7629
17.7562
17.7493
17.7424
17.735
17.7266
17.7167
17.7048
17.6905
17.6737
17.6542
17.6324
17.6085
17.5828
17.5559
17.5286
17.5014
17.4749
17.4498
17.4274
17.4095
17.3987
17.3972
17.4065
17.4266
17.4557
17.4892
17.5213
17.547
17.5632
17.5691
17.5668
17.5599
17.5525
17.5475
17.5465
17.5483
17.5512
17.5542
17.5573
17.5608
17.5659
17.5735
17.5851
17.6017
17.6245
17.653
17.6867
17.7248
17.7652
17.8081
17.8472
17.8886
17.9156
17.9568
17.9624
18.0212
17.972
18.0969
17.8795
-0.572698
-0.525436
-0.499932
-0.490271
-0.483226
-0.482828
-0.491132
-0.505535
-0.52594
-0.552168
-0.583153
-0.620716
-0.661202
-0.6992
-0.716461
-0.720602
-0.696895
-0.630299
-0.468178
-0.188347
0.22252
0.73496
1.31374
1.91204
2.49256
3.02539
3.49425
3.89256
4.22866
4.51437
4.7766
5.03786
5.33355
5.68995
6.13801
6.69474
7.36451
8.13387
8.96754
9.82471
10.6538
11.4192
12.0907
12.6675
13.1558
13.5793
13.9531
14.2933
14.6047
14.8926
15.1569
15.3994
15.6201
15.8203
16.0007
16.1624
16.3064
16.434
16.5464
16.645
16.731
16.8069
16.8747
16.937
16.9939
17.0466
17.0956
17.1414
17.1827
17.2172
17.2416
17.2522
17.248
17.2284
17.1964
17.154
17.1069
17.0584
17.0135
16.9757
16.9485
16.936
16.9397
16.9621
17.0013
17.0567
17.1236
17.1983
17.2749
17.3478
17.4124
17.4631
17.4979
17.5129
17.5097
17.4877
17.4514
17.4032
17.3488
17.2928
17.2406
17.1967
17.1642
17.1457
17.1411
17.1503
17.1707
17.1996
17.2337
17.27
17.3056
17.3386
17.3674
17.3915
17.4105
17.4247
17.4338
17.4382
17.4379
17.4339
17.4271
17.419
17.4117
17.4059
17.4012
17.3966
17.3911
17.3836
17.3734
17.3603
17.3441
17.325
17.3031
17.2788
17.2522
17.2232
17.1914
17.1559
17.1167
17.0758
17.0373
17.0075
16.9934
17.0008
17.033
17.0879
17.1558
17.2232
17.2793
17.3173
17.3359
17.3393
17.335
17.3304
17.3303
17.3364
17.3471
17.3594
17.3707
17.3803
17.3883
17.3965
17.4067
17.4221
17.4438
17.4741
17.512
17.5571
17.6077
17.6618
17.7182
17.7697
17.8223
17.86
17.9104
17.9269
17.9988
17.9659
18.1074
17.922
0.47229
0.44846
0.421787
0.399196
0.379319
0.359207
0.339152
0.31884
0.300176
0.281783
0.268334
0.257564
0.257691
0.265331
0.293435
0.336571
0.413254
0.519567
0.674248
0.866284
1.10684
1.38433
1.71316
2.09049
2.52728
3.01494
3.5548
4.13519
4.74808
5.37349
5.99847
6.60577
7.18684
7.73193
8.2362
8.69492
9.10577
9.4716
9.79968
10.1107
10.4269
10.7854
11.2044
11.6997
12.2435
12.8108
13.3493
13.8405
14.2628
14.6295
14.9396
15.2107
15.4437
15.6523
15.8362
16.0047
16.1568
16.2984
16.4275
16.5475
16.6561
16.7559
16.8441
16.9235
16.991
17.0497
17.0956
17.1323
17.1557
17.1698
17.1707
17.1647
17.1515
17.1382
17.1252
17.1149
17.1071
17.0997
17.0963
17.0956
17.1067
17.1273
17.1662
17.2186
17.2886
17.371
17.4634
17.5609
17.6557
17.7449
17.8184
17.8766
17.9125
17.9304
17.9277
17.9104
17.8799
17.8418
17.8006
17.7613
17.7287
17.7055
17.695
17.6973
17.7126
17.7378
17.7698
17.8048
17.8401
17.8734
17.9034
17.9294
17.951
17.9679
17.9798
17.9862
17.9873
17.9837
17.977
17.9692
17.962
17.9569
17.9547
17.9539
17.9531
17.9514
17.9485
17.9434
17.9357
17.9245
17.9099
17.8921
17.8715
17.8486
17.8238
17.7975
17.7696
17.7404
17.71
17.6795
17.6514
17.6308
17.622
17.6296
17.6543
17.6939
17.7413
17.7869
17.8232
17.8451
17.8517
17.8455
17.8321
17.8178
17.8073
17.8025
17.8022
17.804
17.8059
17.8074
17.8084
17.81
17.8128
17.8197
17.8314
17.8507
17.8762
17.9086
17.9456
17.9857
18.0287
18.0676
18.1084
18.1348
18.1746
18.1777
18.2386
18.1889
18.32
18.1248
0.0231646
-0.0246991
-0.0706446
-0.107438
-0.133654
-0.149821
-0.156977
-0.152946
-0.13954
-0.11345
-0.0769425
-0.024469
0.0407006
0.126886
0.230106
0.361253
0.515073
0.705165
0.92572
1.18942
1.48719
1.82608
2.19352
2.59102
3.0086
3.44286
3.88322
4.3258
4.76882
5.21341
5.66105
6.11655
6.58403
7.07156
7.58317
8.12523
8.69742
9.29755
9.91731
10.5426
11.1574
11.7366
12.2645
12.7188
13.1046
13.431
13.7335
14.0243
14.3148
14.591
14.8506
15.0838
15.2957
15.4846
15.6565
15.8107
15.9527
16.0845
16.2099
16.3276
16.4386
16.5417
16.6387
16.7285
16.8128
16.8891
16.9583
17.0194
17.0751
17.1214
17.1563
17.1736
17.1735
17.1551
17.1215
17.0758
17.0235
16.9701
16.9179
16.8741
16.8403
16.826
16.832
16.8649
16.9222
17.0031
17.1013
17.2098
17.321
17.4268
17.5218
17.5991
17.6558
17.6876
17.6941
17.6757
17.6358
17.5792
17.5124
17.4432
17.3783
17.3234
17.2829
17.2596
17.2542
17.2655
17.291
17.327
17.3696
17.4139
17.4556
17.4928
17.5246
17.5511
17.5728
17.5901
17.6025
17.6091
17.61
17.6063
17.5999
17.5932
17.5877
17.5836
17.5808
17.5783
17.5753
17.5704
17.5629
17.5525
17.5393
17.5236
17.5057
17.486
17.4644
17.4406
17.4137
17.3835
17.3498
17.3145
17.2801
17.2521
17.2358
17.2383
17.2629
17.3088
17.3689
17.4319
17.4876
17.5276
17.5497
17.5558
17.5529
17.5477
17.5453
17.5481
17.5554
17.5653
17.5752
17.5843
17.5916
17.5995
17.6086
17.6227
17.6414
17.6684
17.7013
17.7414
17.7864
17.8352
17.8864
17.9336
17.9822
18.0167
18.0648
18.0788
18.1512
18.1208
18.2699
18.1116
1.20357
1.12433
1.05263
0.992965
0.936174
0.884739
0.84239
0.809723
0.788905
0.780742
0.78798
0.811106
0.853391
0.9151
0.999997
1.10815
1.24369
1.40645
1.60002
1.82361
2.07969
2.36516
2.6799
3.02333
3.39641
3.79669
4.22205
4.66874
5.13351
5.61312
6.1043
6.60438
7.1098
7.61847
8.12646
8.63203
9.13202
9.6263
10.1153
10.6032
11.0952
11.5975
12.1118
12.6318
13.1401
13.6085
14.0128
14.3448
14.6184
14.8513
15.0616
15.2544
15.4363
15.6062
15.7664
15.9142
16.0542
16.187
16.3143
16.4335
16.5453
16.6497
16.7477
16.8385
16.9223
16.9981
17.0657
17.1262
17.1821
17.2343
17.2817
17.3201
17.345
17.3533
17.3444
17.3195
17.283
17.2405
17.1985
17.1609
17.1349
17.1253
17.1384
17.1758
17.2383
17.3249
17.4344
17.5615
17.696
17.8268
17.9448
18.0418
18.112
18.1529
18.1661
18.1558
18.1267
18.0841
18.034
17.9819
17.9336
17.8935
17.8657
17.8539
17.86
17.8823
17.9162
17.9562
17.9979
18.0383
18.0759
18.1096
18.1387
18.1619
18.1785
18.1879
18.1909
18.1885
18.1836
18.1785
18.1748
18.1723
18.1707
18.1696
18.1691
18.1685
18.1673
18.1643
18.1587
18.1496
18.1369
18.1202
18.1005
18.0781
18.0545
18.0296
18.0035
17.9757
17.9451
17.9126
17.8793
17.8515
17.8331
17.8317
17.8494
17.886
17.9348
17.985
18.0281
18.0562
18.0681
18.0643
18.0512
18.0356
18.0228
18.0156
18.0126
18.0125
18.013
18.0141
18.0141
18.0145
18.0145
18.0186
18.0265
18.0428
18.0646
18.0938
18.1268
18.1635
18.203
18.2392
18.2775
18.3013
18.3396
18.3406
18.4018
18.3545
18.493
18.3206
0.429236
0.360641
0.295956
0.234149
0.18461
0.148098
0.12752
0.121806
0.135127
0.165599
0.218051
0.289443
0.385238
0.501492
0.644197
0.808713
1.00132
1.21729
1.4622
1.72978
2.02486
2.34375
2.68847
3.05185
3.43565
3.83459
4.24782
4.66926
5.10058
5.53824
5.98598
6.44205
6.91123
7.39316
7.89159
8.40598
8.93613
9.47943
10.0297
10.5807
11.1202
11.6425
12.1372
12.6065
13.0469
13.4663
13.8567
14.2174
14.5359
14.8168
15.0566
15.2682
15.4536
15.6252
15.7802
15.9245
16.0565
16.1805
16.2945
16.4013
16.5003
16.5936
16.6808
16.7622
16.8374
16.9084
16.9741
17.0326
17.0825
17.1262
17.1645
17.1984
17.2271
17.2482
17.258
17.2531
17.2315
17.1953
17.1493
17.1003
17.0546
17.0188
16.9999
17.0045
17.0371
17.1018
17.1977
17.3146
17.4383
17.5575
17.6641
17.7517
17.8168
17.8579
17.8755
17.8698
17.8424
17.797
17.7388
17.675
17.6122
17.5565
17.5129
17.4856
17.4768
17.4855
17.5082
17.5416
17.5816
17.6233
17.6624
17.6964
17.7254
17.7498
17.7707
17.7882
17.8017
17.8091
17.8102
17.8058
17.7987
17.7916
17.7862
17.7825
17.7798
17.7769
17.7732
17.7675
17.76
17.7501
17.7385
17.725
17.7104
17.6946
17.6774
17.6583
17.6361
17.6107
17.5816
17.5513
17.5204
17.4952
17.4781
17.4777
17.4951
17.5318
17.5822
17.6376
17.6897
17.7283
17.7518
17.7594
17.7579
17.753
17.7491
17.7499
17.7542
17.7618
17.7696
17.7774
17.7838
17.7914
17.7993
17.8122
17.8278
17.8514
17.8787
17.9135
17.9516
17.9941
18.0382
18.0791
18.1216
18.151
18.1945
18.2048
18.2736
18.2446
18.4031
18.2692
1.91334
1.79924
1.68582
1.59161
1.49977
1.41438
1.34096
1.28212
1.2404
1.2183
1.2179
1.24048
1.28751
1.35963
1.45798
1.58264
1.73463
1.91343
2.12015
2.35496
2.61898
2.91036
3.22721
3.56608
3.92452
4.3007
4.69259
5.0983
5.51705
5.9472
6.3896
6.84216
7.30647
7.78003
8.26388
8.75623
9.25671
9.76319
10.2731
10.7825
11.2866
11.7821
12.2649
12.7332
13.1821
13.6061
13.9976
14.3543
14.6762
14.9639
15.2223
15.4534
15.6632
15.8532
16.027
16.1849
16.3292
16.4593
16.5761
16.6804
16.7747
16.8606
16.9401
17.0126
17.0792
17.1433
17.2041
17.2584
17.3067
17.3518
17.3954
17.4386
17.4803
17.5168
17.5404
17.5453
17.5308
17.5014
17.4654
17.4314
17.406
17.3931
17.3956
17.4153
17.4562
17.5243
17.6197
17.7352
17.8624
17.991
18.1118
18.2156
18.297
18.3519
18.379
18.3792
18.3578
18.3207
18.2739
18.2223
18.1717
18.1274
18.0938
18.0748
18.0719
18.0835
18.1058
18.1354
18.1698
18.2068
18.244
18.2786
18.3087
18.3314
18.3478
18.3581
18.3623
18.3614
18.359
18.3562
18.3533
18.3496
18.3457
18.3421
18.3398
18.3383
18.337
18.3337
18.3273
18.3163
18.3013
18.2821
18.2601
18.2361
18.2117
18.1863
18.1599
18.1313
18.0992
18.065
18.0298
18.0012
17.981
17.9787
17.993
18.0267
18.0723
18.1203
18.1628
18.191
18.2055
18.2041
18.1939
18.1803
18.1682
18.1609
18.1563
18.155
18.1543
18.1548
18.1542
18.1541
18.1531
18.1569
18.1636
18.1796
18.1995
18.2275
18.2579
18.2926
18.329
18.3629
18.3987
18.4205
18.457
18.4579
18.5186
18.4769
18.6262
18.4841
0.802706
0.722846
0.645809
0.567506
0.497214
0.4409
0.399779
0.378158
0.376212
0.399
0.445496
0.520211
0.620761
0.750889
0.907043
1.09204
1.30118
1.53761
1.79886
2.08928
2.40389
2.74041
3.09243
3.45842
3.83392
4.21787
4.60619
4.99955
5.39503
5.79715
6.20452
6.6244
7.0566
7.5072
7.97601
8.46442
8.9697
9.48722
10.0108
10.5323
11.0458
11.5441
12.0252
12.4859
12.9282
13.3493
13.7492
14.1238
14.4729
14.796
15.0925
15.3631
15.6076
15.8256
16.0179
16.1869
16.3348
16.4638
16.5754
16.6719
16.7559
16.8309
16.8981
16.956
17.0079
17.0614
17.1154
17.1635
17.2023
17.2349
17.2653
17.2974
17.3332
17.3704
17.4011
17.4191
17.4227
17.4109
17.3868
17.3583
17.3325
17.3142
17.3063
17.3107
17.3347
17.385
17.4616
17.5574
17.6637
17.7706
17.8711
17.9554
18.0207
18.0624
18.0824
18.0817
18.0646
18.0325
17.9892
17.9406
17.8921
17.8486
17.8115
17.7846
17.7716
17.7732
17.787
17.8113
17.8437
17.8797
17.9131
17.9408
17.965
17.9845
18.0028
18.0188
18.0312
18.0368
18.0375
18.0336
18.0279
18.0222
18.0188
18.0169
18.0159
18.0137
18.0099
18.003
17.9943
17.9836
17.9724
17.9596
17.9461
17.9309
17.9149
17.8962
17.8748
17.8501
17.8222
17.7941
17.7651
17.7434
17.7271
17.7281
17.7414
17.7729
17.8143
17.8598
17.9039
17.9366
17.9583
17.9645
17.9636
17.9587
17.9535
17.9519
17.9523
17.9564
17.9608
17.9664
17.9705
17.9764
17.9818
17.9928
18.0049
18.0255
18.0476
18.0778
18.1095
18.1466
18.1845
18.2198
18.256
18.2803
18.3185
18.325
18.3884
18.3591
18.5258
18.419
2.3778
2.3001
2.18221
2.07812
1.97379
1.87273
1.78367
1.71105
1.65876
1.63036
1.62798
1.65305
1.7057
1.78635
1.89418
2.02914
2.18966
2.3781
2.59771
2.84972
3.12875
3.4309
3.75365
4.09293
4.44561
4.80847
5.18
5.55868
5.94449
6.33607
6.73576
7.14526
7.56858
8.00801
8.46587
8.94213
9.43542
9.94205
10.4563
10.9705
11.4771
11.9705
12.4463
12.902
13.3361
13.7479
14.1365
14.5008
14.84
15.1513
15.4349
15.6932
15.929
16.1444
16.341
16.5194
16.6799
16.8219
16.9449
17.049
17.1358
17.2081
17.2695
17.3228
17.3704
17.4147
17.4573
17.4969
17.5308
17.5609
17.592
17.6263
17.6637
17.7009
17.731
17.747
17.7446
17.7235
17.6934
17.6688
17.6586
17.6655
17.6856
17.7128
17.7506
17.8059
17.8811
17.9734
18.0777
18.1868
18.293
18.3851
18.4592
18.5086
18.5339
18.534
18.5137
18.4783
18.4357
18.3905
18.3481
18.3114
18.2804
18.2593
18.2511
18.2549
18.269
18.2919
18.321
18.3533
18.3857
18.4142
18.439
18.4585
18.4746
18.4857
18.4927
18.4937
18.4914
18.4856
18.4786
18.4716
18.4669
18.4633
18.4602
18.4557
18.4501
18.442
18.4323
18.4193
18.4035
18.384
18.3626
18.3386
18.3136
18.286
18.2568
18.2252
18.192
18.1597
18.1279
18.104
18.0856
18.0847
18.0953
18.1249
18.1631
18.2047
18.2438
18.2697
18.2861
18.2871
18.2813
18.2713
18.2615
18.2555
18.2503
18.2484
18.2468
18.2469
18.2463
18.2476
18.2479
18.2537
18.2607
18.2775
18.2965
18.3249
18.3546
18.3889
18.4229
18.4553
18.4898
18.5119
18.5476
18.5503
18.6105
18.5772
18.7389
18.6384
1.04163
1.01391
0.986251
0.940213
0.889244
0.840987
0.801243
0.775057
0.766921
0.780653
0.819458
0.886268
0.982787
1.11046
1.26906
1.458
1.67505
1.91818
2.18699
2.48217
2.80437
3.15023
3.51196
3.88278
4.25835
4.63492
5.00883
5.37808
5.74164
6.10057
6.45821
6.821
7.19755
7.59611
8.02211
8.47974
8.9646
9.47307
9.99588
10.524
11.049
11.5612
12.0566
12.5289
12.9795
13.4043
13.8067
14.1833
14.5376
14.8669
15.171
15.4523
15.7124
15.9524
16.1727
16.373
16.552
16.7084
16.8412
16.9508
17.0386
17.1079
17.1629
17.2105
17.2524
17.2907
17.3261
17.3586
17.3875
17.4161
17.4456
17.4784
17.5123
17.5455
17.5701
17.5802
17.5756
17.5643
17.5558
17.5569
17.5704
17.5947
17.6183
17.6359
17.6567
17.6933
17.7504
17.8271
17.9181
18.0125
18.1059
18.1818
18.2424
18.2772
18.294
18.2901
18.2755
18.251
18.2202
18.1852
18.1507
18.1168
18.0856
18.0623
18.0505
18.0502
18.0607
18.0797
18.1043
18.1323
18.1606
18.1848
18.2072
18.2247
18.2412
18.2533
18.2628
18.2646
18.2637
18.2587
18.2548
18.2527
18.2533
18.2535
18.253
18.2496
18.2447
18.2366
18.2277
18.2161
18.2038
18.1884
18.1726
18.1546
18.1367
18.1154
18.0928
18.067
18.0397
18.013
17.9855
17.9663
17.9499
17.9524
17.9623
17.9921
18.0279
18.0671
18.1044
18.129
18.1476
18.1511
18.1498
18.1432
18.1356
18.1316
18.1283
18.1293
18.1301
18.133
18.1348
18.139
18.1419
18.1509
18.1595
18.1779
18.1966
18.2248
18.2527
18.2868
18.3206
18.3529
18.3858
18.4077
18.4428
18.4479
18.5071
18.4805
18.6516
18.5809
2.43958
2.41064
2.33838
2.26962
2.20848
2.15071
2.09792
2.05342
2.02445
2.01411
2.0294
2.06929
2.13854
2.2329
2.35676
2.50541
2.68348
2.88736
3.12153
3.3845
3.6784
4.00024
4.34403
4.70184
5.06637
5.43091
5.79039
6.14352
6.49137
6.83344
7.1716
7.51536
7.877
8.26506
8.68727
9.14005
9.62231
10.1251
10.6414
11.1626
11.6779
12.1819
12.6653
13.1276
13.563
13.975
14.3601
14.723
15.0625
15.3777
15.667
15.9326
16.1771
16.4023
16.6093
16.7982
16.9684
17.1185
17.2475
17.3551
17.4426
17.5116
17.5655
17.6088
17.6466
17.6808
17.7114
17.7375
17.7611
17.7856
17.8134
17.845
17.8782
17.9083
17.9281
17.9346
17.9292
17.9154
17.901
17.8955
17.906
17.9301
17.9575
17.9853
18.0178
18.0622
18.1211
18.195
18.2793
18.3693
18.4592
18.5357
18.5982
18.6385
18.6601
18.6596
18.6431
18.612
18.5728
18.5325
18.496
18.4627
18.4359
18.4174
18.4093
18.4118
18.4244
18.4439
18.4681
18.4942
18.5197
18.5415
18.5634
18.581
18.5972
18.6081
18.6151
18.614
18.6108
18.6037
18.5971
18.591
18.5861
18.5789
18.5708
18.5612
18.5521
18.5415
18.5307
18.5168
18.5017
18.4833
18.4639
18.4403
18.4151
18.386
18.3564
18.3249
18.293
18.2629
18.2325
18.2114
18.1934
18.1956
18.2047
18.234
18.2679
18.3051
18.3401
18.362
18.3779
18.3777
18.3732
18.3645
18.3561
18.3518
18.347
18.3459
18.3443
18.3452
18.3451
18.3478
18.349
18.3568
18.3644
18.3833
18.4023
18.432
18.4613
18.4962
18.5296
18.5621
18.5959
18.6183
18.6528
18.6571
18.7154
18.6885
18.8553
18.7957
1.43513
1.43626
1.42932
1.39608
1.35154
1.30452
1.25966
1.22476
1.20523
1.20813
1.236
1.29412
1.38257
1.50488
1.65963
1.84851
2.06929
2.32276
2.6071
2.92081
3.26222
3.62823
4.01291
4.40854
4.80712
5.19997
5.57698
5.93048
6.25772
6.56094
6.85037
7.14434
7.45974
7.81047
8.20461
8.64482
9.12722
9.64246
10.1797
10.7256
11.2674
11.7943
12.2988
12.7764
13.2252
13.6455
14.0384
14.4071
14.7526
15.0743
15.3719
15.6474
15.9018
16.1357
16.3493
16.5429
16.7163
16.8691
17.001
17.1123
17.2042
17.2781
17.3374
17.3864
17.4298
17.4701
17.5083
17.5436
17.5758
17.6056
17.6335
17.6596
17.6841
17.7075
17.7272
17.7392
17.7404
17.7357
17.7349
17.7448
17.7659
17.7925
17.8197
17.8468
17.877
17.9173
17.9738
18.0493
18.1396
18.2359
18.3297
18.4069
18.4656
18.4988
18.5108
18.501
18.4793
18.4484
18.4128
18.3766
18.3425
18.3118
18.2872
18.2705
18.2635
18.267
18.2799
18.2993
18.3227
18.3484
18.3741
18.3969
18.4188
18.4351
18.4489
18.458
18.4636
18.4621
18.4593
18.4536
18.4486
18.4439
18.4409
18.4371
18.4329
18.4267
18.4197
18.4098
18.3989
18.3851
18.3703
18.3521
18.3325
18.3098
18.2868
18.2611
18.235
18.2067
18.1775
18.1497
18.1221
18.1044
18.0902
18.0954
18.1067
18.1362
18.1696
18.205
18.2378
18.2571
18.2713
18.2709
18.267
18.2588
18.2502
18.2455
18.2408
18.2404
18.2396
18.2413
18.242
18.2454
18.2475
18.2563
18.265
18.2845
18.3039
18.3333
18.3617
18.3959
18.4291
18.461
18.493
18.5142
18.5473
18.5524
18.6089
18.5861
18.7532
18.7213
2.48391
2.4356
2.37599
2.32122
2.2694
2.22001
2.17715
2.14646
2.13235
2.13836
2.1684
2.22578
2.31245
2.42939
2.57655
2.7538
2.9611
3.19867
3.4655
3.76066
4.08292
4.42941
4.79399
5.1678
5.54116
5.90381
6.24563
6.56028
6.84794
7.11524
7.37643
7.65066
7.9565
8.30843
8.7141
9.17291
9.67598
10.2119
10.7691
11.3326
11.8875
12.4221
12.9286
13.4027
13.8434
14.2521
14.6323
14.9882
15.3217
15.6317
15.9161
16.1745
16.4083
16.6197
16.8104
16.9817
17.1343
17.2684
17.3842
17.4824
17.5644
17.6319
17.6884
17.7379
17.7836
17.8275
17.8702
17.9103
17.9463
17.9784
18.0075
18.0349
18.0617
18.0881
18.1108
18.1232
18.124
18.1188
18.1132
18.11
18.1126
18.1226
18.1404
18.1649
18.1985
18.2473
18.3169
18.4067
18.5084
18.6108
18.7051
18.7805
18.8346
18.8636
18.8704
18.8565
18.829
18.7904
18.7447
18.6982
18.6552
18.6199
18.5933
18.5771
18.5726
18.58
18.5975
18.6215
18.6491
18.6779
18.705
18.7283
18.7496
18.7655
18.778
18.7855
18.7889
18.7859
18.7806
18.7723
18.7641
18.756
18.7487
18.7403
18.7313
18.721
18.7105
18.6981
18.6851
18.6696
18.6529
18.6333
18.6125
18.5883
18.5628
18.5338
18.5035
18.4709
18.4373
18.4054
18.3744
18.3533
18.3379
18.342
18.3549
18.3859
18.4215
18.4579
18.4894
18.5069
18.5171
18.5125
18.5039
18.4925
18.4824
18.4769
18.472
18.4709
18.4694
18.4699
18.4693
18.4711
18.472
18.4797
18.4881
18.5073
18.5273
18.557
18.5866
18.6215
18.6555
18.6879
18.7203
18.7413
18.7736
18.7784
18.8341
18.8148
18.9798
18.9575
20.7138
19.4632
18.6083
18.3779
18.1403
17.8096
17.5078
17.2378
16.957
16.6563
16.3392
15.9891
15.5957
15.1489
14.6451
14.0639
13.4177
12.6404
11.7661
10.6205
9.35802
7.55174
5.86119
3.33679
2.32024
19.5953
18.6829
18.0086
17.8025
17.5674
17.2485
16.9508
16.6763
16.3938
16.0957
15.7779
15.4234
15.0259
14.576
14.0704
13.4814
12.8211
12.0194
11.1196
9.94888
8.67495
6.86298
5.19229
2.68723
1.72637
19.3776
18.7192
18.1357
17.8801
17.6152
17.3068
17.0263
16.7595
16.4791
16.1812
15.861
15.5057
15.105
14.6411
14.1205
13.5204
12.8624
12.0665
11.1764
10.001
8.72824
6.89062
5.2378
2.7467
1.84758
18.5687
18.1065
17.6382
17.393
17.141
16.8518
16.579
16.3162
16.0421
15.7497
15.4288
15.0698
14.6703
14.2152
13.7082
13.1093
12.4389
11.6184
10.7172
9.53056
8.27134
6.4303
4.79278
2.26891
1.41141
18.5191
18.1349
17.7418
17.492
17.2354
16.9574
16.692
16.4304
16.1555
15.8637
15.545
15.1872
14.7823
14.3135
13.7975
13.2013
12.5478
11.7409
10.8498
9.65277
8.38555
6.51499
4.90139
2.38973
1.56034
18.0083
17.6669
17.3364
17.0935
16.8405
16.5721
16.3156
16.0607
15.7945
15.5089
15.1918
14.8359
14.4385
13.9822
13.4727
12.869
12.2003
11.3797
10.4956
9.2997
8.05245
6.16354
4.53051
1.98635
1.21039
17.935
17.6479
17.3746
17.1482
16.9132
16.6647
16.4193
16.1692
15.9069
15.621
15.3044
14.9435
14.5373
14.072
13.5624
12.9697
12.3195
11.5027
10.6199
9.40837
8.15584
6.25104
4.6505
2.09362
1.33404
17.551
17.3026
17.0556
16.8286
16.592
16.3503
16.1131
15.871
15.6182
15.3387
15.0325
14.6798
14.2823
13.8194
13.3035
12.6963
12.0395
11.221
10.3513
9.14089
7.89836
5.95646
4.32063
1.76211
1.0638
17.47
17.2611
17.0515
16.8485
16.6338
16.4104
16.1853
15.9508
15.7025
15.4232
15.1151
14.7561
14.355
13.8922
13.3851
12.7869
12.1377
11.3166
10.4475
9.22457
7.98977
6.03925
4.42489
1.82223
1.15593
17.2077
17.0188
16.8219
16.62
16.4088
16.1924
15.9756
15.7501
15.51
15.2382
14.9341
14.5757
14.1718
13.7007
13.1851
12.5793
11.9321
11.1127
10.2545
9.02687
7.79091
5.79535
4.15452
1.57514
0.989337
17.1297
16.9667
16.7961
16.6133
16.4195
16.218
16.0123
15.7948
15.5584
15.2882
14.9818
14.6217
14.219
13.7515
13.2421
12.639
11.9949
11.172
10.3172
9.08428
7.86631
5.85949
4.22233
1.58536
1.06959
16.9607
16.8084
16.647
16.4702
16.2831
16.0893
15.8911
15.6798
15.4465
15.1771
14.8674
14.5016
14.0918
13.616
13.1023
12.4952
11.8544
11.0317
10.1839
8.94447
7.72426
5.68466
4.04449
1.43369
1.00131
16.8919
16.7565
16.6111
16.4485
16.2751
16.0934
15.9045
15.6994
15.4687
15.199
14.8876
14.521
14.1127
13.6382
13.1272
12.5195
11.8801
11.0552
10.2142
8.97688
7.78052
5.73187
4.09247
1.43673
1.07609
16.7885
16.6623
16.5238
16.368
16.2015
16.0262
15.842
15.6383
15.4066
15.1325
14.8157
14.4424
14.028
13.5473
13.0332
12.4217
11.7837
10.9571
10.1222
8.88354
7.69751
5.64407
4.0255
1.38503
1.06464
16.7345
16.6205
16.491
16.3456
16.1888
16.0219
15.8434
15.6418
15.4099
15.1334
14.8146
14.4396
14.0248
13.5428
13.0283
12.4138
11.7762
10.9484
10.1233
8.89505
7.74228
5.69931
4.0957
1.42734
1.12088
16.6738
16.5696
16.4439
16.3047
16.1529
15.9897
15.8121
15.6085
15.3725
15.0904
14.7661
14.3851
13.9653
13.4776
12.9593
12.3395
11.7009
10.8711
10.0546
8.83694
7.71811
5.708
4.14335
1.47008
1.12305
16.637
16.5437
16.4217
16.2895
16.1433
15.9838
15.8073
15.6019
15.3629
15.0769
14.7494
14.3653
13.9428
13.4513
12.9297
12.3048
11.6651
10.8348
10.0316
8.83566
7.76924
5.80708
4.27898
1.57393
1.14567
16.606
16.5207
16.4001
16.2719
16.1276
15.9684
15.7894
15.5794
15.3348
15.043
14.71
14.3202
13.8925
13.3945
12.8671
12.235
11.592
10.7605
9.97089
8.80222
7.80105
5.91584
4.44103
1.69994
1.13183
16.5892
16.5099
16.3906
16.2657
16.1227
15.9629
15.7809
15.5663
15.3167
15.0197
14.6822
14.2877
13.8551
13.3509
12.8175
12.1783
11.5322
10.7013
9.92919
8.79715
7.87673
6.08738
4.66804
1.8663
1.11099
16.5803
16.5038
16.3847
16.2607
16.1165
15.9538
15.7669
15.5461
15.29
14.9867
14.6433
14.2426
13.8035
13.2912
12.7496
12.1008
11.4492
10.6176
9.86493
8.77862
7.95979
6.29528
4.94276
2.0607
1.065
16.5808
16.5052
16.386
16.262
16.1157
15.949
15.7563
15.5288
15.2661
14.9565
14.6072
14.2001
13.7542
13.2336
12.6834
12.0256
11.369
10.5394
9.80942
8.77527
8.06927
6.54872
5.26606
2.2773
0.996066
16.5865
16.5096
16.3896
16.2636
16.1137
15.9417
15.7426
15.5081
15.2384
14.9219
14.5658
14.1516
13.6975
13.1669
12.6058
11.9358
11.2708
10.4399
9.73368
8.76056
8.19164
6.84275
5.64381
2.52111
0.912752
16.5994
16.5202
16.3993
16.2707
16.1163
15.938
15.7309
15.4879
15.2099
14.8859
14.5225
14.1004
13.6377
13.097
12.5252
11.8447
11.1735
10.3469
9.66852
8.76073
8.33178
7.16553
6.0492
2.76615
0.794884
16.6142
16.5312
16.4085
16.2758
16.1161
15.9313
15.7173
15.4673
15.1822
14.8508
14.48
14.0498
13.5778
13.0255
12.4405
11.7453
11.0621
10.2313
9.57556
8.7349
8.46443
7.50653
6.50076
3.03505
0.677805
16.6357
16.5489
16.4247
16.2877
16.1223
15.9295
15.7057
15.4449
15.1495
14.809
14.4297
13.9905
13.5084
12.9445
12.3471
11.6402
10.9504
10.1267
9.50393
8.736
8.62001
7.8662
6.96022
3.28095
0.512221
16.6559
16.5644
16.4373
16.2948
16.1233
15.9233
15.6927
15.4259
15.1246
14.7775
14.3904
13.943
13.4512
12.8756
12.2642
11.5422
10.8379
10.0058
9.39572
8.68219
8.71218
8.17371
7.41552
3.53822
0.373141
16.6822
16.588
16.4588
16.3116
16.134
15.9252
15.6838
15.4044
15.0901
14.7316
14.3352
13.8784
13.3761
12.788
12.1634
11.4289
10.7174
9.89288
9.31744
8.67287
8.84766
8.50975
7.88912
3.76271
0.164238
16.7031
16.6086
16.4743
16.3216
16.1388
15.9245
15.6786
15.3965
15.0814
14.7215
14.3203
13.8575
13.3469
12.7499
12.1142
11.3699
10.6464
9.81099
9.22441
8.57888
8.79523
8.57197
8.10668
3.88551
0.0368868
16.7279
16.6353
16.5033
16.3514
16.1711
15.9581
15.7122
15.4271
15.1057
14.7389
14.3313
13.8613
13.3426
12.7368
12.0922
11.3393
10.6065
9.76043
9.15333
8.43548
8.5264
8.24986
7.97385
3.92744
0.0259363
16.7536
16.6555
16.5238
16.3676
16.1848
15.9691
15.7218
15.4362
15.1141
14.7452
14.3323
13.8559
13.3279
12.7123
12.0552
11.2914
10.5434
9.68083
9.05265
8.30129
8.2989
7.93407
7.78459
3.87506
-0.0177629
16.7903
16.6855
16.5583
16.4009
16.2191
16.003
15.7545
15.466
15.1395
14.7655
14.3466
13.8627
13.3256
12.6994
12.0309
11.2552
10.4915
9.60907
8.94604
8.13566
8.01419
7.51729
7.50886
3.79333
0.0372267
16.8249
16.7102
16.5858
16.4242
16.2409
16.0227
15.773
15.4839
15.1562
14.7796
14.356
13.8659
13.3198
12.6838
12.0031
11.2163
10.4365
9.53609
8.84231
7.99368
7.78704
7.11549
7.17413
3.63187
0.130281
16.8704
16.7457
16.6264
16.4621
16.2789
16.0596
15.8084
15.5169
15.186
14.8055
14.3765
13.8794
13.324
12.6772
11.9846
11.1859
10.3897
9.46964
8.74167
7.84892
7.58792
6.74201
6.77764
3.44182
0.340373
16.9164
16.7783
16.6639
16.4954
16.3114
16.0905
15.8385
15.5466
15.2145
14.832
14.399
13.8959
13.3317
12.6747
11.9703
11.1609
10.3488
9.41045
8.65149
7.7231
7.44309
6.469
6.34545
3.20803
0.646445
16.9759
16.8217
16.7144
16.5423
16.3579
16.1358
15.8825
15.589
15.255
14.8696
14.432
13.922
13.3482
12.6801
11.9638
11.1431
10.3153
9.35792
8.56478
7.60376
7.31914
6.30467
5.91501
2.9385
1.07135
17.0398
16.8638
16.7649
16.5889
16.4042
16.1817
15.9282
15.6349
15.3005
14.914
14.4728
13.9565
13.373
12.6938
11.9659
11.1341
10.2911
9.3153
8.48375
7.49587
7.20709
6.21897
5.5707
2.59554
1.56023
17.1233
16.9195
16.8313
16.6516
16.4664
16.2432
15.9889
15.6953
15.3602
14.9718
14.5263
14.0022
13.4075
12.7161
11.9763
11.1329
10.2749
9.28138
8.40421
7.38633
7.10497
6.15247
5.35973
2.13204
2.05312
17.2138
16.9722
16.897
16.7144
16.5296
16.308
16.0552
15.7636
15.4301
15.0416
14.5926
14.0607
13.4542
12.75
11.9984
11.1422
10.2688
9.25846
8.33507
7.2769
7.01626
6.0973
5.28652
1.58445
2.44919
17.3372
17.0469
16.9879
16.8024
16.6171
16.3962
16.1436
15.8532
15.5206
15.1309
14.6768
14.1345
13.5139
12.7952
12.032
11.1627
10.2733
9.24622
8.27506
7.17114
6.93973
6.06023
5.28113
1.05268
2.72209
17.464
17.1089
17.0696
16.882
16.6978
16.4813
16.2337
15.9493
15.6224
15.2352
14.7782
14.2261
13.5907
12.8569
12.0819
11.1973
10.2912
9.24725
8.22729
7.07779
6.88195
6.05251
5.30513
0.587552
2.87498
17.6407
17.2147
17.1969
17.0064
16.822
16.6081
16.3634
16.0826
15.7583
15.37
14.9063
14.3404
13.6873
12.9365
12.1513
11.254
10.3323
9.27263
8.20115
6.99746
6.83832
6.07338
5.34695
0.176001
2.95333
17.7766
17.2901
17.2893
17.0957
16.9129
16.7058
16.4712
16.2026
15.8913
15.5112
15.0484
14.4731
13.8046
13.0378
12.2426
11.33
10.3941
9.32087
8.19911
6.94105
6.8235
6.12816
5.39627
-0.227942
2.97839
17.962
17.4487
17.4526
17.2526
17.0706
16.8661
16.6354
16.371
16.0609
15.6784
15.209
14.6211
13.9382
13.1572
12.3582
11.4398
10.4912
9.402
8.22799
6.91502
6.83267
6.20386
5.46539
-0.605061
3.00004
18.0366
17.5229
17.5253
17.3152
17.131
16.9272
16.7014
16.4446
16.15
15.7834
15.3292
14.7477
14.0654
13.2779
12.4725
11.5438
10.5892
9.48611
8.27114
6.91417
6.85365
6.27678
5.53038
-0.93956
3.02127
18.207
17.6985
17.6904
17.4766
17.2909
17.085
16.8583
16.6
16.2998
15.9271
15.4681
14.8828
14.1987
13.4056
12.603
11.6752
10.7127
9.59426
8.33696
6.94811
6.89174
6.36023
5.63464
-1.16309
3.07725
18.2326
17.7381
17.7219
17.4982
17.3082
17.0989
16.8712
16.6148
16.328
15.9731
15.5403
14.9759
14.3095
13.5197
12.711
11.7776
10.8172
9.68441
8.3955
6.98275
6.92789
6.42548
5.69597
-1.35927
3.13951
18.4111
17.917
17.8859
17.6649
17.4738
17.2635
17.0324
16.77
16.4699
16.1024
15.6589
15.093
14.433
13.6463
12.8491
11.9229
10.9558
9.80929
8.48397
7.06084
7.00436
6.53183
5.86124
-1.40467
3.25124
18.4034
17.914
17.8737
17.645
17.4481
17.2345
17.0001
16.7366
16.4459
16.0911
15.6755
15.1371
14.5079
13.7337
12.9332
12.0086
11.0494
9.88682
8.53422
7.10548
7.04114
6.55903
5.89041
-1.5055
3.34736
18.6014
18.0923
18.0406
17.8189
17.6216
17.4103
17.1733
16.9031
16.5983
16.2272
15.7915
15.2424
14.6143
13.8456
13.0651
12.1583
11.2016
10.0269
8.64652
7.22337
7.17213
6.69918
6.11724
-1.41042
3.51337
18.5847
18.0579
17.9987
17.7726
17.5663
17.3519
17.1135
16.8425
16.5431
16.1785
15.7632
15.2363
14.6382
13.8873
13.1101
12.2118
11.2663
10.0732
8.66463
7.2476
7.17805
6.67458
6.07672
-1.47827
3.61353
18.8103
18.2424
18.1777
17.9622
17.7581
17.5477
17.3087
17.0349
16.7277
16.3494
15.9138
15.3653
14.7498
13.9872
13.2204
12.3489
11.4271
10.2305
8.8164
7.41834
7.38582
6.87972
6.35765
-1.28921
3.83178
18.8104
18.1985
18.1232
17.9091
17.6929
17.4783
17.2383
16.9632
16.6576
16.2818
15.8539
15.3158
14.7207
13.9791
13.2263
12.3644
11.4484
10.231
8.7865
7.40559
7.33332
6.79527
6.26622
-1.33602
3.9003
19.0738
18.4071
18.3308
18.1316
17.9215
17.7127
17.4726
17.1954
16.8874
16.5054
16.0656
15.5059
14.888
14.1157
13.3363
12.4828
11.6018
10.4034
8.99391
7.6534
7.62565
7.07736
6.58059
-1.06426
4.19934
19.1026
18.3593
18.2727
18.0773
17.8546
17.6397
17.3969
17.1159
16.8021
16.4154
15.9763
15.412
14.7936
14.0364
13.2901
12.4603
11.5777
10.3607
8.92429
7.60141
7.5165
6.92473
6.47559
-1.05836
4.21965
19.4066
18.6127
18.5325
18.3533
18.1373
17.9288
17.6867
17.403
17.0858
16.6896
16.242
15.6662
15.0314
14.254
13.4572
12.5827
11.7104
10.5331
9.17182
7.93578
7.89008
7.29377
6.80147
-0.70781
4.64402
19.4291
18.5623
18.4778
18.3029
18.0789
17.8652
17.619
17.3285
17.0012
16.593
16.1295
15.5364
14.8845
14.0851
13.2893
12.4461
11.6083
10.4521
9.10435
7.90036
7.81549
7.10674
6.60932
-0.664441
4.68179
19.7808
18.8821
18.805
18.6423
18.4224
18.211
17.9633
17.6675
17.3303
16.9104
16.432
15.8249
15.1625
14.3482
13.531
12.654
11.7877
10.6431
9.39598
8.32571
8.27434
7.54351
7.01368
-0.177779
5.28246
)
;

boundaryField
{
    inlet
    {
        type            zeroGradient;
    }
    outlet
    {
        type            fixedValue;
        value           uniform 0;
    }
    upperWall
    {
        type            zeroGradient;
    }
    lowerWall
    {
        type            zeroGradient;
    }
    frontAndBack
    {
        type            empty;
    }
}


// ************************************************************************* //
